1000 2 10 333
1
11
12
14
18
19
20
21
22
23
25
27
36
41
43
44
50
54
56
61
64
66
67
69
70
73
74
76
81
83
85
92
95
97
99
115
117
125
126
127
128
137
140
145
148
150
153
156
158
161
165
166
168
169
173
178
179
180
184
187
191
192
195
197
198
201
202
204
205
209
212
213
214
215
218
223
226
227
228
231
232
240
242
243
248
249
250
251
253
260
262
264
269
272
274
275
279
285
288
290
297
300
301
307
308
311
313
315
317
319
323
329
341
342
347
351
352
353
354
361
363
364
368
370
371
375
376
377
384
388
389
391
398
399
400
414
420
421
424
425
427
428
431
434
438
439
445
452
455
459
462
464
466
468
470
471
474
482
489
491
492
493
496
499
502
503
507
510
512
513
514
515
518
519
523
526
529
530
531
533
534
539
542
546
547
548
560
563
567
573
578
579
581
582
583
584
586
587
590
592
594
602
603
612
615
620
624
625
627
629
634
639
646
647
648
649
650
657
663
666
668
670
671
673
674
679
683
686
694
696
697
700
703
705
709
713
717
725
726
728
732
734
735
737
739
744
748
757
759
761
763
769
771
777
779
781
784
785
786
791
792
795
796
798
801
802
803
804
810
814
819
820
822
823
826
828
832
837
838
840
844
847
848
849
854
857
858
861
862
863
867
870
871
874
876
877
880
885
888
889
890
891
893
894
905
906
907
910
913
915
920
926
933
934
936
937
938
940
946
948
949
953
954
960
966
967
973
977
978
983
984
991
994
