10000 1000 10 333
56
112
142
157
258
264
369
456
487
489
490
564
614
644
662
742
743
789
796
868
880
904
909
937
944
1025
1030
1050
1059
1075
1087
1106
1201
1223
1230
1251
1254
1264
1275
1283
1303
1345
1346
1412
1500
1547
1571
1580
1589
1606
1608
1673
1736
1874
1881
1886
1893
1899
1900
1965
1972
2006
2094
2114
2117
2151
2180
2239
2242
2264
2424
2478
2502
2512
2555
2626
2635
2647
2684
2694
2707
2731
2735
2786
2803
2846
2848
2868
2936
2983
3008
3014
3029
3048
3057
3089
3097
3177
3179
3205
3246
3251
3268
3270
3297
3312
3321
3339
3443
3457
3516
3521
3571
3637
3719
3728
3839
3842
3857
3884
3894
3911
3924
3947
3950
3980
4032
4153
4177
4227
4233
4239
4246
4274
4278
4293
4304
4345
4380
4400
4471
4506
4524
4525
4527
4564
4570
4577
4659
4675
4685
4735
4750
4765
4821
4831
4956
5000
5028
5115
5124
5132
5189
5245
5266
5280
5374
5376
5392
5407
5411
5434
5443
5445
5469
5519
5533
5552
5563
5568
5648
5761
5778
5785
5840
5841
5951
5963
5976
6047
6051
6054
6081
6120
6131
6138
6155
6157
6267
6287
6320
6325
6392
6405
6408
6458
6464
6482
6484
6537
6544
6619
6652
6672
6737
6769
6782
6785
6896
6945
6946
6953
6980
7039
7051
7059
7082
7124
7153
7155
7160
7171
7194
7210
7296
7301
7315
7329
7332
7335
7409
7494
7497
7510
7545
7605
7613
7615
7617
7633
7665
7693
7714
7725
7730
7739
7752
7766
7788
7796
7801
7834
7842
7858
7937
7972
7975
8059
8137
8154
8159
8228
8297
8303
8330
8350
8360
8379
8433
8479
8483
8529
8542
8543
8602
8612
8670
8684
8688
8690
8700
8740
8765
8776
8793
8818
8852
8898
8939
8988
8998
9004
9005
9019
9030
9077
9104
9123
9128
9132
9253
9268
9291
9314
9361
9383
9396
9409
9417
9446
9496
9507
9515
9537
9545
9629
9641
9655
9691
9759
9785
9848
9951
