10000 5112 10 333
100
109
114
153
179
217
259
308
335
427
605
613
654
690
693
718
748
756
792
802
803
834
902
939
993
1001
1067
1109
1130
1138
1140
1178
1185
1201
1220
1230
1256
1268
1302
1315
1318
1383
1385
1418
1437
1440
1490
1505
1524
1528
1588
1639
1716
1816
1895
1902
1969
1970
1998
2018
2019
2114
2125
2169
2192
2247
2261
2338
2377
2434
2512
2532
2556
2557
2597
2605
2618
2634
2641
2652
2701
2702
2716
2763
2804
2851
2966
2984
3020
3026
3088
3114
3189
3266
3319
3329
3330
3365
3395
3406
3429
3507
3644
3715
3721
3727
3752
3754
3760
3764
3784
3795
3797
3847
3850
3858
3867
3880
3887
3888
3890
3969
3985
4017
4036
4046
4052
4069
4102
4134
4150
4205
4208
4209
4216
4230
4235
4259
4306
4341
4347
4435
4440
4459
4476
4517
4546
4560
4575
4591
4639
4674
4705
4743
4760
4783
4795
4854
4879
4884
4902
4907
4939
4941
4978
4988
5052
5111
5217
5298
5308
5325
5353
5370
5389
5444
5449
5458
5460
5463
5523
5533
5549
5572
5573
5599
5603
5718
5725
5758
5772
5789
5797
5806
5825
5882
5919
5921
5953
6026
6089
6091
6094
6163
6179
6209
6225
6229
6256
6281
6317
6338
6370
6374
6437
6441
6470
6473
6484
6496
6530
6532
6537
6539
6557
6578
6596
6630
6631
6638
6642
6650
6686
6736
6756
6770
6847
6880
6928
6942
6955
6967
6981
7012
7013
7050
7056
7084
7119
7144
7148
7158
7179
7186
7307
7396
7481
7502
7520
7548
7565
7574
7593
7607
7676
7736
7738
7767
7796
7815
7817
7861
7900
7960
7961
7969
8015
8176
8197
8242
8246
8297
8307
8398
8447
8454
8468
8471
8479
8523
8605
8606
8612
8626
8648
8678
8692
8727
8775
8860
8863
9037
9051
9085
9132
9168
9193
9197
9296
9373
9377
9470
9495
9536
9548
9595
9609
9614
9625
9635
9652
9686
9688
9718
9723
9764
9782
9796
9799
9849
9921
9940
9945
