10000000 654321 10 1000
6994
17949
18560
22403
41203
52063
53122
54283
60440
74643
76906
89564
112801
126774
132985
138499
141721
147238
148151
162195
182328
196952
197300
228573
229302
254747
260542
266140
268993
272972
281824
284863
286848
287601
299086
324301
324347
364128
380064
380224
383010
399742
414242
423457
429340
435841
437191
457330
460959
464322
469806
474008
474653
498628
508418
509776
532278
535867
548754
548822
559934
574327
582716
592736
596310
621704
623077
625196
633168
649336
677751
680795
688072
709430
711510
718877
728015
728294
742615
749432
769361
777380
788626
793581
794450
799031
804565
809275
812182
822589
843173
843269
857614
876345
877536
892676
893032
900080
901219
916364
925905
954498
955558
958366
959169
962014
963658
972845
990960
996567
998260
1018647
1024597
1035755
1043591
1048055
1054041
1054361
1054455
1074952
1110356
1111356
1114025
1122921
1131793
1145317
1151791
1152112
1158157
1158508
1159687
1167829
1169240
1175466
1212510
1216605
1223940
1225203
1234370
1258365
1263758
1265392
1274217
1296390
1299166
1319137
1325699
1333406
1340687
1342443
1350505
1353042
1353762
1379147
1388374
1402046
1402801
1405501
1408294
1422510
1424156
1429123
1433682
1435037
1435105
1443565
1444760
1454741
1455241
1460584
1476516
1491144
1495262
1498282
1517258
1523787
1525881
1528153
1534794
1545332
1548774
1576921
1578676
1584964
1586087
1593764
1605741
1652073
1656290
1657522
1668507
1678622
1731027
1744632
1745116
1753794
1762766
1763012
1779685
1783032
1792512
1797308
1799211
1801194
1817972
1830167
1847610
1852533
1874687
1882467
1887252
1887368
1895129
1916629
1933706
1938466
1942594
1962426
1963784
1967334
1994413
2004004
2004943
2018821
2022995
2040179
2044852
2045486
2067375
2082676
2084558
2089534
2094767
2119852
2127197
2142505
2149767
2151239
2160827
2161239
2164612
2180487
2181846
2195389
2199417
2217356
2224490
2237490
2247228
2257390
2261475
2276116
2281736
2282325
2287172
2293941
2294957
2295618
2310606
2326730
2332681
2334777
2343563
2365678
2366385
2369548
2370114
2377453
2379984
2381065
2381992
2396225
2398031
2416568
2418216
2418514
2420256
2424384
2454895
2460141
2489814
2493290
2500923
2506337
2526654
2552710
2552830
2559363
2560135
2561971
2575534
2582530
2587380
2588142
2589489
2589675
2610885
2618796
2629987
2631221
2633072
2656850
2660583
2670999
2676353
2680141
2683223
2701533
2707645
2711758
2711821
2723180
2746606
2752250
2759831
2768530
2778831
2783097
2797977
2798590
2810041
2812336
2836565
2840621
2857558
2915587
2917335
2925108
2925324
2942647
2951275
3011414
3014920
3019069
3044268
3061018
3067369
3085046
3089396
3091213
3107052
3118254
3122674
3126580
3149553
3158594
3164009
3164957
3192124
3201467
3201959
3219070
3237959
3240088
3248836
3262181
3272783
3273983
3302233
3316648
3316987
3321150
3337338
3362750
3381118
3390356
3392488
3395355
3396814
3432899
3449945
3450160
3460629
3473977
3482575
3492554
3542836
3560873
3561018
3575466
3585945
3600587
3639604
3644238
3645250
3645467
3649088
3657205
3682459
3692356
3694458
3694468
3697743
3706219
3713674
3729441
3751389
3762945
3774515
3782245
3782610
3783008
3792499
3794645
3815647
3816853
3819696
3844588
3846652
3848566
3854325
3855694
3882072
3888794
3896619
3903889
3927198
3942471
3943698
3953927
3958492
3994720
3995671
4006406
4014893
4032352
4040853
4050519
4056119
4066354
4073342
4073661
4097996
4114329
4128844
4137021
4141979
4143851
4144550
4154570
4158391
4173411
4185566
4194511
4196382
4199746
4204141
4211350
4228406
4230583
4232705
4235814
4241720
4255243
4276062
4277642
4286233
4293878
4300746
4306385
4307719
4313473
4324651
4328110
4346847
4348361
4356034
4358016
4383811
4384801
4412847
4414868
4423195
4431946
4439285
4447232
4490929
4498197
4530701
4531512
4534330
4534684
4565439
4572594
4589888
4638251
4647451
4655041
4658817
4673590
4687419
4705143
4714537
4717016
4740109
4752139
4773069
4799979
4811842
4814606
4838749
4844644
4846259
4846815
4864606
4867657
4874480
4880316
4888627
4933786
4935318
4956071
4967462
4970159
4972716
4987782
4991963
5012570
5013949
5018595
5031974
5037754
5047948
5058986
5061277
5093004
5094243
5095909
5096295
5106645
5134497
5143512
5146476
5149539
5167488
5184587
5188560
5189221
5195496
5197755
5207195
5219291
5234948
5237742
5260667
5263694
5279444
5291439
5304733
5312959
5331385
5345762
5347221
5352018
5383622
5392739
5395263
5396514
5430386
5432261
5448204
5455579
5488741
5489064
5516047
5522145
5527464
5530283
5532681
5536565
5537943
5541041
5547737
5549566
5556553
5556739
5568518
5582383
5585204
5586847
5599489
5610261
5632013
5650840
5662247
5666885
5670530
5682503
5684357
5686135
5758604
5783209
5790084
5797042
5798804
5842381
5853736
5879503
5884380
5894344
5934051
5948340
5972001
5979797
5982894
5984854
6028519
6039425
6056476
6069725
6071847
6123708
6140579
6152730
6155229
6158311
6168016
6177839
6181484
6190630
6192780
6195818
6201142
6215711
6235158
6245756
6260587
6265717
6267671
6276023
6281263
6294445
6295023
6307564
6307932
6312912
6317185
6321019
6330238
6332873
6353652
6402751
6404986
6443255
6447867
6450027
6457216
6463308
6470743
6473756
6501812
6504438
6509592
6519365
6542665
6570516
6570741
6576863
6582160
6591841
6618949
6631701
6661488
6693264
6707466
6711069
6725545
6734518
6741153
6746669
6753243
6757432
6759669
6765162
6768218
6779004
6813073
6814238
6816713
6834294
6864571
6885648
6891829
6898819
6921375
6924234
6925268
6946466
6947205
6950318
6959765
6972984
6973389
6990255
6991005
6998601
6999740
7024993
7028421
7040237
7047466
7052625
7078736
7100021
7113627
7121154
7128370
7144588
7156755
7158435
7158441
7169384
7217344
7239297
7250021
7263753
7264151
7265063
7272252
7274525
7276166
7307359
7334505
7345480
7348106
7352675
7355325
7358385
7364253
7369644
7377730
7378232
7382287
7399474
7409865
7411344
7427145
7431084
7435612
7443628
7450961
7457013
7462972
7472764
7473784
7475216
7481581
7484978
7487833
7488613
7519826
7520192
7531787
7532111
7537811
7551336
7553199
7559139
7560119
7562872
7564951
7568525
7569793
7577982
7583526
7603376
7643497
7647640
7671631
7678752
7689610
7691737
7694404
7697764
7700154
7711099
7729033
7746189
7752204
7760327
7763466
7764613
7766359
7776036
7785692
7789143
7790141
7812593
7821488
7823348
7826479
7829020
7836030
7836709
7841652
7848041
7890318
7906927
7916816
7920023
7924057
7974357
7977315
7983946
7990665
7994856
8013176
8031753
8046995
8053557
8056356
8067029
8071278
8074613
8083677
8087231
8089004
8093948
8102654
8104200
8121028
8141035
8150518
8158593
8166785
8185560
8197187
8199562
8208362
8235186
8242733
8248824
8260787
8261401
8299385
8302449
8310524
8319073
8340666
8344428
8361388
8362742
8370996
8373691
8387324
8393335
8396893
8396914
8401150
8419764
8444442
8449951
8461691
8463263
8465792
8466221
8467993
8472003
8475669
8478484
8508173
8509282
8519476
8533111
8537089
8538566
8540767
8548096
8575176
8591764
8614847
8634716
8657893
8664709
8674994
8680533
8681311
8698342
8701505
8703989
8706682
8725912
8728341
8745435
8746982
8749375
8768244
8771564
8775547
8781968
8782762
8805415
8812676
8818613
8820690
8824541
8845110
8870348
8879902
8887546
8897447
8904091
8910747
8911468
8926461
8930919
8936624
8945678
8949636
8960317
8975387
8992771
8994836
8999299
9001590
9008279
9011245
9019804
9019944
9024843
9026355
9029455
9032002
9049527
9073882
9077195
9078964
9093968
9100806
9101457
9109524
9120519
9135564
9152249
9164137
9175735
9200914
9210240
9250286
9262571
9273815
9282819
9294749
9305543
9319857
9344869
9347036
9349068
9353045
9366771
9372243
9373690
9379272
9385910
9403317
9432995
9476971
9492510
9506264
9516645
9522434
9552106
9554194
9559345
9589991
9592942
9626498
9635017
9635206
9658922
9685823
9694090
9710636
9715525
9724983
9742650
9743484
9751188
9752765
9757670
9770117
9785580
9787911
9808363
9811880
9812346
9829773
9830399
9846322
9883027
9889784
9902641
9903841
9905301
9928061
9937998
9950389
9957473
9972415
9973234
