375499 500 501 1000
499
997
1494
1990
2485
2979
3472
3964
4455
4945
5434
5922
6409
6895
7380
7864
8347
8829
9310
9790
10269
10747
11224
11700
12175
12649
13122
13594
14065
14535
15004
15472
15939
16405
16870
17334
17797
18259
18720
19180
19639
20097
20554
21010
21465
21919
22372
22824
23275
23725
24174
24622
25069
25515
25960
26404
26847
27289
27730
28170
28609
29047
29484
29920
30355
30789
31222
31654
32085
32515
32944
33372
33799
34225
34650
35074
35497
35919
36340
36760
37179
37597
38014
38430
38845
39259
39672
40084
40495
40905
41314
41722
42129
42535
42940
43344
43747
44149
44550
44950
45349
45747
46144
46540
46935
47329
47722
48114
48505
48895
49284
49672
50059
50445
50830
51214
51597
51979
52360
52740
53119
53497
53874
54250
54625
54999
55372
55744
56115
56485
56854
57222
57589
57955
58320
58684
59047
59409
59770
60130
60489
60847
61204
61560
61915
62269
62622
62974
63325
63675
64024
64372
64719
65065
65410
65754
66097
66439
66780
67120
67459
67797
68134
68470
68805
69139
69472
69804
70135
70465
70794
71122
71449
71775
72100
72424
72747
73069
73390
73710
74029
74347
74664
74980
75295
75609
75922
76234
76545
76855
77164
77472
77779
78085
78390
78694
78997
79299
79600
79900
80199
80497
80794
81090
81385
81679
81972
82264
82555
82845
83134
83422
83709
83995
84280
84564
84847
85129
85410
85690
85969
86247
86524
86800
87075
87349
87622
87894
88165
88435
88704
88972
89239
89505
89770
90034
90297
90559
90820
91080
91339
91597
91854
92110
92365
92619
92872
93124
93375
93625
93876
94128
94381
94635
94890
95146
95403
95661
95920
96180
96441
96703
96966
97230
97495
97761
98028
98296
98565
98835
99106
99378
99651
99925
100200
100476
100753
101031
101310
101590
101871
102153
102436
102720
103005
103291
103578
103866
104155
104445
104736
105028
105321
105615
105910
106206
106503
106801
107100
107400
107701
108003
108306
108610
108915
109221
109528
109836
110145
110455
110766
111078
111391
111705
112020
112336
112653
112971
113290
113610
113931
114253
114576
114900
115225
115551
115878
116206
116535
116865
117196
117528
117861
118195
118530
118866
119203
119541
119880
120220
120561
120903
121246
121590
121935
122281
122628
122976
123325
123675
124026
124378
124731
125085
125440
125796
126153
126511
126870
127230
127591
127953
128316
128680
129045
129411
129778
130146
130515
130885
131256
131628
132001
132375
132750
133126
133503
133881
134260
134640
135021
135403
135786
136170
136555
136941
137328
137716
138105
138495
138886
139278
139671
140065
140460
140856
141253
141651
142050
142450
142851
143253
143656
144060
144465
144871
145278
145686
146095
146505
146916
147328
147741
148155
148570
148986
149403
149821
150240
150660
151081
151503
151926
152350
152775
153201
153628
154056
154485
154915
155346
155778
156211
156645
157080
157516
157953
158391
158830
159270
159711
160153
160596
161040
161485
161931
162378
162826
163275
163725
164176
164628
165081
165535
165990
166446
166903
167361
167820
168280
168741
169203
169666
170130
170595
171061
171528
171996
172465
172935
173406
173878
174351
174825
175300
175776
176253
176731
177210
177690
178171
178653
179136
179620
180105
180591
181078
181566
182055
182545
183036
183528
184021
184515
185010
185506
186003
186501
187000
187500
187999
188497
188994
189490
189985
190479
190972
191464
191955
192445
192934
193422
193909
194395
194880
195364
195847
196329
196810
197290
197769
198247
198724
199200
199675
200149
200622
201094
201565
202035
202504
202972
203439
203905
204370
204834
205297
205759
206220
206680
207139
207597
208054
208510
208965
209419
209872
210324
210775
211225
211674
212122
212569
213015
213460
213904
214347
214789
215230
215670
216109
216547
216984
217420
217855
218289
218722
219154
219585
220015
220444
220872
221299
221725
222150
222574
222997
223419
223840
224260
224679
225097
225514
225930
226345
226759
227172
227584
227995
228405
228814
229222
229629
230035
230440
230844
231247
231649
232050
232450
232849
233247
233644
234040
234435
234829
235222
235614
236005
236395
236784
237172
237559
237945
238330
238714
239097
239479
239860
240240
240619
240997
241374
241750
242125
242499
242872
243244
243615
243985
244354
244722
245089
245455
245820
246184
246547
246909
247270
247630
247989
248347
248704
249060
249415
249769
250122
250474
250825
251175
251524
251872
252219
252565
252910
253254
253597
253939
254280
254620
254959
255297
255634
255970
256305
256639
256972
257304
257635
257965
258294
258622
258949
259275
259600
259924
260247
260569
260890
261210
261529
261847
262164
262480
262795
263109
263422
263734
264045
264355
264664
264972
265279
265585
265890
266194
266497
266799
267100
267400
267699
267997
268294
268590
268885
269179
269472
269764
270055
270345
270634
270922
271209
271495
271780
272064
272347
272629
272910
273190
273469
273747
274024
274300
274575
274849
275122
275394
275665
275935
276204
276472
276739
277005
277270
277534
277797
278059
278320
278580
278839
279097
279354
279610
279865
280119
280372
280624
280875
281125
281376
281628
281881
282135
282390
282646
282903
283161
283420
283680
283941
284203
284466
284730
284995
285261
285528
285796
286065
286335
286606
286878
287151
287425
287700
287976
288253
288531
288810
289090
289371
289653
289936
290220
290505
290791
291078
291366
291655
291945
292236
292528
292821
293115
293410
293706
294003
294301
294600
294900
295201
295503
295806
296110
296415
296721
297028
297336
297645
297955
298266
298578
298891
299205
299520
299836
300153
300471
300790
301110
301431
301753
302076
302400
302725
303051
303378
303706
304035
304365
304696
305028
305361
305695
306030
306366
306703
307041
307380
307720
308061
308403
308746
309090
309435
309781
310128
310476
310825
311175
311526
311878
312231
312585
312940
313296
313653
314011
314370
314730
315091
315453
315816
316180
316545
316911
317278
317646
318015
318385
318756
319128
319501
319875
320250
320626
321003
321381
321760
322140
322521
322903
323286
323670
324055
324441
324828
325216
325605
325995
326386
326778
327171
327565
327960
328356
328753
329151
329550
329950
330351
330753
331156
331560
331965
332371
332778
333186
333595
334005
334416
334828
335241
335655
336070
336486
336903
337321
337740
338160
338581
339003
339426
339850
340275
340701
341128
341556
341985
342415
342846
343278
343711
344145
344580
345016
345453
345891
346330
346770
347211
347653
348096
348540
348985
349431
349878
350326
350775
351225
351676
352128
352581
353035
353490
353946
354403
354861
355320
355780
356241
356703
357166
357630
358095
358561
359028
359496
359965
360435
360906
361378
361851
362325
362800
363276
363753
364231
364710
365190
365671
366153
366636
367120
367605
368091
368578
369066
369555
370045
370536
371028
371521
372015
372510
373006
373503
374001
374500
375000
