1000000 100 50 1000
4919
6240
8211
8257
9364
12447
13429
13497
15222
15796
16384
17405
17565
17645
19549
20799
22133
26147
26661
26693
27934
30937
33712
34681
34952
35577
38573
40010
40582
40760
41303
41342
41578
46052
48398
49197
49253
49514
49556
51014
51217
51777
53168
53734
53856
55366
56381
57893
58611
59903
63633
63781
64503
64847
65226
65665
66259
66551
67935
67991
69085
69425
70522
71599
71866
72445
73209
73885
74015
74894
75150
76585
76780
77186
78030
78645
78756
78796
79788
79815
80881
80989
81481
82823
82867
82999
84421
85055
85620
86552
86696
86753
87394
88594
90736
91852
92404
94309
95654
97836
98272
98300
98680
99802
100321
101637
101717
102088
105439
106028
106613
110370
110831
111622
115607
115951
118022
118525
119508
119547
121132
121194
121412
121581
122145
122211
122348
122559
123311
123641
123690
124015
125149
125253
125509
127906
132020
133435
136118
137219
140361
141085
143646
145783
146678
148245
149493
153103
153357
154086
155714
156733
157599
157750
157847
159744
160847
161736
162406
164105
166575
166782
167119
167490
167874
169010
176719
178195
180725
182007
182991
184705
185424
190668
191966
193564
194119
194719
194864
196610
197436
200004
201401
202148
202587
205020
205679
207558
209652
210206
212270
212332
214011
214758
216184
219917
221752
222575
223100
223512
225190
227214
228282
228443
228650
229987
230316
231289
233835
234410
235173
239612
239950
242947
243191
244428
246175
246561
247191
249812
249851
250443
250806
251750
252023
254933
254982
256267
257544
262305
262976
263484
264120
264288
265869
267283
267468
268053
270482
270651
271663
271723
272211
272581
272596
273338
274447
274494
276226
277063
280218
280851
281385
282009
282761
283928
284435
284470
284558
285303
285555
287653
287947
289136
289383
289451
290482
291016
291409
294098
294524
295583
296039
296913
297831
297961
298025
299851
301969
303302
303331
303530
303977
305333
306127
307287
308403
310239
310289
311104
311236
312247
313010
314329
314972
315107
315149
316267
317208
318084
318449
318809
319046
319446
320406
320956
322825
323337
326051
326320
326599
327221
329130
329920
330153
331176
334880
337779
338585
339357
342226
343783
344454
344941
347137
347502
348752
350663
352100
352417
353529
353578
354655
356731
357287
358495
359414
360803
362512
363049
364380
368260
368273
369416
369586
370097
372087
372424
372556
373086
374072
376504
376890
377462
379927
380223
381119
381256
381416
382306
382739
385845
386204
386769
387763
387867
389620
389880
389987
394980
395695
396720
396838
399492
400696
402451
403287
404560
404965
405374
405744
406348
407118
407165
410317
411439
413359
413823
415270
415332
415445
416514
417344
417940
419053
419088
419280
420732
421818
421887
422309
423268
423389
423813
424504
425900
426173
430252
430375
432583
432992
436107
438198
440138
440801
442036
442119
442242
442354
443095
443294
444000
445274
446052
446224
446923
449070
449497
450700
451276
451701
456269
456528
456553
456985
459217
460129
462039
463148
463243
463429
463985
464376
464463
466406
467547
469121
469743
469803
469920
470153
471815
472356
472725
473637
475546
475981
476393
476569
476764
477007
480035
481005
481598
482078
486126
486722
489423
490153
492446
492466
496210
496753
497123
498451
499679
500079
500564
501523
502171
502476
502675
503082
504235
506036
506886
507199
508721
508980
509193
513441
513474
513797
516622
517913
518753
519736
519776
520693
520714
523050
523110
524217
524824
527215
527468
528867
528877
529489
532007
532260
532729
532952
533660
533759
533953
534198
535389
535705
536306
536638
537778
537889
540568
542033
542624
544491
546138
548860
549443
550204
551258
551914
552574
552957
553605
553962
554589
556233
556316
556659
556922
559923
561357
566894
572215
572588
573000
573144
574992
576218
576275
576568
579894
580153
580565
582242
582731
583476
585470
585774
586188
586600
587976
589199
591274
592074
592215
592229
592248
594246
595507
597608
598356
598394
598666
599237
599325
600423
601199
601883
602151
603718
604885
604918
605200
606098
607248
608534
608821
608902
609093
609690
609822
610697
611094
613035
614529
614579
615206
617463
619555
619766
620732
620920
623196
626696
626795
627311
628170
628257
629671
629721
632850
633351
634447
634497
636170
638196
638319
638370
639021
639499
639542
639559
640761
644161
644606
647764
647914
648085
648272
648503
648769
652090
654068
655243
655662
656086
656508
656521
656927
657240
657799
658091
658835
659306
660201
660254
662245
662303
663150
667031
668423
669382
669404
669803
670346
670492
670783
672590
672843
673095
673803
674148
674427
676535
678190
678649
679024
679815
680952
681062
683514
683739
683969
684419
685295
686120
686570
687396
687650
688171
689149
691326
691946
692846
693088
694706
695696
697572
701653
702660
703066
705876
707479
707807
708665
709050
709370
709641
709750
710051
710211
710822
712144
714370
714584
715647
718142
718553
719959
720242
720704
720974
721103
721202
721985
722559
724102
724395
724804
726968
727350
727415
727479
729278
729809
730371
730463
732058
732710
732774
732883
733113
734472
735477
735750
735993
736666
736712
738515
741933
743985
744496
745709
747447
747769
748673
749309
749645
750183
751491
752503
753244
758050
758718
759245
759389
759841
760119
766041
766612
766646
767024
767240
767609
767751
767759
770746
771003
771089
771707
772338
773456
775073
775378
775396
775795
775951
776405
776961
777246
778205
778892
779056
779873
780225
781311
783135
783173
786436
788699
789396
791010
791919
791961
792749
794401
795700
797880
798696
799198
800700
802230
803297
805146
805287
806624
807727
807785
808303
809280
810652
816353
817511
818043
818121
818218
820995
821339
823564
823595
823640
823861
825359
826471
826640
827575
827999
828010
828461
830683
831260
832648
835144
836016
836135
838047
838187
838323
839105
840765
845362
845462
847019
848232
848508
849037
849424
850543
851323
851486
852118
853580
855590
856045
856150
856921
857511
861575
861800
864022
865750
867806
869980
870591
871086
871567
872573
873302
873398
874874
877047
878178
878247
879016
881714
883520
885017
885893
887127
888425
889348
890389
891634
891637
891883
892040
893199
893391
894272
897167
898070
898698
899277
900616
901264
901626
902703
903440
904653
905237
905307
906729
907256
907890
908960
909516
913099
914866
915607
915776
916937
917665
918101
919090
919649
919702
920277
920339
921832
924483
924798
924935
924950
924957
925223
926261
926633
926734
927206
927371
928537
931247
931628
931852
931979
932231
933035
933877
934343
936898
938187
938320
938492
941594
942534
945123
948474
948632
948810
949302
951256
951922
952100
953555
955237
955357
956508
958645
958887
959633
960010
960806
960903
962545
962901
964412
964638
967956
969180
970366
972015
972347
974069
975723
975897
976541
977149
977347
977903
977996
978277
979406
980440
981126
981343
982362
983186
983291
987763
989653
991170
992312
992909
992984
993819
994868
995766
