10000 5112 10 1000
38
43
86
95
100
109
139
145
162
171
172
233
238
246
250
253
255
272
279
282
301
302
303
317
323
335
345
359
389
395
412
422
426
428
429
430
433
447
462
463
466
487
510
517
524
525
534
553
562
589
595
597
600
604
608
612
614
617
631
633
634
637
650
652
654
661
665
692
703
720
723
725
733
746
753
754
759
768
774
776
778
799
804
811
820
827
847
854
906
909
920
929
931
950
956
957
971
972
975
991
992
994
998
1007
1013
1036
1047
1057
1058
1062
1069
1070
1072
1075
1081
1118
1119
1165
1166
1210
1211
1217
1224
1225
1232
1256
1271
1274
1284
1287
1289
1295
1299
1301
1307
1318
1332
1335
1339
1340
1345
1366
1373
1378
1386
1392
1404
1440
1451
1452
1467
1483
1503
1526
1529
1540
1542
1560
1568
1580
1582
1599
1602
1617
1618
1620
1640
1643
1647
1673
1679
1682
1687
1694
1698
1701
1703
1707
1711
1714
1719
1726
1727
1730
1731
1742
1752
1769
1772
1786
1808
1809
1810
1812
1814
1815
1824
1827
1834
1840
1841
1846
1848
1850
1851
1860
1872
1876
1940
1942
1945
1946
1947
1961
1967
1971
1976
1987
1993
1996
2006
2028
2047
2056
2064
2065
2074
2077
2082
2084
2086
2093
2096
2110
2132
2144
2153
2158
2160
2178
2179
2181
2193
2198
2200
2207
2222
2227
2239
2246
2247
2253
2275
2284
2315
2359
2376
2380
2453
2464
2466
2475
2480
2483
2494
2530
2549
2552
2558
2587
2589
2596
2600
2608
2609
2618
2621
2622
2645
2648
2649
2654
2655
2672
2691
2700
2710
2716
2730
2744
2762
2774
2819
2822
2828
2832
2853
2869
2872
2889
2891
2898
2903
2905
2916
2917
2946
2947
2952
2957
2971
2993
2994
3001
3005
3013
3021
3027
3028
3055
3056
3072
3073
3100
3101
3112
3122
3134
3135
3157
3175
3190
3193
3203
3206
3211
3215
3221
3236
3260
3265
3270
3273
3278
3279
3284
3287
3291
3301
3308
3314
3335
3346
3366
3379
3404
3411
3423
3426
3428
3433
3436
3437
3444
3454
3479
3488
3492
3494
3498
3504
3505
3506
3520
3523
3529
3538
3541
3547
3549
3555
3556
3562
3566
3569
3571
3581
3591
3596
3600
3613
3630
3648
3681
3684
3711
3712
3720
3727
3728
3756
3762
3768
3786
3793
3816
3826
3881
3887
3900
3906
3910
3915
3955
3959
3960
3965
3976
3984
3985
3988
3993
4002
4011
4019
4023
4031
4037
4040
4046
4072
4074
4078
4080
4089
4096
4101
4105
4112
4117
4123
4149
4154
4163
4208
4225
4227
4232
4245
4246
4255
4285
4304
4316
4325
4330
4331
4332
4349
4366
4435
4438
4448
4482
4483
4491
4495
4511
4522
4533
4547
4552
4564
4566
4567
4575
4588
4601
4603
4632
4644
4665
4668
4673
4675
4693
4697
4698
4713
4730
4736
4740
4750
4772
4792
4820
4827
4837
4847
4854
4861
4887
4891
4893
4894
4904
4913
4927
4952
4964
4976
4998
5022
5027
5032
5041
5058
5068
5076
5078
5080
5081
5085
5111
5128
5130
5137
5143
5146
5166
5174
5183
5204
5216
5219
5221
5232
5236
5239
5262
5271
5272
5283
5286
5293
5296
5307
5331
5332
5335
5378
5387
5395
5396
5407
5410
5413
5424
5440
5446
5467
5473
5488
5502
5524
5553
5565
5585
5592
5598
5604
5610
5628
5631
5632
5641
5649
5651
5663
5670
5671
5711
5733
5751
5759
5774
5780
5786
5793
5801
5849
5864
5884
5885
5886
5892
5907
5915
5922
5939
5956
5959
5966
5971
5975
5994
6002
6010
6071
6085
6092
6131
6133
6145
6146
6152
6165
6183
6213
6231
6236
6248
6250
6258
6261
6264
6290
6295
6336
6337
6339
6340
6346
6357
6386
6402
6418
6424
6431
6453
6456
6458
6462
6471
6472
6477
6485
6487
6488
6492
6495
6496
6499
6501
6510
6512
6523
6530
6534
6540
6555
6562
6564
6626
6633
6658
6671
6678
6681
6688
6689
6692
6702
6710
6723
6789
6792
6814
6815
6835
6843
6859
6877
6884
6911
6913
6919
6922
6934
6948
6957
6965
6977
6988
6998
6999
7005
7014
7028
7054
7056
7068
7094
7113
7116
7131
7188
7191
7192
7194
7198
7201
7203
7212
7216
7217
7243
7247
7264
7282
7287
7294
7301
7304
7326
7334
7345
7351
7370
7375
7382
7384
7402
7408
7415
7437
7445
7465
7478
7480
7485
7496
7512
7568
7573
7582
7584
7588
7602
7610
7619
7632
7638
7700
7705
7707
7714
7719
7729
7732
7754
7761
7762
7776
7779
7784
7798
7803
7807
7815
7818
7820
7823
7833
7835
7841
7879
7881
7885
7886
7888
7915
7917
7949
7956
7980
7991
8002
8009
8013
8016
8030
8039
8065
8093
8118
8133
8151
8157
8186
8189
8195
8199
8230
8241
8246
8258
8277
8301
8304
8309
8310
8345
8347
8380
8393
8398
8420
8431
8432
8440
8450
8478
8482
8490
8516
8518
8519
8520
8532
8537
8544
8548
8550
8564
8566
8578
8582
8588
8593
8610
8625
8629
8645
8650
8655
8658
8675
8681
8684
8694
8699
8717
8721
8722
8739
8744
8772
8775
8778
8779
8790
8793
8802
8803
8808
8821
8837
8864
8886
8905
8910
8918
8919
8920
8921
8927
8950
8958
8959
8961
8968
8973
8976
8980
8998
9020
9024
9035
9042
9045
9056
9084
9105
9106
9124
9134
9143
9145
9146
9148
9151
9154
9155
9174
9175
9182
9184
9187
9189
9192
9196
9199
9213
9226
9228
9229
9232
9239
9253
9264
9271
9279
9281
9288
9293
9310
9326
9331
9333
9337
9339
9353
9357
9379
9381
9390
9399
9408
9415
9425
9427
9450
9452
9458
9466
9541
9546
9552
9556
9581
9582
9589
9590
9591
9594
9609
9632
9635
9639
9640
9644
9645
9665
9703
9705
9709
9713
9734
9745
9755
9759
9791
9796
9802
9804
9813
9814
9820
9832
9838
9841
9848
9850
9866
9867
9884
9901
9917
9920
9940
9948
9953
9970
9971
9978
9980
9987
9991
9997
