1000000 100000 10 1000
224
840
3558
4128
4843
5844
6725
7563
8609
10878
11518
11788
12665
17515
19679
20836
23523
25305
25969
26491
26784
28819
29060
30432
31553
32112
34761
35764
36283
36805
37998
39156
41818
41949
42030
43038
43418
45356
45498
46340
47055
47219
47245
47934
48860
49322
49651
50733
50790
50964
51162
51590
52762
56699
57720
58350
60892
61191
61286
62716
65077
67657
67897
68212
69341
70851
73488
76577
76660
80442
82157
82790
85227
88435
88494
88714
89041
89206
89684
90764
91485
94442
95660
95799
97548
99290
102302
102781
102793
102930
103178
106465
108269
109014
109491
110804
112766
113170
114133
114896
115011
115251
115403
116967
118775
120128
120601
120703
120715
121229
123100
125003
125251
125982
129623
130287
131158
132420
132601
132722
134506
134927
135981
136406
136589
138083
140377
141211
141669
143813
145198
145715
145761
146288
146468
147780
148381
148613
148708
148944
149075
149525
152460
152545
152887
153333
156741
156817
158746
159263
163701
164288
164342
165892
166011
166755
167451
168166
169027
169496
169533
171509
171631
172235
172455
172520
173628
174750
175337
175425
175682
179711
182051
182288
183556
185664
186778
190604
194170
194931
197756
197822
198264
198471
199052
201119
203301
203376
204524
206655
206806
208356
208913
209192
211863
212220
212960
215923
216274
217826
219433
219687
219970
221334
221605
222421
226701
227112
228813
229859
232026
233629
234334
236037
236252
236333
236392
236798
236848
237484
238561
238987
239133
240896
241620
241624
241631
241839
242927
243736
244931
246780
248783
249124
249497
249516
249958
251127
251813
252035
252092
252352
252700
253346
253691
254288
254631
254860
255079
255522
255635
257901
257988
258231
258874
261172
261543
261711
262485
262507
262621
263241
263641
265734
265845
266215
266730
267811
268256
268343
269259
269839
269897
273480
274584
275898
276774
277101
279577
282174
284507
284549
285173
285176
286167
287409
287815
288582
289624
290595
290646
291965
294264
295739
295748
296038
298362
298461
299220
301178
301312
301570
301781
302762
303454
305441
306159
307739
308309
308415
308525
309412
312406
313364
313461
313695
314209
315661
315776
317236
325938
328477
328772
329781
330086
331168
332029
332080
333433
334091
337560
338593
338736
338940
339490
340349
341504
342652
343211
345574
345891
346145
347200
352931
353051
354209
355042
355811
357727
360017
360945
363475
365004
367193
368717
368964
371883
374390
374979
375958
376876
377277
377293
377326
377367
377811
379004
379418
380169
380473
380597
380860
383105
383270
383474
383671
384816
385283
385516
385615
388412
389751
389998
390661
391376
391824
393722
395730
396153
396317
396933
397642
398095
398112
399347
400438
401047
402265
404070
405122
405494
406981
407140
408006
408441
408788
408831
409156
410315
410513
410764
412179
413795
414586
416961
417472
417651
418071
419436
421320
423433
423946
425838
426071
427391
428695
429021
431625
431922
432245
433063
433759
434454
434796
434870
436716
440094
440921
444201
444947
445597
446356
446369
446376
447444
448469
448988
450273
451208
451288
451666
453802
455129
456392
457619
459668
459738
461196
462126
462283
462389
463804
464026
465040
465455
466241
466693
467157
468540
469244
470197
472650
476626
480307
480834
482386
484104
484213
484279
484281
484362
484542
484636
486330
487237
487615
489940
491211
491800
492844
492990
493805
495387
496021
496245
497889
497943
498021
498146
498306
498921
499446
500138
500599
501272
502140
504758
506173
508019
509479
509798
509891
509989
512652
512661
512736
513226
513591
513632
515181
516540
516864
517803
517986
518339
519073
520537
520566
520833
521626
521988
523284
523305
524715
525429
526876
526993
527643
529347
529685
529888
530812
531945
532688
533302
533476
533966
535479
537530
537939
540434
541572
541678
542613
543763
544575
546082
546737
547260
548344
550706
552167
555960
556500
558723
560957
563010
563932
564087
565624
571250
574159
577692
578732
579276
580774
580786
583157
583827
584984
587895
588948
589614
590765
591568
591792
592085
594038
595673
595716
596896
597688
598246
600181
601238
602293
602367
602382
603333
603392
604455
606092
606113
606734
608451
610304
611765
613439
613448
615158
616274
618058
618947
620399
620413
620462
621238
621725
622850
623032
624005
624275
625896
627032
628700
629232
629258
629513
629629
631498
632035
634678
635533
636427
636550
636591
637700
638537
639320
639330
642595
644638
645597
646351
646428
646816
647187
647322
648630
648847
649091
649667
649762
649853
649870
650201
651023
652513
653340
653646
653865
654510
655216
655270
658150
658289
658290
658519
658720
659816
662001
662202
662497
662698
662703
663178
665594
666181
670492
671149
671447
672372
676818
677007
677010
677908
678401
678407
680174
681004
682390
683061
685101
686921
687193
689484
689509
690302
690970
691259
693709
694601
697271
698240
701027
701296
703628
706033
706310
706959
707182
708280
708844
709494
710601
710621
712562
713629
714803
717566
718224
719523
721612
722049
724282
724434
724458
726148
726608
726628
726666
726885
727455
728710
728881
728898
729558
729854
731796
733027
733383
734103
734645
735203
735432
735913
735935
739549
743246
743285
743329
743367
745530
745715
745774
746287
747176
747258
747518
747728
747837
748358
748409
749278
749733
750067
750223
751144
751780
752820
754748
754795
756598
757330
758367
758817
758987
759804
760394
763467
765811
769030
769846
771077
772090
772419
773987
774345
774816
775569
777335
778090
778963
779546
780689
781792
783000
783220
783965
785170
785825
786153
786347
786987
791604
791773
793867
794798
796238
797161
799079
799233
799700
801463
801483
801652
802387
803497
804728
806794
809478
810171
813642
813716
814098
814356
815260
816346
817633
817793
817925
818514
819222
820191
821962
823735
824716
825309
825415
825423
825937
826237
827018
827160
828551
829600
830113
830523
831019
831418
832144
834842
835236
837939
838172
839720
840525
840997
841024
841547
842691
842777
845524
849102
849734
850330
850358
850814
853821
853921
854710
854729
855882
857878
858651
860969
861469
861844
862835
863184
863686
866060
867400
867817
869871
870575
870811
871943
872563
872670
872964
875410
877206
878266
878274
880659
882323
883544
883768
885491
886508
887932
888836
891747
891931
892182
893380
896414
897126
897971
898268
898506
900228
900795
900942
901425
901926
904114
905129
905582
908716
909874
911857
913455
914442
914743
916851
919364
920868
922543
922666
925097
925653
925694
927189
927201
929321
930625
930734
931967
933824
934160
936123
938109
939197
940060
944049
944480
945200
945450
946335
947384
950283
953423
953606
953721
954473
955650
955976
956336
958133
959041
959379
959994
960430
963149
963323
966462
969981
970627
971882
972334
973520
975232
976263
976455
977593
978531
979841
980740
982249
984948
986054
987347
987678
988419
988589
988986
989068
989236
989415
991254
991742
991774
993181
993658
996738
997657
998391
999359
