10000 42 8 100
101
337
363
512
585
700
709
831
896
954
1000
1137
1203
1255
1419
1464
1574
1711
1947
1955
2037
2104
2292
2550
2631
2748
2788
2861
2866
2878
2888
3169
3497
3507
3536
3684
3773
3854
3886
4010
4041
4061
4101
4155
4210
4292
4355
4468
4554
4737
4742
4832
4892
4997
5028
5295
5486
5507
5516
5740
5759
5780
5957
5993
5999
6274
6279
6382
6444
6508
6572
6595
6846
6964
7142
7370
7714
7762
7913
7982
8005
8216
8241
8247
8303
8315
8437
8576
8622
8754
8822
8862
8916
8956
8967
9461
9469
9497
9904
9988
