5 50 100 10
83800992 -886133390
419292091 -739946592
23316601 -533703422
728805984 890308742
-66894195 66628784
154560403 -595148422
-827958439 928301296
849961738 946067907
310878751 -114000318
871656204 66733904
-791356839 125420374
-838471381 157736324
-911519472 -679917398
816843257 -363318953
-477760851 -327980135
-948745795 617286503
290619008 561078234
728025927 -780191279
268650689 413388614
-751900929 938410249
638604279 48174016
734258754 797988287
834741123 -766554135
-693726917 -762594111
-724242167 -106587129
123171137 570849738
-930232339 139225642
313726888 -797371425
29996728 -668236943
-752017030 57859316
722903824 -713427034
-295707617 -971219519
-216018192 315606211
369726622 638115887
552211882 -18220532
-813157272 -548433725
-650218322 36500274
86124297 357027347
-604778594 749347546
883890496 339241262
142171054 499109574
437866513 279126595
801132847 703789681
509200587 -526055107
-774386226 669069760
170873260 751739580
624637176 778826573
204626404 483542258
919531854 742371049
-615841626 -187800
