10 50 100 10
-793680088 284470669
115693879 -170843456
-154728667 217328790
907384174 843374520
253755807 -38186295
-381212540 -292308497
-867806770 -491743910
-913208139 289193728
195163552 -826028088
-877650578 -170991023
568907081 -881381181
-199872307 265851943
589436960 69367477
-611624975 122561994
-119216197 474311975
310760962 328819683
895943078 -360886040
442867256 453450997
29096758 -749934542
-685474087 679311658
-795620718 -931013147
272200865 -34461587
804551844 897047043
-524224655 276393141
1334168 -687956899
450721244 -386565527
-860718598 209805810
-749969456 -401485534
535272530 819497766
-938880820 830192169
437872781 580176942
-142045141 -188262393
691415178 -876556506
-982377748 -890630162
997053242 832126258
-620616604 -204417442
650498229 -748634268
-102386585 971667572
-830741331 814646067
351151038 926277600
903315295 -57981140
-564842782 240300170
843632473 577342723
-496118247 -243263069
-216844350 -686110808
573254193 -171766540
228140590 253039168
296359481 -958415181
99025884 -176565044
853000272 -963029904
