20 50 100 100
187033242 -158211473
423007364 -836894730
-907522970 960081589
-480988812 653654390
597700121 -67379126
-460065669 -241034985
913656927 -606901580
-200092163 -116008540
573697247 -406354383
317815409 37136086
-865167374 -612614868
-9287623 170008780
-819856 614614372
-709291610 -711283200
614294893 -323240378
384347227 326472441
-889080935 -776933796
140288432 328527675
253089829 -127430865
-435774496 503205963
-900455957 222798691
473586784 533841051
-397639728 854115160
865892730 644064923
887953376 580709061
-520605352 976810696
64113317 -800977891
248487999 241043174
-817865879 -132784991
-357916713 -349811447
-729330455 -7380016
777362195 792339962
201367075 -423416956
837647049 276193653
-576395696 616477240
-172615769 276610599
100438359 186479931
979007491 -338913048
87340598 -511570904
699003906 551875427
-437074560 546143212
575564405 532155673
453477854 -835161634
140053211 -415329607
170271134 697611264
839021681 -845083585
235928187 187785465
50714870 -710462273
-529386595 353351016
-485832811 65649734
