20 50 1000000000 1000000000
347048005 -530364556
-904966175 -633735536
396657069 818647482
569030381 446734190
-656658950 -638699736
253688651 -31470973
85886754 807760345
-248598849 -277622783
-64735947 66844493
-890915586 -244816739
-488396456 -969658430
664980418 -352719175
-960264172 611250021
458992590 -14138059
523953261 376961616
741146541 322015519
278409890 227400739
-23434538 325689133
-880218483 -668296546
135129824 56924108
115673095 -925035407
-220863317 -867556262
-715870831 400863864
408060047 574511957
329324580 -642295073
-980790454 100218275
66991746 -241897131
794988201 70010737
860654006 931985475
-288367794 -508161861
-556124492 166183584
607948167 -295488273
-696076320 -344867295
388799986 758814945
-796029567 -799806270
-475669428 272883355
-811390962 -896242629
218318370 -41400163
-670468842 272160294
725530801 181263620
-657470194 -343868627
18236459 108844973
164359526 748118135
-872780934 46281043
-58933180 760740443
689006508 -821027781
127299943 357214073
666363964 578641924
-319303282 -176437882
-414207393 132895825
