10 50 10 2
0 -21855775
0 -15981466
0 -16102820
0 -7780900
0 74497379
0 -40221537
0 -89726059
0 52785260
0 86230474
0 70697695
0 -80396368
0 86433127
0 -22696494
0 -54630396
0 29917934
0 -5750238
0 30414580
0 -17223080
0 -41581695
0 13697626
0 64151962
0 -10413226
0 -24542977
0 -33200412
0 -66362775
0 -5507180
0 -2647020
0 59364752
0 -79151232
0 -4936911
0 -23621103
0 38239127
0 -90958195
0 -89166555
0 -65710472
0 48489786
0 45714269
0 95004700
0 47947603
0 69743971
0 -52098937
0 -79294315
0 92720395
0 29722299
0 52874895
0 15294998
0 69168594
0 -76923284
0 35236210
0 -2732351
