10 50 20 3
-54614756 0
54949544 0
96550412 0
38271729 0
-35136806 0
-92782941 0
30777752 0
-82904205 0
4689998 0
-91407242 0
97692736 0
-7455904 0
-6467000 0
-2811702 0
-28270423 0
96066983 0
-52546488 0
21369820 0
52638665 0
62720370 0
44623271 0
72875104 0
57256607 0
-64867652 0
-19068967 0
14289482 0
70875249 0
-29603995 0
53188737 0
-93902779 0
-78570462 0
-93046952 0
-85681093 0
59619075 0
-73494252 0
-10714691 0
51175463 0
-98094608 0
54122272 0
6844667 0
16891945 0
3234261 0
-44390945 0
89544229 0
65020694 0
8559222 0
-77559873 0
85780764 0
-53696957 0
83014008 0
