10 50 40 8
12345 -52897048
12345 -88342117
12345 -70698612
12345 59534976
12345 -10071874
12345 -46454456
12345 -8778454
12345 33361098
12345 45415305
12345 -20707863
12345 -35952217
12345 97544665
12345 -27016480
12345 -94696906
12345 92805171
12345 -23291640
12345 87319050
12345 -89851825
12345 64978305
12345 -69198970
12345 -33003851
12345 58284182
12345 85643165
12345 -24335488
12345 -64996714
12345 -11080107
12345 -81474612
12345 8622403
12345 90096595
12345 -66319212
12345 6261186
12345 45191200
12345 -2735965
12345 -38877392
12345 -16940166
12345 72238361
12345 -34756124
12345 10329549
12345 92569073
12345 12670322
12345 -77683389
12345 -42740601
12345 -86890201
12345 82738574
12345 69302597
12345 67356132
12345 -28444039
12345 -44999447
12345 51451438
12345 46059436
