10 50 50 27
4043107 -4042907
7200519 -7200319
-6116699 6116899
-4124247 4124447
6438015 -6437815
-8254791 8254991
-1974217 1974417
7542063 -7541863
-1546732 1546932
-539320 539520
-5158206 5158406
1377811 -1377611
-7606954 7607154
1705751 -1705551
9238418 -9238218
-772806 773006
7984019 -7983819
-8550384 8550584
-494117 494317
-8462249 8462449
1871220 -1871020
5237381 -5237181
5401644 -5401444
885343 -885143
-4729231 4729431
1417278 -1417078
-7918212 7918412
3837071 -3836871
-8629855 8630055
-9769961 9770161
-4091324 4091524
3751360 -3751160
-1000392 1000592
8054818 -8054618
5006526 -5006326
-8782931 8783131
644383 -644183
4888367 -4888167
5296149 -5295949
331278 -331078
-8818531 8818731
3740148 -3739948
-8167856 8168056
4135731 -4135531
-3759284 3759484
989159 -988959
-8131405 8131605
-2793033 2793233
1222595 -1222395
-3688182 3688382
