10 50 33 27
3711782 3711782
-2567030 -2567030
3945872 3945872
3622687 3622687
8906914 8906914
-9014274 -9014274
-5514887 -5514887
6198091 6198091
-1558344 -1558344
6281940 6281940
2751778 2751778
7991511 7991511
-6015675 -6015675
-2486513 -2486513
-9506702 -9506702
6962924 6962924
-2098352 -2098352
1086708 1086708
-1932541 -1932541
3381099 3381099
-6104906 -6104906
6113882 6113882
5381684 5381684
9368222 9368222
-2007131 -2007131
-5483554 -5483554
-9801993 -9801993
-8321226 -8321226
-2723549 -2723549
6781459 6781459
-3027470 -3027470
-6188570 -6188570
5570423 5570423
-9017195 -9017195
9777561 9777561
-7521693 -7521693
-8926801 -8926801
3133240 3133240
7024784 7024784
9974437 9974437
-1158142 -1158142
-2608565 -2608565
-6590876 -6590876
-8253446 -8253446
8255384 8255384
-3162431 -3162431
-6733342 -6733342
-7118454 -7118454
5122098 5122098
-6713527 -6713527
