50 499 100 10
-268214856 -800550919
411903188 -773971831
769567597 -734212705
-55581201 -530714034
835073201 -469918138
-367731605 691744277
844219796 994636033
-488959612 991190069
-588779840 21455475
66709215 657587786
518510010 -907735337
-306396571 -841924090
477919418 633359061
-616931925 436502239
-947096224 -562265210
623060544 -33584892
-37195282 850219665
216345225 -16400480
228981820 179724705
-608874660 -526787014
-761211207 910246893
-301071547 -929707231
765614873 217422269
855414193 -618564079
-438708422 540999480
-695164859 -594127920
773099660 -752398746
142273114 232270443
236778275 3952078
968461708 628713597
-249807898 668079713
-664194959 125866509
-265947748 -286815784
-292007558 774638992
-758599871 582028142
-345394002 -927568237
-629642718 136546241
597574813 -906048253
931788495 808322300
-91812353 -18564457
-547564957 48464332
-96369340 563451703
550935264 67545184
42495957 -24519227
-568232485 742055565
-329298211 -701682397
765699282 -530254735
-97338376 -631853019
-311137552 244442528
456875119 88165604
-436939720 764313422
174731677 791707989
838381996 268028135
-198673167 670038219
-786125305 -297552570
-400536144 -517021781
-425035593 -785272149
313091955 553629633
110588947 -579028329
162866269 420449415
-158938965 -53079123
-477104188 -479822109
-81185657 955220068
594659717 -375268118
411072286 19999399
-985484996 -186236363
-505443897 -941840453
-413631500 566883210
-609408185 563510887
652586634 -466469591
-51777185 -35148809
423158477 979880969
188194147 24827883
414923176 135484808
-635663690 525573366
-298341580 11636190
-935789616 73817898
947012453 -219875859
-365681585 -483526490
273778433 622206823
275113319 -8830140
-208092479 341965432
-695700850 -298907894
558296088 -270969006
539633183 -533946828
81522844 801957005
-515805232 -824591072
67202114 183333086
886530686 221300002
-579804370 109102164
-110517775 112633741
417885734 176262238
-799243759 -913553801
172037676 -615515307
970890885 642825269
409855134 409871842
330798099 704896075
562368999 753707421
539735041 550377365
-504758957 -648915618
-668950801 -907172504
888325173 -831755071
-508086137 698233225
647523891 -707645287
676486758 -413079320
440957203 500076107
215640455 -194327009
-255872589 -208059001
-424183652 -500170198
-141701090 773721893
-510215118 -919046228
-673032483 -560428843
-733603608 -81064450
572656476 200642961
203949856 -197950723
205349620 794627833
-755665369 222771910
732422577 533744359
-541768411 -156961454
-942901090 157173967
-868149125 154313363
-499642115 -437352268
-445030855 -586694092
-835256668 -303018340
-311172477 252671366
248487898 -134869764
536696735 -229296786
-771258564 -665537276
-890684507 -108852947
292086520 763221611
478945261 162919873
-845525079 -635064191
728866105 -46976273
128696443 951743544
516726605 -539472178
-212255976 582087453
-637117587 -469623055
644720881 595965430
-284542627 384013150
54489303 433049649
39067957 667839113
-744396528 -67066537
-803738060 -583879040
-932800584 330406024
-940518690 839411794
-266296152 243089655
-35226882 148019322
820308999 -279890762
-114790351 -977371767
-770431738 600882276
-157816779 593808659
-670275749 -59721531
525503215 661931109
514007298 -924190490
-270016071 -251213405
489994078 -119086644
512120696 -521072854
-909401317 -95680922
-912827807 -656188393
104483999 808838920
519506963 733463159
-622114 -141939725
-356833051 233130842
-100078408 -308820526
288112283 777617925
858778864 53051529
663003128 -122679193
-481669862 -950754003
16778045 -746164556
-612620506 135047279
785969682 -960518106
-863181480 -483704254
-158299355 -996373370
618062650 -991812375
303007135 -5593692
-701958251 867318167
-79119683 -342878734
195215309 -570139633
-149046272 150088593
-306866183 -49054967
644466233 -447080886
301344769 366757706
-954859282 -519100676
-671443946 383169325
-420049332 269118921
806787201 611034436
765469597 -239359424
193802007 960957264
-996026328 374987518
491480035 164639809
-842517337 405702396
584805848 -785603772
-227210161 650756771
-399923319 659225968
-892224089 311825838
-189136672 968370339
813475153 142707674
-322607886 -60644926
-99208467 -715560865
271362180 -541339261
-547065338 -806025957
-49493090 327322613
-639525521 -792140035
415989123 -161840790
198973455 -583560711
-497978420 -813737576
17476225 822269623
-301120799 475672314
-445607029 -34963664
-583197645 -823611842
-432309313 574919135
-307281594 314030337
-280557050 -811263626
651910525 -321231485
-482252709 473524546
-502602031 -505985940
546212209 990011786
-671269217 -95770415
25827498 -823745516
-336149671 934880945
521441403 164946900
920647281 776356518
720750052 -748438412
496904606 -40187938
263119797 545314604
-348532745 467446859
-202525010 570520644
549068624 532108939
149771916 540050057
919635804 -650247793
52690521 -602396169
-735190367 405370706
-278171882 692192547
28076439 -662956626
120024316 -268356502
867419196 423042704
632028667 -476973112
96221730 -641747071
869763635 -356705831
940001463 -799709394
548641471 -833740206
738033765 -166684832
-86895929 -620597895
389340938 -435459379
406822488 911941026
-508079585 19910537
-551986111 227329907
152199073 -195523076
-776222179 -35752240
934898702 833402304
-65187683 995463832
-801456486 -613056407
417442599 -752609422
-423022544 -250591204
-729887861 -348544325
593912026 787433375
989952993 950467822
236711166 -684691613
148884108 46481613
131103582 906460760
-473673646 -595359090
-523265070 -370265935
684917140 -516257878
551660732 268546745
-982167635 564562437
-41978871 -565927843
-306769763 -357947840
596180989 452719000
-794432215 192704943
471523389 401447658
352678335 588358080
137996290 -319499123
960641607 843533242
-51738315 193710098
-309813561 -570457483
389647861 402453267
493024927 -127060981
61993271 -951414547
252166438 366223353
-83700943 277379364
441669479 641769198
69981198 -906186282
-905803663 470825077
-93496298 -63829178
-857330766 95219946
835762328 -215493566
436295051 -811481573
49881760 -326896937
170842080 418281035
-432458856 -352256032
962498588 -305366039
637983708 -264357921
552992591 293368307
-358271979 -459003023
611701335 -146212902
-895427235 100927948
-3101780 596405637
390777074 95602780
434766561 397615647
-169596402 -164189818
186362407 -663159438
671774661 -644835359
568299223 643227634
775838561 560310432
612883548 291353591
62223756 -258813150
711672192 -96396398
-525510887 758730006
-988874299 -200145019
564171504 853014681
729567698 -321400247
-474771675 65166439
932835780 -665050329
305827730 -644542492
512685122 -741058738
-849874425 268871067
837796632 662843470
421527677 364681046
982440866 997115068
-367774079 422577794
961870706 734189131
752423513 67592308
-361767019 782445043
492685029 988994547
844082769 -128368737
945655793 416079258
-991255100 -918700700
372789680 -448773235
-914615239 779990095
-409870373 -762914926
-507033653 899653508
-709121957 616024514
-262736802 -903745028
-465203701 386758953
297925432 633273462
684177940 -382120889
-442980398 800404539
-655675070 -558187293
899236442 960401549
706332534 945064689
-784920552 325694261
53365361 423530183
745614919 853543037
-936514542 909948968
145186301 -247665686
4532132 324830858
412171623 292658748
-946425162 70083658
-623910287 -909727285
518757326 -268515443
251780530 603810433
-119160993 942160358
-663716526 659638320
625908520 708488139
-370134785 243315051
-286922745 -337123487
-292199356 -112810119
861316897 834362550
298216382 -222798646
465924906 743797760
406402360 496889525
916670940 743892654
-499031080 508345023
182675332 241832447
-432159213 176468122
923162068 798084801
-377668757 -833468322
382237498 -90881825
577260203 -120175011
-596696857 943484131
727079577 809556386
395986129 -30604655
802670624 -396946905
-119715781 -715099470
-868988134 -558821593
273167137 -878359084
-646912639 -855609794
288214721 -909290753
-403052678 373883771
566183533 -762073977
118192030 -894613654
270647610 99901103
-12606256 -294918860
-679951445 -332855919
105081477 -226812502
272917926 981517723
81057785 -850832007
59815600 -358852545
793398515 -352837800
560204691 -39409662
-542045869 168315070
-837071871 -228544431
-454692075 340860607
384522359 292665956
67373492 -41433172
-244088941 -811998406
20506103 -99886207
662310342 -337899477
524943564 279620668
-204181858 -76624367
-33618131 -73459159
752266406 47100000
52130866 -561743864
-605994687 883094340
-370369654 -632489565
106444554 973160866
-394832473 53209326
851239754 -91625931
126903754 -2142855
-451979133 -369691420
632075672 662944453
548421811 412574634
-550492320 709447636
733251296 -721166987
522501234 701959660
-550902123 327578477
850636504 -158273458
197746313 942563783
-896164218 -696181185
209701898 -987106830
605113897 -17565786
-513293930 698351158
-972506720 -828633753
984247133 -461569505
35181191 836083898
515521360 136742476
94795151 -839982870
-915140267 -18147538
-723139920 -48988543
-760242283 783333379
903756937 -633637498
-794169962 -806071141
-583573330 347504870
-46155551 -267331691
-934105891 956248723
94325613 -954485717
-263154313 169914571
-659085780 -576228488
142458446 299425340
896980925 -638705276
549997311 -675368170
678915299 -593874288
-13887502 -470327548
677318980 -591320606
505245778 741849058
-896444098 892936969
-793683364 612129277
-406097046 12710958
-958171632 -86521842
370654665 479546293
-29025302 -531807305
81458925 -66634771
254431555 -146642365
462791914 -61718995
-175629089 696806622
-938000467 13841683
-65886345 450268103
28706413 -43189252
631562369 -944948394
-409764604 -741064490
813228115 885808684
-205541711 -727629036
-67113830 844248392
824380678 579123125
679428003 -896318274
-807607987 733785757
-171063786 -552880194
278189321 894401665
282852310 442586465
249041004 815308561
-408141422 35949291
25639184 -850538126
84456815 -731177519
-440997204 371155065
363720151 124253023
461963385 509839672
-859192270 -20250170
-524477851 676659550
-323630167 -736816472
890026543 191378722
-312462889 900289429
-786429669 -570067909
980611086 -427412934
-742592143 687062034
213736239 -797794909
-762228646 468105217
-514592220 848185796
-48543871 -619968746
971021982 -557927484
389397526 -134450568
-321593418 913819733
517925713 713747225
136828637 -915325203
737405870 504786498
437573584 303461699
-54667214 45480822
-8012047 973954641
-605716853 79430098
-502405521 303326820
