100000 1000 123 1000
20
25
139
161
312
336
379
472
780
803
1000
1117
1132
1159
1411
1429
1430
1623
1964
2000
2266
2284
2537
2717
2963
3000
3153
3217
3400
3462
3477
3525
3542
3711
3754
3946
3958
4000
4091
4102
4131
4458
4649
4661
4804
4883
4898
4913
4979
5000
5210
5243
5357
5383
5393
5441
5627
5969
6000
6107
6120
6238
6314
6479
6499
6719
6730
6748
6946
7000
7006
7066
7234
7321
7347
7366
7576
7704
7785
7929
7969
8000
8041
8317
8349
8376
8382
8490
8592
8631
8633
8744
9043
9045
9355
9487
9501
9542
9705
9708
9986
9995
10000
10014
10020
10097
10102
10152
10193
10221
10255
10260
10444
10556
10643
10672
10844
11000
11259
11268
11385
11473
11515
11585
11607
11636
11791
11809
11949
11980
12000
12011
12157
12263
12360
12524
12625
12883
13000
13039
13073
13254
13308
13449
13555
13599
13606
13851
14000
14070
14298
14304
14368
14459
14661
14810
14830
15495
15554
15625
16000
16048
16069
16269
16428
16752
16851
16859
17000
17536
17543
17684
17740
17862
17874
17920
18000
18293
18417
18591
18612
18999
19000
19218
19255
19312
19361
19584
19605
19822
19948
20000
20044
20090
20140
20274
20463
20731
20733
20739
20756
20776
20805
20817
20929
21039
21144
21333
21348
21361
21442
21461
21500
21708
21724
21776
21778
21811
21856
21959
22000
22044
22062
22193
22369
22377
22430
22489
22492
22569
22570
22579
22604
22677
22803
22838
22891
22894
22903
22999
23000
23243
23404
23413
23428
23429
23507
23727
23739
23765
23821
23931
24295
24413
24423
24497
24583
24746
24748
24799
24912
24994
25000
25072
25256
25381
25707
25730
25801
25848
25976
26000
26120
26256
26281
26303
26345
26455
26541
26556
26663
26788
26957
27000
27086
27144
27169
27244
27331
27559
27667
27719
28000
28023
28051
28237
28286
28329
28475
28476
28530
28549
28636
28678
28865
29000
29061
29181
29251
29415
29474
29503
29535
29893
29999
30000
30196
30241
30273
30329
30347
30579
30590
31000
31092
31101
31129
31568
31734
31770
31771
31867
31907
31928
32000
32078
32086
32376
32528
32743
32764
32791
32871
32933
33000
33022
33109
33302
33309
33432
33519
33616
33760
33850
34000
34048
34114
34379
34468
34616
34643
34719
34734
34776
34979
35000
35025
35385
35431
35448
35472
35624
35855
35896
35941
36000
36233
36251
36273
36422
36428
36431
36446
36469
36578
36687
36785
36789
36830
36831
36989
37000
37076
37086
37189
37319
37404
37451
37479
37480
37555
37605
37626
37877
38000
38091
38162
38172
38192
38296
38365
38389
38472
38537
38953
38973
39000
39004
39027
39354
39549
39724
39757
39762
39837
39995
40000
40190
40262
40650
40822
40872
40909
40981
41000
41014
41123
41185
41293
41424
41440
41453
41809
41811
41835
41855
41867
41908
41935
42000
42049
42060
42083
42204
42223
42338
42662
42832
42927
42949
42980
43000
43169
43230
43261
43287
43345
43370
43399
43435
43437
43441
43520
43596
43762
43803
44000
44195
44296
44308
44382
44500
45000
45101
45106
45173
45286
45430
45476
45600
45611
45916
46000
46126
46224
46338
46406
46709
46728
46778
46815
46857
46966
46983
47000
47080
47143
47282
47317
47453
47511
47669
47813
47944
48000
48130
48178
48184
48252
48434
48454
48550
48669
48837
48893
49000
49238
49239
49286
49295
49450
49473
49791
49862
50000
50071
50081
50149
50246
50396
50423
50430
50565
50726
51000
51070
51149
51177
51510
51639
51731
51911
51941
51965
52000
52198
52256
52331
52437
52727
52788
52835
53000
53094
53378
54000
54236
54556
54569
54591
54602
54655
54686
54743
54942
54948
55000
55309
55316
55443
55473
55530
55673
55689
55728
55787
55840
55950
56000
56016
56161
56593
56727
56738
56907
56908
56936
57000
57010
57217
57298
57302
57320
57599
57621
57678
57692
57995
58000
58004
58059
58205
58224
58365
58454
58462
58483
58488
58490
58565
58679
58798
59000
59268
59532
59634
59665
59705
59748
59913
59935
59996
60741
60755
61000
61349
61416
61447
61469
61555
61716
61751
61769
61807
61809
61870
61902
61907
61922
62000
62157
62283
62391
62663
62724
62800
62807
63000
63009
63096
63116
63243
63294
63313
63315
63425
63437
63698
63800
63820
63921
63923
64000
64045
64212
64263
64274
64313
64484
64493
64566
64718
64867
64960
65000
65038
65088
65138
65392
65398
65496
65505
65822
65888
65993
66032
66089
66406
66644
66730
66790
66846
67306
67580
67690
67866
68000
68118
68337
68607
68757
68793
69000
69072
69204
69321
69346
69391
69521
69524
69643
69817
69978
69981
70000
70040
70091
70179
70256
70330
70462
70477
70684
70712
70767
71000
71115
71351
71421
71437
71488
71709
71852
71885
72000
72112
72149
72164
72167
72210
72344
72417
72435
72508
72619
72769
72822
72832
72870
72962
72988
73000
73112
73548
73644
73985
73997
74000
74229
74361
74781
74800
74812
74824
74907
75002
75044
75137
75198
75400
75459
75768
75941
76000
76235
76279
76493
76532
76748
76953
77000
77354
77643
77744
77849
78000
78067
78148
78286
78396
78403
78609
78634
78642
78695
78911
78994
79000
79177
79183
79224
79241
79411
79463
79695
79753
79936
79978
80000
80152
80205
80395
80634
80698
80913
80970
81000
81105
81427
81604
81637
81691
81698
81731
82000
82099
82117
82158
82162
82195
82283
82394
82514
82733
82807
82922
83000
83237
83375
83473
83682
83729
83857
83938
83984
84000
84166
84173
84369
84397
84568
85000
85141
85217
85334
85435
85463
85479
85510
85518
85706
85743
85782
85865
85982
86000
86018
86374
86782
86952
87000
87049
87118
87233
87316
87379
87446
87614
87656
87811
87932
88000
88173
88336
88340
88367
88457
88501
88782
88931
89000
89148
89227
89272
89293
89342
89383
89487
89643
90000
90071
90119
90381
90391
90418
90501
90670
91000
91013
91053
91186
91606
91704
91939
92000
92043
92219
92569
92658
92672
92674
92696
92783
92852
92857
92980
92995
93000
93092
93436
93893
93909
93964
94000
94054
94172
94555
94634
94934
94936
94962
95000
95098
95127
95234
95249
95256
95337
95438
95543
95855
95868
95884
95973
96000
96296
96357
96365
96384
96761
97000
97057
97064
97084
97142
97252
97275
97427
97455
97483
97963
98000
98097
98205
98317
98327
98355
98575
98582
98629
98663
98689
99000
99132
99310
99421
99521
99603
99699
99816
