100000 100 123 1000
409
858
938
958
1058
1125
1148
1158
1175
1258
1307
1310
1358
1458
1597
1658
1743
1758
1858
2058
2092
2258
2343
2358
2444
2458
2558
2658
2690
2758
2806
2845
2958
3058
3091
3151
3258
3358
3474
3558
3658
3758
3992
4158
4258
4358
4458
4718
5039
5058
5227
5458
5758
5797
5858
5928
5958
6016
6020
6158
6496
6558
6658
6734
6758
6937
6958
7041
7158
7300
7358
7458
7572
7658
7757
7758
7782
7858
7958
8058
8168
8253
8258
8337
8455
8558
8613
8658
8758
8858
8958
9414
9558
9958
10158
10301
10458
10858
10923
10958
11058
11158
11216
11258
11369
11458
11467
11858
11958
12058
12158
12250
12258
12358
12368
12458
12558
12606
12642
12658
12758
12858
12963
13158
13452
13458
13468
13725
13758
13858
13958
14058
14366
14405
14458
14471
14558
14658
14758
14958
14982
15145
15458
15558
15614
15629
15658
15958
16058
16063
16164
16258
16363
16558
16658
16692
16758
16958
17344
17458
17558
17658
17758
18073
18258
18358
18361
18458
18758
18858
18958
19058
19158
19476
19558
19577
19758
19772
19825
20158
20258
20282
20405
20458
20558
20662
20721
20758
20787
20910
20958
21158
21258
21358
21396
21458
21558
21658
21858
21958
22032
22058
22358
22533
22558
22631
22658
22703
22711
22758
22958
23058
23102
23158
23217
23239
23258
23579
23929
23958
24058
24111
24358
24458
24512
24658
24758
24984
25005
25058
25158
25190
25458
25498
25658
26058
26158
26558
26575
26658
26680
26696
26758
26858
26958
27058
27128
27158
27211
27258
27473
27487
27558
27758
27858
28002
28058
28158
28258
28358
28372
28458
28558
28587
28758
28809
28858
28958
29026
29058
29258
29472
29690
29698
29739
29743
29758
29866
30058
30140
30158
30258
30348
30358
30439
30458
30658
30758
30786
30819
30858
30947
31152
31158
31176
31238
31258
31358
31517
31558
31695
31720
31829
31858
31879
31890
31958
32058
32358
32458
32518
32758
32811
32858
32958
33036
33058
33158
33171
33558
33589
33618
33729
33849
33858
34058
34124
34158
34258
34262
34358
34424
34429
34443
34558
34605
34658
34659
34850
34858
34884
34958
34995
34998
35058
35158
35192
35358
35558
35658
35953
35958
36140
36158
36358
36458
36572
36658
36758
36785
36958
36969
37000
37058
37158
37258
37400
37458
37558
37624
37658
37728
37858
37958
38058
38158
38358
38558
38758
38951
39258
39299
39451
39458
39558
39654
39658
39839
39853
39858
40058
40085
40158
40204
40358
40458
40594
40658
40962
41058
41097
41158
41258
41264
41381
41458
41499
41546
41558
41663
41758
41980
42156
42158
42258
42358
42418
42456
42458
42594
42636
42644
42958
43058
43125
43246
43452
43458
43472
43558
43658
43686
44006
44158
44258
44263
44272
44558
44958
45058
45267
45310
45437
45458
45520
45558
45658
45758
45765
45782
45858
45958
46058
46076
46258
46388
46458
46558
46622
46636
46658
46758
46958
47020
47058
47258
47317
47458
47461
47597
47758
47898
47958
48164
48206
48324
48358
48458
48505
48658
48758
48836
48858
49058
49121
49331
49658
49716
49758
49884
50019
50241
50258
50273
50358
50558
50858
50887
50958
51058
51158
51240
51358
51458
51558
51654
51758
51858
51913
52148
52158
52233
52258
52358
52384
52558
52658
52858
52926
53058
53158
53258
53458
53536
53658
53744
54058
54158
54258
54331
54458
54501
54547
54758
54995
55008
55058
55119
55158
55213
55258
55358
55537
55558
55653
55658
55712
55758
55856
56058
56158
56258
56262
56458
56558
56658
56758
56952
57158
57258
57358
57439
57558
57658
57758
57894
57958
58058
58100
58158
58170
58258
58358
58536
58558
58564
58637
58656
58758
58858
58958
59146
59154
59458
59558
59707
59739
59744
59758
59791
59858
60061
60158
60185
60258
60358
60556
60558
60650
60658
60758
60858
61058
61100
61158
61159
61258
61358
61458
61558
61658
61758
62144
62258
62281
62358
62558
62658
62716
62858
63049
63058
63158
63237
63258
63358
63412
63458
63547
63758
63858
63958
64158
64358
64400
64458
64730
64758
64958
65058
65168
65373
65458
65858
66058
66086
66158
66268
66358
66459
66474
66558
66634
66758
66858
66887
66913
66958
67058
67107
67154
67258
67314
67358
67359
67458
67558
67958
68073
68081
68222
68332
68358
68558
68658
68721
68930
68958
68992
69058
69109
69158
69269
69296
69353
69458
69544
69558
69758
69858
69891
70058
70158
70258
70261
70441
70658
70749
70858
70990
71058
71078
71251
71758
71958
71963
72001
72158
72185
72258
72358
72372
72458
72558
72658
72683
72858
72934
72958
72981
73058
73158
73258
73443
73458
73758
73844
73858
74084
74158
74248
74458
74508
74858
74868
74914
74947
74958
75006
75010
75058
75158
75176
75214
75258
75348
75358
75371
75398
75558
75602
75810
75856
76058
76121
76131
76141
76458
76558
76608
76650
76656
76758
76858
77104
77229
77258
77358
77558
77599
77619
77658
77758
77958
78158
78258
78259
78358
78410
78436
78443
78458
78576
78685
78739
78858
78958
78977
79001
79026
79058
79158
79230
79258
79278
79358
79361
79458
79758
79840
79858
79865
79894
79958
80011
80058
80255
80258
80358
80532
80836
80858
80865
80948
80958
81058
81113
81158
81258
81318
81358
81446
81453
81558
81628
81658
81758
82184
82258
82358
82458
82658
82758
82858
82958
83158
83758
83958
84258
84358
84458
84469
84472
84492
84558
84578
84595
84600
85258
85442
85458
85866
85916
85958
86058
86081
86151
86158
86218
86235
86258
86317
86355
86458
86558
86565
86792
86838
86844
86958
87058
87075
87158
87358
87427
87458
87558
87658
87958
88058
88068
88153
88258
88358
88558
88758
88858
88963
88992
89012
89058
89101
89158
89258
89558
89581
89584
89658
89717
89721
89728
89833
89858
89958
90139
90458
90528
90558
90658
90678
90758
90958
91058
91149
91155
91258
91311
91558
91658
91758
91858
91958
92058
92158
92358
92418
92458
92468
92514
92541
92558
92758
92858
92958
93058
93121
93125
93158
93188
93231
93258
93298
93445
93458
93658
93967
94158
94258
94358
94458
94692
94758
94958
94987
95023
95158
95229
95258
95358
95458
95558
95658
95684
95751
95758
95795
95897
95958
96147
96258
96358
96458
96758
96858
96904
96958
97266
97319
97422
97458
97541
97558
97658
97748
97958
98089
98225
98258
98486
98558
98758
98958
99006
99107
99158
99358
99558
99578
99612
99658
