1000 2 10 333
2
3
5
6
7
9
10
11
14
15
16
18
19
20
21
25
28
32
33
36
37
38
39
42
43
44
45
46
47
48
49
52
54
56
57
58
59
61
62
63
64
65
66
68
72
73
74
75
76
77
79
80
82
83
84
85
86
87
88
91
92
94
95
96
97
98
100
101
102
103
106
107
109
110
112
117
118
120
121
124
126
128
129
130
133
134
135
136
137
140
144
145
146
147
148
149
150
151
153
156
157
159
161
163
164
165
166
168
169
171
175
176
177
178
180
184
185
186
188
189
192
193
194
196
197
198
199
200
202
203
204
205
206
208
210
212
213
214
215
216
217
219
220
221
222
225
226
227
229
230
231
232
233
234
236
237
238
239
245
247
248
249
250
251
252
253
255
256
257
258
259
260
262
263
264
266
270
273
274
275
277
278
281
284
285
287
289
290
291
292
296
298
299
300
301
302
303
304
306
308
309
311
313
314
315
317
318
319
321
323
324
325
326
327
328
329
330
331
332
334
335
336
337
338
341
343
344
345
346
347
348
350
352
355
356
357
358
360
361
363
364
365
366
368
369
370
371
372
373
375
376
378
379
381
382
383
385
386
387
389
391
395
396
397
399
401
402
404
406
407
408
409
410
413
414
416
422
424
426
427
428
429
430
432
433
434
436
437
438
439
441
442
444
446
447
448
449
451
452
453
455
456
457
458
461
463
464
465
466
467
468
470
471
472
473
474
476
478
479
480
481
482
483
484
487
488
489
491
492
493
495
496
499
