10000000 1000000 10 1000
8493
12143
22571
23844
53097
70069
70148
72263
99066
102909
109735
112082
118795
119991
161476
182047
182786
187171
187248
210425
213592
214748
230448
254567
295858
298656
310292
315378
324690
343069
366615
383635
407333
411398
417302
437047
449394
460060
461452
471160
475753
477092
509970
522063
531023
532200
544491
563136
571335
577389
577654
583126
598848
600628
606534
608774
623664
636969
645817
648862
665033
684351
696223
699892
701835
705539
707441
714756
743717
747144
751837
763642
763650
785815
798452
798783
798867
813442
827771
860561
862111
862294
862876
872848
875876
884767
897791
902132
903669
914385
924865
944062
948972
956872
956917
961139
987897
991782
995108
1010993
1011107
1027002
1032222
1055816
1064540
1067413
1072904
1082274
1083870
1125140
1131152
1135764
1168817
1171120
1177358
1184511
1207162
1209332
1237302
1281156
1291177
1295411
1299705
1313581
1317595
1318479
1322818
1324345
1329791
1348237
1348557
1356211
1367863
1374482
1400214
1406654
1411938
1431774
1445632
1486957
1489619
1509627
1513453
1529105
1555045
1565065
1571905
1580090
1580108
1582348
1589254
1591304
1592830
1614287
1644852
1647508
1648834
1655379
1660920
1671551
1680181
1680533
1704596
1711341
1712883
1713419
1740091
1761920
1765842
1772683
1776972
1786637
1788407
1797376
1797993
1809099
1820880
1826961
1835796
1835939
1843948
1856564
1859515
1877125
1879224
1889715
1904788
1908729
1911932
1911946
1917002
1922646
1937691
1956896
1958675
1959567
1965053
1965527
1966861
1970281
1985509
1992406
1994345
2002192
2010398
2023508
2034458
2047425
2069116
2069819
2071880
2081765
2083342
2093753
2096932
2097262
2099222
2100503
2117069
2144822
2145652
2152212
2162064
2165378
2177064
2199959
2211683
2236333
2238109
2249284
2252599
2253079
2254389
2290835
2299476
2305974
2330637
2333583
2354746
2380460
2391455
2398025
2404271
2418317
2424980
2429860
2430084
2464118
2469722
2470494
2477084
2495304
2509681
2513754
2525819
2528019
2543885
2548665
2553629
2563445
2564997
2573342
2579622
2607641
2625580
2630446
2642403
2646086
2659345
2675136
2684396
2684614
2685580
2701672
2742321
2745517
2767826
2783889
2790976
2799318
2811507
2821439
2827572
2837938
2850515
2860204
2911681
2912439
2913274
2920824
2943083
2954530
2967576
2985557
2988532
2990541
2994336
2994343
2998026
3023894
3024364
3030916
3060192
3066834
3081269
3087720
3096007
3100226
3107858
3112089
3122269
3132012
3133702
3141705
3153123
3158135
3166617
3172679
3203341
3220478
3227141
3234822
3240637
3254946
3277545
3287359
3295588
3298212
3302770
3323806
3325513
3332387
3336672
3351799
3355220
3356194
3370441
3383913
3389476
3399793
3404686
3414022
3420280
3424284
3445342
3445417
3451305
3463272
3463489
3494140
3501193
3511111
3512138
3512291
3538976
3543567
3555193
3557516
3584694
3623996
3629360
3634584
3646631
3656008
3679964
3680293
3688306
3701039
3702617
3710599
3729040
3736647
3739776
3762529
3764812
3771755
3779177
3792622
3793559
3803864
3806552
3816656
3818670
3819202
3825827
3845138
3859662
3861887
3871695
3883064
3900703
3906884
3910874
3931127
3932706
3963586
3969130
3982895
3990872
3991313
4002980
4011196
4013176
4020779
4037177
4040437
4047839
4054925
4082004
4086138
4090667
4097187
4103180
4111173
4113022
4115445
4128531
4136250
4139779
4141528
4150573
4161365
4172618
4172912
4173982
4177452
4193682
4208629
4211419
4211494
4237346
4238201
4245630
4246184
4260266
4275405
4280432
4295183
4296748
4296969
4301954
4302620
4311053
4313376
4314293
4314331
4318057
4321242
4327995
4330994
4332133
4350010
4377675
4390814
4400443
4430824
4434938
4436246
4437024
4438215
4443422
4463663
4464973
4475151
4481450
4483706
4489073
4493511
4496804
4501719
4507213
4527441
4539663
4539928
4541912
4544093
4558518
4559245
4575041
4608619
4609612
4614575
4622332
4625067
4639479
4665948
4668821
4688704
4702797
4705536
4721495
4748123
4748654
4748754
4760813
4765631
4767255
4782702
4786373
4799162
4820447
4831073
4849597
4852243
4852660
4879207
4882421
4883327
4903111
4905862
4920840
4950039
4957375
4960708
4961945
4964446
4964468
4975595
4976874
4984753
4987083
4992592
4999715
5002025
5015908
5016428
5019267
5019622
5020768
5026605
5028153
5041421
5046085
5059277
5078407
5092345
5100097
5121406
5124088
5133719
5167916
5170060
5174665
5189506
5193943
5208174
5210237
5212034
5261704
5274659
5291545
5315689
5316577
5346303
5349499
5357069
5359804
5364157
5378422
5413590
5424045
5431803
5449528
5473094
5477839
5488849
5495720
5498256
5501823
5503342
5505621
5510400
5522253
5523870
5525827
5539818
5549573
5573386
5578261
5583059
5608606
5626195
5635242
5667530
5684523
5695202
5704189
5706993
5719076
5724744
5746916
5758437
5771699
5776999
5796672
5797272
5801826
5802227
5806486
5806796
5828356
5830652
5845704
5850829
5858967
5870701
5873937
5885584
5888869
5893749
5901240
5909453
5921844
5938763
5945372
5959728
5961779
5962575
5965337
5967821
5969556
5979427
5988078
5989550
6003283
6004667
6011268
6029934
6035842
6040541
6062196
6073719
6085392
6103792
6105851
6115465
6143204
6150130
6178539
6181461
6199091
6242044
6242740
6247203
6248070
6254932
6257318
6266318
6272728
6281018
6289626
6291009
6303802
6332365
6340572
6348623
6355369
6361077
6374342
6381574
6399688
6407503
6425285
6430110
6450727
6460409
6465742
6475723
6494424
6497526
6500697
6513866
6532651
6565178
6601329
6609000
6610684
6612003
6619145
6637300
6640190
6664809
6665945
6736573
6748265
6769086
6784954
6788952
6789423
6817666
6827690
6829376
6833527
6842363
6863227
6866678
6881412
6890492
6897370
6898209
6907797
6925469
6937890
6972470
6993564
6996748
7017010
7023303
7026514
7044947
7046229
7058290
7064159
7082145
7083617
7091190
7100127
7107610
7110352
7118280
7121880
7149448
7162319
7168353
7171167
7171898
7185151
7193137
7195335
7196528
7199055
7199824
7206947
7213141
7215595
7226655
7245454
7248569
7262986
7267656
7270660
7278346
7283429
7290915
7336592
7358477
7363573
7366696
7377584
7383400
7395763
7398112
7408636
7436319
7446827
7449682
7458882
7473671
7477893
7480723
7491173
7500501
7530281
7531124
7534833
7538185
7542417
7547427
7550229
7564563
7583802
7591450
7609174
7619972
7638027
7640150
7657621
7663060
7704836
7711741
7748142
7765059
7779610
7786899
7796485
7819317
7834917
7841772
7847535
7848186
7865035
7872901
7873410
7882023
7883372
7896540
7931108
7933516
7941397
7955341
7959869
7977729
8003940
8027476
8035190
8035595
8041590
8064762
8093118
8096241
8103748
8117560
8120055
8125001
8134476
8141301
8174686
8189243
8196461
8205498
8216926
8222222
8233038
8238255
8241974
8245632
8253976
8256629
8269809
8270598
8306524
8317702
8330350
8339311
8352936
8356908
8362429
8364723
8372286
8378808
8389112
8413226
8433442
8434550
8437691
8450395
8469661
8474844
8475297
8476139
8485261
8487983
8491297
8499668
8544841
8551627
8571437
8592613
8593545
8599508
8601928
8604490
8605843
8614004
8616281
8630738
8638708
8640004
8657259
8665674
8682812
8690891
8702012
8709077
8737163
8743494
8745293
8761530
8767321
8795824
8806474
8809827
8818703
8823052
8830478
8847672
8848965
8860766
8867306
8872644
8873829
8889632
8905911
8906335
8946574
8946743
8956167
8961975
8973918
8977378
8979431
8992131
8994250
9012253
9033378
9038838
9040941
9046620
9048616
9069219
9095592
9110029
9116534
9124638
9141241
9160655
9165977
9167213
9189295
9193540
9198391
9207210
9221807
9227175
9227195
9239382
9248789
9250887
9270945
9279310
9282685
9288419
9303286
9306320
9313283
9330415
9336004
9370511
9382621
9396986
9408749
9414732
9436631
9445498
9455926
9459421
9488891
9494085
9501792
9535982
9542041
9544785
9563275
9600069
9602210
9605516
9612620
9624028
9631383
9642515
9656514
9674039
9685906
9686529
9710391
9721537
9726749
9731150
9738657
9754569
9767882
9770419
9782758
9803654
9815213
9815897
9818650
9830181
9833611
9846801
9847600
9851921
9863354
9872105
9872231
9881536
9882019
9893221
9906263
9912041
9912762
9953830
9956681
9966527
9967750
9969075
9971914
9979599
9981846
9982095
