10000 42 10 1000
11
19
32
38
65
71
77
78
81
91
119
126
138
146
167
172
183
186
192
199
204
211
215
218
220
221
226
228
299
304
319
323
332
353
368
372
377
402
405
414
416
432
470
504
509
515
554
555
566
571
595
596
605
607
634
637
642
654
655
667
697
711
721
723
724
731
733
744
753
760
783
789
796
823
825
835
837
861
869
875
878
901
905
909
925
934
947
959
966
967
970
987
995
1005
1008
1038
1040
1052
1073
1084
1089
1093
1096
1103
1125
1135
1136
1147
1158
1167
1178
1183
1184
1211
1231
1236
1239
1247
1250
1264
1266
1267
1274
1283
1288
1289
1293
1300
1315
1327
1350
1364
1375
1380
1397
1413
1426
1437
1446
1461
1473
1488
1500
1505
1515
1516
1524
1548
1559
1564
1565
1569
1574
1598
1641
1642
1663
1664
1665
1675
1709
1713
1728
1755
1770
1788
1790
1792
1800
1807
1811
1813
1815
1818
1819
1826
1835
1844
1855
1860
1873
1885
1888
1905
1919
1939
1960
1961
1978
1986
1989
2020
2043
2081
2082
2087
2094
2103
2107
2113
2117
2131
2159
2166
2172
2173
2196
2200
2203
2209
2240
2241
2266
2271
2277
2282
2308
2310
2322
2333
2347
2353
2361
2372
2375
2378
2386
2392
2398
2403
2406
2426
2440
2451
2463
2464
2478
2504
2519
2521
2524
2526
2528
2530
2536
2540
2548
2591
2611
2618
2630
2653
2681
2687
2693
2706
2725
2730
2736
2738
2747
2748
2749
2760
2770
2773
2780
2797
2810
2815
2817
2823
2824
2828
2835
2840
2841
2847
2862
2867
2886
2892
2897
2901
2912
2926
2950
2970
2976
2983
2984
2985
2986
3045
3048
3079
3080
3089
3098
3106
3109
3120
3123
3128
3136
3145
3151
3174
3178
3181
3182
3195
3203
3230
3235
3259
3280
3287
3290
3307
3314
3331
3351
3368
3392
3404
3446
3447
3452
3456
3460
3463
3472
3476
3481
3483
3498
3533
3541
3545
3554
3562
3569
3591
3593
3595
3611
3613
3630
3641
3661
3666
3681
3682
3696
3697
3708
3714
3744
3747
3754
3763
3772
3789
3792
3799
3814
3827
3830
3835
3838
3839
3880
3898
3900
3903
3912
3949
3950
3953
3964
3969
3992
4015
4016
4026
4030
4041
4051
4065
4074
4104
4105
4110
4114
4125
4127
4138
4175
4179
4187
4198
4203
4219
4230
4231
4233
4259
4266
4285
4310
4313
4314
4344
4346
4363
4377
4383
4391
4393
4398
4408
4411
4412
4419
4421
4430
4463
4464
4465
4471
4489
4493
4503
4514
4518
4522
4552
4553
4560
4567
4581
4614
4617
4624
4625
4631
4650
4657
4658
4680
4691
4693
4703
4718
4730
4731
4745
4747
4760
4762
4775
4783
4798
4803
4811
4812
4817
4829
4832
4835
4846
4848
4859
4877
4889
4892
4895
4912
4924
4926
4930
4941
4943
4945
4957
4959
4966
4987
4993
5005
5022
5045
5055
5061
5065
5071
5083
5084
5087
5097
5111
5120
5123
5124
5139
5146
5155
5180
5216
5229
5261
5276
5285
5291
5311
5321
5334
5338
5347
5349
5384
5392
5394
5395
5410
5440
5451
5465
5479
5483
5485
5488
5502
5510
5519
5520
5533
5537
5541
5547
5552
5558
5567
5582
5594
5598
5613
5618
5636
5640
5652
5670
5678
5679
5699
5701
5704
5705
5722
5728
5735
5762
5765
5770
5773
5784
5792
5811
5818
5822
5834
5844
5865
5870
5895
5912
5916
5924
5940
5954
5960
5978
5986
5991
6003
6015
6027
6028
6035
6055
6062
6090
6091
6099
6109
6120
6123
6124
6128
6130
6136
6154
6156
6164
6173
6178
6181
6185
6194
6198
6222
6223
6225
6227
6249
6252
6269
6277
6281
6289
6304
6309
6310
6318
6322
6323
6329
6339
6381
6383
6385
6400
6406
6419
6425
6434
6439
6444
6449
6471
6482
6491
6496
6497
6515
6529
6530
6532
6540
6554
6556
6557
6569
6578
6584
6602
6604
6616
6617
6621
6626
6632
6649
6650
6655
6677
6707
6716
6717
6718
6719
6729
6751
6768
6769
6770
6777
6787
6791
6811
6814
6833
6843
6851
6866
6879
6885
6887
6888
6889
6912
6921
6948
6952
6960
6968
6991
7005
7009
7023
7040
7049
7058
7061
7065
7086
7116
7134
7152
7167
7170
7180
7181
7184
7208
7217
7229
7255
7259
7266
7271
7278
7297
7304
7305
7310
7312
7330
7353
7369
7375
7397
7409
7426
7466
7505
7507
7510
7526
7529
7537
7549
7566
7596
7598
7600
7601
7605
7625
7630
7631
7633
7634
7638
7646
7655
7667
7694
7701
7703
7708
7711
7713
7716
7732
7751
7764
7767
7769
7774
7787
7793
7802
7809
7822
7832
7840
7842
7847
7848
7857
7860
7872
7879
7880
7888
7906
7910
7911
7913
7915
7921
7929
7955
7961
7967
7986
7988
7998
8024
8032
8034
8068
8098
8104
8111
8118
8128
8130
8134
8164
8189
8195
8196
8217
8234
8241
8258
8267
8285
8297
8312
8313
8321
8326
8327
8331
8338
8355
8363
8366
8381
8389
8403
8404
8420
8433
8437
8450
8452
8457
8460
8472
8479
8502
8521
8527
8528
8529
8531
8535
8559
8566
8569
8588
8592
8599
8605
8608
8612
8613
8614
8625
8629
8641
8646
8651
8656
8658
8681
8701
8718
8719
8723
8726
8734
8736
8744
8758
8764
8790
8795
8799
8802
8807
8813
8821
8837
8841
8855
8877
8883
8890
8896
8907
8910
8916
8921
8924
8930
8953
8997
9010
9013
9016
9031
9039
9040
9064
9077
9092
9103
9112
9121
9123
9126
9132
9138
9140
9149
9161
9163
9166
9171
9177
9211
9230
9233
9284
9293
9294
9298
9299
9309
9323
9324
9344
9350
9353
9354
9376
9378
9385
9411
9424
9435
9443
9456
9464
9466
9482
9495
9510
9519
9526
9541
9542
9560
9563
9575
9598
9604
9611
9637
9648
9652
9655
9660
9672
9682
9691
9694
9700
9708
9720
9721
9726
9735
9741
9759
9778
9784
9800
9802
9818
9860
9863
9866
9883
9896
9897
9905
9926
9927
9938
9939
9954
9975
9981
