10000 42 42 1000
14
26
34
47
53
54
75
82
104
107
114
122
126
144
146
148
172
173
204
232
241
247
277
279
285
290
307
316
319
329
335
343
348
356
369
370
377
382
392
427
434
439
456
492
499
500
520
526
533
536
537
547
548
555
557
561
579
586
596
599
605
619
620
624
633
658
665
668
715
747
754
757
761
777
781
785
789
790
792
801
809
818
824
833
874
875
877
882
923
926
934
969
1017
1028
1034
1036
1040
1043
1050
1063
1067
1078
1089
1119
1125
1137
1140
1162
1166
1180
1189
1197
1201
1202
1212
1217
1218
1233
1244
1249
1255
1256
1271
1277
1280
1318
1327
1354
1367
1368
1373
1386
1396
1398
1416
1423
1425
1435
1436
1441
1448
1477
1496
1501
1517
1519
1521
1543
1577
1588
1589
1591
1606
1616
1622
1625
1632
1651
1665
1678
1679
1684
1691
1695
1729
1736
1745
1746
1754
1761
1767
1784
1786
1801
1810
1824
1827
1828
1831
1833
1849
1865
1872
1884
1896
1910
1911
1963
1977
1986
1994
2003
2024
2026
2029
2046
2053
2057
2060
2086
2089
2125
2142
2144
2151
2164
2183
2192
2196
2214
2232
2251
2253
2255
2280
2287
2299
2307
2320
2327
2328
2345
2355
2364
2365
2376
2389
2391
2393
2410
2411
2414
2433
2446
2460
2461
2469
2475
2483
2515
2516
2519
2521
2524
2531
2537
2538
2547
2552
2566
2572
2597
2625
2629
2631
2633
2648
2649
2657
2659
2680
2685
2690
2705
2711
2717
2726
2734
2741
2759
2777
2783
2798
2806
2812
2819
2842
2859
2870
2877
2891
2898
2902
2923
2926
2938
2942
2943
2961
2994
2997
3005
3009
3018
3023
3036
3037
3049
3057
3065
3075
3079
3086
3097
3123
3128
3139
3144
3167
3169
3183
3186
3192
3215
3219
3227
3244
3267
3278
3279
3281
3296
3298
3300
3302
3306
3323
3335
3353
3354
3355
3397
3409
3416
3430
3436
3442
3450
3461
3478
3482
3494
3498
3513
3518
3524
3528
3533
3547
3566
3569
3573
3578
3581
3583
3585
3588
3599
3606
3620
3625
3639
3673
3681
3687
3705
3706
3723
3727
3733
3735
3739
3758
3761
3803
3812
3818
3824
3852
3868
3869
3903
3910
3914
3936
3937
3951
3953
3957
3975
3978
3982
4004
4030
4060
4068
4077
4122
4130
4150
4151
4155
4158
4168
4172
4174
4181
4183
4188
4192
4197
4204
4206
4248
4250
4264
4268
4298
4309
4314
4317
4320
4321
4344
4346
4364
4374
4389
4393
4397
4414
4420
4444
4452
4454
4481
4484
4487
4504
4509
4511
4518
4524
4530
4542
4546
4551
4558
4564
4565
4567
4572
4577
4585
4586
4614
4619
4632
4634
4641
4654
4662
4673
4674
4677
4688
4697
4701
4707
4719
4727
4747
4760
4770
4782
4807
4819
4840
4857
4859
4874
4875
4884
4893
4899
4912
4913
4915
4922
4934
4942
4944
4948
4955
4965
4967
4971
4994
5019
5026
5028
5031
5056
5061
5066
5084
5086
5098
5113
5119
5121
5123
5128
5134
5143
5144
5152
5155
5156
5160
5179
5184
5190
5193
5207
5221
5232
5243
5248
5276
5289
5291
5321
5343
5349
5362
5370
5392
5415
5416
5417
5429
5434
5435
5451
5457
5483
5484
5494
5498
5504
5505
5518
5552
5565
5569
5570
5590
5616
5621
5642
5648
5667
5686
5687
5688
5696
5711
5721
5733
5739
5741
5753
5754
5756
5765
5777
5778
5785
5792
5799
5807
5809
5811
5819
5832
5845
5846
5853
5854
5856
5865
5869
5878
5881
5886
5890
5916
5951
5959
5963
5968
5982
5985
5989
6004
6009
6016
6018
6023
6033
6055
6068
6079
6086
6129
6133
6136
6142
6149
6158
6165
6176
6181
6185
6192
6206
6214
6219
6220
6227
6239
6247
6263
6274
6280
6288
6308
6321
6352
6354
6359
6362
6399
6408
6419
6426
6434
6457
6465
6475
6490
6505
6518
6519
6526
6561
6562
6567
6570
6571
6575
6583
6586
6594
6596
6598
6599
6605
6622
6643
6657
6676
6680
6685
6691
6697
6765
6769
6782
6786
6788
6790
6808
6867
6871
6874
6897
6898
6899
6901
6903
6913
6914
6932
6933
6958
6961
6963
6973
6977
6978
6980
6985
6994
7006
7010
7012
7016
7026
7030
7034
7046
7060
7105
7109
7111
7113
7120
7123
7125
7145
7157
7162
7172
7173
7218
7220
7226
7235
7256
7294
7296
7316
7318
7328
7331
7336
7350
7361
7365
7373
7384
7401
7417
7421
7448
7462
7479
7499
7506
7532
7535
7547
7557
7563
7580
7582
7583
7592
7605
7606
7610
7614
7619
7621
7636
7637
7638
7642
7651
7661
7662
7665
7667
7673
7684
7734
7741
7744
7760
7772
7773
7797
7817
7826
7831
7836
7837
7847
7850
7852
7866
7890
7905
7907
7910
7913
7916
7925
7932
7934
7949
7953
7957
7975
7981
7990
7991
7996
7997
8011
8013
8032
8042
8050
8067
8070
8078
8080
8094
8111
8114
8128
8137
8150
8153
8163
8170
8173
8175
8184
8190
8199
8201
8206
8213
8222
8223
8224
8228
8243
8249
8250
8255
8257
8296
8298
8303
8309
8339
8351
8358
8361
8362
8390
8407
8416
8420
8422
8426
8428
8435
8451
8463
8465
8467
8472
8487
8489
8498
8501
8510
8518
8535
8557
8573
8579
8617
8621
8624
8631
8642
8643
8651
8658
8666
8674
8687
8702
8732
8736
8750
8762
8763
8770
8780
8847
8860
8862
8868
8870
8872
8880
8901
8904
8918
8923
8937
8946
8948
8949
8960
8966
8993
8995
9003
9008
9009
9010
9015
9028
9036
9041
9047
9048
9066
9104
9115
9122
9136
9142
9150
9153
9177
9178
9216
9234
9248
9252
9254
9268
9275
9289
9297
9298
9308
9314
9374
9389
9399
9403
9412
9421
9426
9433
9469
9502
9528
9531
9556
9564
9568
9570
9580
9589
9606
9615
9616
9654
9660
9688
9693
9696
9707
9709
9713
9732
9737
9742
9765
9772
9780
9796
9803
9815
9831
9836
9842
9855
9873
9891
9894
9902
9904
9911
9942
9949
9959
9978
