10000 100 50 1000
4
35
40
46
50
54
59
70
81
82
83
84
85
100
115
126
140
143
162
176
185
186
195
211
224
237
246
247
253
255
256
272
279
286
306
315
316
319
325
335
345
351
361
384
389
397
410
413
414
426
431
434
450
455
476
478
479
516
527
531
534
537
561
564
576
594
596
599
601
603
615
621
627
632
639
652
657
667
675
677
683
684
691
725
729
748
752
785
786
795
799
810
815
818
845
891
903
905
922
930
931
937
945
950
956
960
978
979
982
986
988
1002
1004
1008
1018
1023
1025
1028
1030
1051
1069
1075
1079
1083
1093
1110
1114
1116
1118
1148
1153
1186
1219
1234
1238
1254
1295
1299
1305
1316
1330
1340
1367
1369
1370
1392
1414
1425
1448
1450
1467
1488
1489
1491
1492
1507
1513
1524
1539
1544
1560
1577
1589
1591
1600
1613
1615
1616
1630
1641
1652
1654
1665
1684
1686
1689
1690
1701
1721
1729
1745
1748
1756
1763
1772
1793
1795
1798
1800
1801
1807
1808
1811
1844
1853
1856
1883
1899
1905
1907
1912
1945
1953
1958
1959
1964
2007
2019
2022
2031
2035
2036
2039
2049
2057
2070
2076
2078
2094
2098
2102
2105
2107
2132
2155
2158
2168
2169
2172
2175
2179
2191
2230
2233
2239
2244
2247
2248
2262
2274
2280
2286
2287
2290
2304
2305
2322
2335
2340
2341
2357
2358
2370
2388
2393
2397
2398
2399
2404
2411
2414
2417
2422
2431
2448
2485
2494
2497
2522
2537
2552
2567
2584
2585
2588
2592
2599
2606
2610
2658
2680
2681
2691
2692
2696
2700
2711
2713
2722
2743
2756
2763
2775
2798
2807
2812
2824
2861
2864
2875
2878
2882
2893
2909
2912
2925
2940
2945
2946
2952
2970
2974
2978
2980
2994
3017
3019
3023
3032
3034
3047
3053
3054
3060
3088
3119
3121
3123
3131
3160
3179
3181
3189
3206
3209
3214
3217
3226
3232
3236
3256
3266
3271
3285
3321
3327
3331
3335
3342
3343
3382
3395
3396
3402
3415
3445
3446
3464
3478
3490
3494
3496
3504
3509
3513
3530
3532
3555
3559
3578
3603
3612
3614
3630
3631
3633
3643
3646
3653
3654
3655
3660
3666
3669
3671
3688
3693
3700
3747
3764
3815
3816
3845
3866
3887
3890
3893
3901
3914
3918
3927
3930
3937
3941
3944
3951
3970
3981
3992
4027
4028
4029
4032
4040
4067
4079
4081
4092
4095
4096
4106
4122
4134
4140
4162
4167
4175
4177
4184
4185
4197
4228
4230
4231
4235
4239
4250
4253
4270
4291
4300
4303
4307
4317
4329
4335
4336
4354
4365
4367
4390
4395
4399
4400
4407
4419
4426
4446
4459
4460
4464
4486
4495
4498
4534
4550
4555
4563
4569
4586
4589
4604
4610
4615
4621
4622
4627
4630
4633
4635
4646
4647
4654
4657
4676
4690
4700
4707
4709
4719
4734
4735
4738
4742
4754
4756
4780
4782
4786
4822
4838
4849
4853
4855
4863
4875
4879
4899
4902
4903
4905
4906
4907
4914
4917
4941
4954
4960
4965
5000
5001
5045
5054
5069
5072
5083
5084
5085
5086
5096
5098
5102
5104
5114
5117
5134
5139
5154
5157
5182
5188
5202
5205
5214
5241
5260
5264
5286
5293
5306
5307
5310
5315
5317
5329
5336
5388
5395
5401
5422
5431
5433
5444
5452
5464
5483
5484
5496
5500
5515
5518
5537
5542
5544
5570
5583
5597
5617
5619
5628
5642
5677
5682
5684
5688
5694
5703
5714
5715
5726
5733
5749
5756
5760
5769
5820
5821
5829
5838
5844
5858
5862
5871
5878
5881
5890
5904
5935
5936
5937
5953
5963
5966
5974
5980
5985
6006
6020
6083
6084
6090
6103
6107
6109
6115
6120
6121
6128
6132
6138
6142
6146
6156
6157
6186
6210
6223
6244
6250
6280
6286
6306
6317
6319
6322
6330
6338
6352
6374
6384
6388
6400
6404
6410
6412
6415
6417
6423
6424
6428
6434
6443
6449
6484
6488
6502
6550
6580
6603
6642
6645
6651
6669
6681
6695
6705
6712
6716
6722
6724
6727
6730
6732
6736
6737
6738
6758
6806
6815
6817
6829
6842
6889
6894
6908
6914
6929
6958
6962
6978
6985
7003
7004
7013
7030
7046
7072
7081
7083
7090
7093
7096
7101
7104
7105
7120
7121
7129
7137
7139
7143
7154
7175
7203
7214
7221
7227
7229
7231
7240
7265
7274
7286
7297
7318
7319
7351
7353
7361
7370
7382
7390
7396
7408
7417
7426
7436
7467
7468
7473
7478
7481
7495
7507
7510
7511
7512
7517
7531
7542
7545
7547
7551
7558
7569
7572
7573
7580
7591
7600
7605
7630
7634
7642
7648
7653
7655
7662
7696
7700
7717
7734
7777
7780
7783
7809
7811
7838
7853
7855
7858
7861
7867
7878
7883
7889
7899
7903
7909
7910
7912
7916
7917
7919
7940
7951
7954
7961
7979
7981
7988
7989
7993
8052
8060
8069
8101
8105
8109
8122
8128
8130
8131
8134
8157
8158
8160
8161
8166
8171
8178
8220
8227
8237
8265
8269
8314
8316
8327
8351
8354
8375
8376
8378
8400
8402
8412
8429
8438
8478
8482
8486
8497
8502
8509
8512
8520
8526
8536
8539
8546
8547
8549
8553
8577
8602
8606
8638
8644
8647
8651
8668
8684
8690
8706
8710
8711
8722
8735
8760
8768
8770
8771
8775
8791
8792
8803
8804
8814
8819
8830
8840
8845
8861
8865
8866
8867
8882
8909
8911
8919
8936
8962
8977
8979
9016
9018
9034
9045
9047
9069
9118
9136
9138
9142
9145
9184
9185
9200
9211
9220
9222
9227
9243
9263
9272
9274
9277
9311
9315
9324
9337
9367
9374
9377
9386
9392
9396
9399
9404
9421
9435
9445
9460
9467
9471
9494
9511
9535
9537
9542
9546
9564
9599
9603
9609
9615
9627
9634
9638
9643
9652
9653
9686
9697
9704
9722
9724
9735
9749
9754
9759
9763
9768
9770
9790
9792
9794
9809
9816
9825
9830
9832
9837
9838
9862
9864
9877
9895
9911
9923
9940
9949
9952
9966
9967
9973
9977
9994
9999
