10000
2478 7912
6084 6327
6138 7981
4307 7844
7336 7751
2033 5179
7681 9457
1937 9759
3179 8668
5807 9140
1393 5001
7092 7269
2949 6914
4827 8482
2076 4009
7719 8871
4555 8189
3200 4462
1027 9388
9 8506
654 8215
3785 7387
7876 9311
797 4946
519 9517
3063 7059
58 6852
217 5922
880 8300
55 2862
6263 7095
5024 8662
2236 4279
3890 7165
610 4168
3495 7718
1203 5448
202 9869
2716 9854
6652 8272
3933 4606
4200 5534
2005 5334
6651 6921
3286 9696
3662 6424
2618 5151
1307 4147
6380 8817
451 9893
4542 8510
3437 6940
6995 9450
7362 7548
4579 8194
5781 9022
7423 8708
500 3202
162 346
1457 9767
6169 6404
2291 9816
7148 7980
1596 4370
2732 5864
94 4757
6361 6598
2399 6845
4764 9579
5428 8694
6406 8007
999 8918
4603 8140
2668 9936
1244 9938
2775 6835
6455 7444
2870 8286
6052 7822
7469 7884
5868 6948
1926 4808
3402 9787
4666 6275
3714 9427
1174 3887
269 1026
5131 7134
727 5798
8077 9942
5944 9340
723 5594
8878 9793
7212 7457
226 311
1363 6543
893 8557
924 4785
766 3999
1304 4885
1110 3124
1689 8023
3235 6029
4469 5770
3371 5319
1046 9312
302 7723
2480 6520
4719 8620
5399 9187
3488 5508
7274 7451
5092 5295
114 886
5882 6475
7991 9672
1777 9915
3289 9001
3151 4462
7861 9230
1867 4296
3811 9576
3473 4095
255 1367
2749 9929
5167 8794
550 2971
6160 8816
2455 6116
668 8681
2622 8986
3660 4493
1583 7829
3572 9118
5552 9075
513 6782
436 933
6562 9147
682 7498
5837 7658
1766 4800
1629 4164
2343 5100
5384 9307
2743 6984
1891 7288
5480 6564
465 8891
37 6010
1209 2883
496 8098
2625 9622
5279 9603
1090 2560
1019 1468
1171 1440
5524 6138
4844 6911
3619 7097
6092 7947
578 3729
5888 9977
1057 5592
525 7421
4653 8592
1136 2885
3548 4878
3041 8134
2266 9582
92 890
7371 7809
4091 8941
3345 7739
2577 3033
4773 6025
1183 2685
1705 5103
1538 6357
4054 5158
3323 5650
2130 8026
1611 1758
1118 5239
1622 7951
3526 7418
485 3942
4156 9649
1193 8898
4196 4299
3055 7860
1865 9094
1178 6184
6669 9226
91 8019
726 7074
8478 8758
8363 9428
4235 5805
4275 5679
3571 4925
2464 2631
5380 8335
4690 4757
1849 8982
4554 6205
6627 8583
6238 7112
345 5920
9258 9982
8688 8838
264 6346
1099 1722
1034 9774
2778 3427
4365 6873
790 7351
6817 7301
4273 7324
7169 9795
4674 7990
2988 3470
5770 8860
8265 8731
2834 8962
7624 9714
248 6395
1374 7126
5896 7943
1526 8519
586 2950
367 647
5965 7014
5561 9401
1646 9007
4933 9373
2752 6194
9346 9943
1595 7662
3860 7053
7048 8461
2914 9309
2504 3030
4392 9415
1362 1529
1692 6371
2101 5310
1339 1419
6443 7428
5660 9262
3920 6679
3059 7311
5177 8558
3239 4615
2290 8867
5750 6600
2669 7513
1384 8943
5 9510
6796 8319
3879 4506
4502 5645
3602 4264
3158 9904
339 6601
8323 8942
4715 8279
2077 2456
7970 8855
5755 9682
62 8491
7405 8640
1740 2199
750 2362
1807 4367
763 3614
3573 3996
287 7046
4958 6579
1305 6129
4556 5767
1396 7612
5166 9889
175 9778
145 7424
2007 7611
1107 7791
3649 3677
985 4715
3909 7207
211 4643
211 4145
2078 5691
1594 6266
2753 9392
6535 7801
1644 4575
2100 9478
4665 8954
67 156
2626 6273
1278 7065
713 6568
3190 5680
2083 7194
5335 8223
5973 8098
2147 3972
6396 8629
7900 9916
3346 5174
5466 8223
458 2400
682 1940
4080 9861
1089 4098
3608 5291
6411 9970
6683 7289
8538 8706
1111 7896
2275 5872
1438 5012
3983 8390
4703 8750
3227 9341
1162 2571
1313 5989
4022 5027
5792 6152
5293 6168
2760 9488
3997 4439
1383 2085
419 8794
1043 8614
5854 8924
5529 8182
7919 9420
8196 9375
5343 6656
5437 8466
2233 5402
1048 7851
7883 9134
3834 4416
2927 5021
6471 8530
6734 6927
8081 8919
3136 4846
6193 6206
459 4161
744 4781
3249 7948
576 3773
1856 5269
5853 9878
2330 6024
4908 8382
1891 2660
1718 2088
1762 5867
8641 9762
717 8311
2287 9434
4480 9424
8471 8481
2520 3228
4388 7727
119 4918
4142 6460
2152 5843
8696 9835
322 1894
6943 8839
4073 4862
309 8747
2234 6420
6018 6653
251 879
6497 8485
3232 7178
286 1270
4111 7001
6444 7339
5308 6822
3205 6717
3057 9805
2944 6226
5107 6268
1522 7644
7830 8726
3382 5407
776 8063
6395 9237
5614 9865
3113 9787
2070 7897
2461 8342
908 3288
2870 5084
2979 8308
3575 4155
2032 4871
538 9050
3592 4171
6071 9314
2458 5702
8919 9542
8183 9021
746 4684
358 1040
4712 9839
2869 3400
2339 8622
2394 9149
2299 4101
432 2566
1579 2491
5571 8591
882 2323
847 6965
8886 9133
2010 3869
5007 9221
2336 2639
3864 4085
8786 10000
3872 4717
1797 7904
2515 2694
5642 7050
2609 4043
2959 9115
5939 6122
2222 8267
848 5642
1135 3946
6831 7238
3029 6952
5846 7525
2073 3542
5350 5628
5055 9545
3135 3669
568 8597
5016 5070
5221 9231
2969 5722
3284 9008
2673 7707
5651 7622
6101 9090
5806 9351
3156 3756
6819 7454
485 2334
1258 2453
2017 5433
4848 5955
354 3498
7627 9834
8052 9042
2062 6367
5458 7768
2764 8259
4171 8543
2217 3273
2705 9015
397 9290
5966 8695
1500 8437
6585 6792
2213 8181
822 4592
5620 7720
2712 6454
2558 4847
4170 6755
3445 4180
4683 8549
675 6433
6442 9461
1118 2850
3069 4470
2709 3343
652 6376
57 5657
1858 6881
2895 6597
1191 4584
2726 6378
4389 7160
7800 9806
9063 9827
2609 8863
3336 6672
1181 2871
5812 6740
7169 8227
1890 8925
6189 6282
1649 8552
6300 7972
412 3185
2540 4353
1471 4178
3337 9468
1662 4154
5616 7577
2785 3754
321 3633
3526 5923
5050 8484
6449 9254
4929 9139
3914 6534
7473 7692
5089 9905
2750 8395
5275 8856
5810 6512
3624 4646
369 3863
5258 9728
2586 4770
2180 3889
4666 7672
1868 6032
6280 8958
5000 8133
6214 9448
6503 9253
3109 7492
275 6212
7142 8368
2628 3148
1949 5980
1036 4574
2791 9617
1614 7868
295 9867
2535 7501
6463 6829
109 3505
541 7346
4372 9247
116 5708
2070 3589
6885 9155
2624 4477
5100 9866
5263 7416
7061 7258
6141 6313
7402 7725
3624 9182
2127 3765
7007 7740
1652 3839
4267 9193
3150 8049
2686 3623
1611 8341
1560 2358
2893 3671
5123 7433
56 6755
7553 9183
4277 5740
4998 5441
2465 3964
7904 8213
4146 6241
212 9408
6869 9593
7849 8810
805 1792
4798 8670
2393 6055
3525 3944
6110 7451
2213 4590
6365 7383
5819 8299
520 3437
6530 6560
3768 5747
1395 7034
665 4771
6547 6634
1217 3528
2204 8145
801 5322
321 9578
919 3266
1175 6540
2417 7049
3702 3970
3786 6502
7856 8563
9205 9754
1982 8249
7034 9382
3054 6379
6705 7297
959 1971
2885 8184
3769 5824
184 403
9957 9972
3244 9632
2363 4006
1434 6669
1476 5292
6793 9357
1958 9665
2517 6386
94 1124
40 1349
2029 7374
2823 6242
6152 6284
1016 8542
1972 7717
2178 7166
3832 7468
6208 7539
1433 8480
1443 1862
2255 6806
1090 8333
1059 9246
2715 2880
1568 6012
5726 5988
4362 8315
3884 5647
7752 8519
1188 2478
5601 6378
6331 7163
3027 8415
6115 8020
461 3599
5938 8739
535 6235
4373 9485
3280 8380
1403 1564
382 4014
2863 4902
187 7445
2447 3727
3128 8849
342 2507
1332 4812
7963 8320
1605 7566
735 2304
3744 4350
1182 1832
8013 8857
604 7541
2185 4209
3513 4707
174 7938
6915 9199
1442 5622
1538 6562
3338 4830
61 6906
563 5583
228 2931
7837 8023
143 7503
2418 6078
6413 9811
2824 8953
7665 8926
1155 1220
4685 5551
31 9964
875 6666
37 9920
586 9912
679 5766
3201 4537
2150 8163
4441 7538
1241 9590
974 6992
1964 2234
1411 1762
803 2248
1031 1946
5761 9213
994 4543
4562 9119
2029 9319
7854 9004
3815 4445
5350 9768
4410 5686
1333 8632
6565 9467
4287 4344
2240 3068
8249 9144
1338 5734
3453 5535
4839 9652
7404 9825
479 9740
2395 9958
2578 9483
5844 7975
4644 7017
8638 9249
3273 9291
6144 8343
4649 6929
8178 9050
864 873
4192 9128
2288 3715
3557 7081
6022 7711
1888 7802
5703 6619
6023 7117
2455 4599
3034 8820
3208 6229
2471 9558
752 6926
445 3674
2910 7017
3524 5103
2176 8980
1945 9167
5555 7984
3367 7359
7581 9535
8475 8946
4494 5733
539 5096
2311 8158
3095 7339
7498 8414
516 3973
7771 9445
334 9649
1163 5635
4035 5180
6226 6768
3034 7564
3363 5714
3844 9354
2315 7021
3236 4231
3612 9086
8289 8735
7220 8913
4901 6571
895 9506
2918 7641
7582 8553
2849 7889
1369 5823
1890 8789
8643 9918
3477 8171
8089 8807
2381 3523
7683 9890
1656 1728
3303 5462
3300 5982
3242 6632
4897 6124
961 9344
1297 8837
3084 6980
8642 9268
4323 6452
3874 4751
299 514
215 5509
1148 7618
2272 6183
2902 9680
6809 8302
6487 8397
1421 4623
3882 9884
2003 4130
1291 5057
1132 4725
2424 5793
99 9250
3829 4315
5489 8918
31 9655
6310 7397
4319 7181
7131 9867
3578 7140
2031 2439
544 2485
5898 6108
6747 9226
1515 7217
4740 8000
676 2296
38 1450
4750 5552
129 9873
5339 9102
4578 7431
123 8097
2218 7842
597 6153
8616 8742
4564 4887
5413 9965
3759 8787
137 3282
8659 8778
950 7331
301 4426
4109 6434
407 8416
2115 5375
2945 8301
7953 9614
5388 6436
2894 7058
5043 8099
2658 2964
2183 2955
5548 5902
4562 8889
1710 8829
4368 7000
4438 6937
859 7908
3523 6553
4229 7191
7671 8472
4792 5726
4697 4908
612 3847
566 795
3144 6362
1955 4058
21 3733
6582 8256
418 8030
2683 5550
333 4547
2276 6149
3626 6848
5046 6909
1072 3423
1547 2481
3553 8283
2755 4015
3236 8246
8843 9499
871 7826
4197 8222
2924 3604
4186 9790
4410 5409
4138 9097
267 9648
1229 5027
2210 8931
4097 6726
1607 6849
7899 8111
315 2163
6979 9877
6774 7415
5664 6665
2516 6517
5754 9216
1287 4009
6971 7723
7744 8420
2494 7008
1682 6588
2972 8198
5250 9743
3363 6067
683 8701
3 8419
4987 6918
4605 7160
6942 8819
1285 1617
5576 9293
1811 8156
2760 7496
3272 4188
3549 5368
7321 9490
8452 9933
5282 8266
2267 4644
7788 8569
3226 7836
308 2529
1962 9507
1572 4618
3190 8463
8870 9125
2346 6607
4843 7493
330 2522
2519 9095
7512 7907
232 6659
7738 9286
1481 6552
3513 7202
195 7393
325 7394
261 294
8981 9082
1783 9534
5778 8276
672 9627
3455 9635
5981 8520
1130 7406
1623 5648
7585 7914
926 4287
7187 8238
2024 3952
3436 4989
214 8731
2022 9056
273 3981
1955 9093
5452 6501
7210 9195
824 3954
2909 4219
725 1307
8732 9204
5546 6136
4953 8710
1336 2704
3564 6819
5019 5431
3189 7375
2042 2336
2201 2604
1281 3377
1343 8760
327 3112
1733 8205
8872 9637
3808 7639
952 3160
2975 9386
8536 9640
107 1060
1694 8771
4291 7356
1608 6673
5873 8815
1758 6162
764 5857
3880 3991
671 6429
4654 5390
3687 4628
266 5476
5698 6325
7922 9977
342 2348
5496 9404
7513 9544
702 3692
5627 8402
4019 9799
3033 8555
131 9329
2768 3787
2026 2322
8583 9641
2981 7848
268 2596
7030 8617
2376 5361
2383 3237
4188 5041
8967 9653
8110 8644
7444 8119
5083 6599
2437 2640
4305 5519
127 7377
3683 9175
1517 6678
4748 6719
5240 7308
2063 8580
2339 6846
2248 5595
86 8261
6486 8392
1354 7403
9252 9504
4542 7412
1148 5555
357 9122
1652 1731
6760 7242
1061 6315
497 6281
5192 6259
168 8243
774 7976
13 6316
2490 3217
4571 5345
2917 3296
2959 6006
745 9116
2534 6720
4611 5960
230 4902
6477 7887
1208 7408
5639 7368
1021 6545
4324 5785
1331 7558
5658 5874
7649 7909
5148 9425
1504 4121
1248 5074
664 3078
2209 4522
6279 9713
3940 6769
409 5360
3492 4147
590 9343
2970 9300
2861 8457
4738 4932
2607 3812
6826 8211
724 7994
1059 8062
4040 4259
3401 4010
583 7949
2404 9975
1359 5398
4790 9652
380 1683
2399 3155
2824 3600
1348 9826
3798 4895
4936 9013
3618 9380
671 1752
4399 9212
773 5122
2603 4431
4759 9843
1701 4154
1272 8665
3309 6341
1071 6240
2762 8282
1602 2702
1158 6982
3218 7970
2998 3482
2395 6435
8086 8600
1159 2663
1001 1523
2716 9570
5759 8596
868 4446
4760 8411
2225 6081
4104 7260
1158 7823
1508 2735
500 8636
5936 6460
6963 7717
3778 4063
7103 8685
4127 8259
5480 8494
171 7287
2553 7635
5178 7128
1441 3229
532 4286
7890 9666
6992 7168
3535 8672
4302 5147
5414 8135
1340 1952
6150 9176
5724 7109
9421 9849
9449 9513
462 2131
4657 9532
1352 1547
2195 5828
8271 8568
501 3948
1974 3806
75 3468
5743 8766
1746 9776
906 1588
2952 4888
9320 9406
6765 6888
1902 9896
3255 8114
953 2082
3941 8633
3788 7716
5267 6620
198 1395
8315 9279
1025 8358
189 1117
5055 5328
6377 9288
2648 4509
3553 9335
63 3710
1874 6371
5111 7885
1527 1577
5029 5782
4326 8758
4157 5919
324 8543
34 2125
3587 9426
1462 7534
2621 8325
2308 2720
192 1143
4297 7567
4272 9899
3746 5472
1618 3610
2181 4750
3875 5486
6283 7648
3012 5965
4926 6309
2799 8746
2403 9600
8469 9858
1626 9520
467 3622
2377 2808
4355 9316
8833 9548
3951 5112
203 6577
4694 6223
3892 9900
5644 6623
2192 2488
5117 9043
3192 8359
5944 9163
2265 8573
2249 7657
805 3429
6933 6935
5411 9165
241 2060
8072 8346
6044 7965
1035 7194
1386 6568
1967 3695
2652 6867
1678 6554
2281 3862
2134 4806
5354 5582
876 8692
3858 4838
6004 7415
763 7523
1268 5471
141 6563
5706 7959
1912 9082
2231 7593
1403 7015
754 3243
112 8063
3987 8957
588 6676
4405 4536
2681 5514
5056 5686
5014 7395
1389 6630
3220 5814
3974 5815
5277 6729
285 1498
4722 7041
5602 9242
4582 6973
5218 7549
7260 7278
945 1550
5928 6493
700 8135
1703 3822
1373 5209
5149 7551
4045 9920
5175 7777
8855 9610
1655 3497
1840 6000
8177 8438
728 4505
8144 8762
7175 9497
1718 3850
795 8930
2426 5907
2831 3898
3211 5280
7819 9239
5018 9666
2235 6292
1194 9704
1612 8756
1672 8982
2387 4298
2581 8073
3693 9521
3511 6019
5333 5545
2462 7270
4187 9284
5581 7676
3695 9796
2882 5649
1734 9986
4641 5169
1471 5775
1098 8939
7375 8680
6059 8112
5125 8556
2279 4302
2635 5165
481 6381
4026 6602
7833 8360
1255 1423
1597 9515
1853 7986
7895 8656
761 3246
200 296
4428 9113
1737 3905
2903 4928
3011 8287
1082 2741
79 7485
332 7038
7208 9510
817 6143
1919 3383
2194 5386
3438 9230
630 4724
2378 5530
7710 7793
4021 8411
5578 8825
509 6687
219 6910
93 2043
1402 7605
1886 6352
3851 6399
4366 6643
5962 8170
6595 8381
1994 6220
6551 7803
846 8943
7667 8321
284 9083
3329 9516
154 4347
2391 6458
189 1772
5308 5659
8765 9168
5585 8973
856 9857
3275 5757
3712 8698
994 7021
471 2737
8255 9365
4956 8804
600 7045
2608 7465
6507 9594
5093 6519
3430 8468
7590 9465
8636 8786
3664 4218
819 7326
181 603
1432 2841
607 5658
3230 6103
5253 5903
5732 8511
4507 7411
823 8486
482 6057
3352 9193
6132 7281
5421 5695
3619 7061
5694 8152
2706 8773
859 1063
1589 6121
4624 6092
1357 9255
3450 9525
6264 7152
1846 6514
3147 9484
8318 9405
4603 5806
628 5220
7535 9110
4352 8987
506 7550
4245 8582
2983 8627
6106 7765
2553 9412
3656 6150
9540 9763
3883 8585
4657 8421
1459 7343
1621 3607
4202 5184
3311 5446
3141 4484
4990 7221
3045 6304
3544 9868
4572 8526
5666 8373
7185 7926
4284 5170
2347 6930
4515 4918
3793 9747
7192 8899
339 5054
4076 5366
2476 4966
4476 8141
6220 9420
3155 5166
2794 5401
587 1394
705 6773
1171 2038
2039 8046
109 2782
847 1999
981 4096
2638 5861
1484 7072
723 2836
613 7510
320 7530
3828 6488
392 5300
2026 7584
689 7115
6874 8798
5665 6859
5958 7423
4248 9881
182 3149
1556 4660
1497 3237
6754 7157
3758 4798
3278 6330
4158 7459
2037 3734
3680 7887
621 3925
8486 9886
7968 9894
2732 5697
4933 8396
23 9934
8221 9567
2093 2148
982 6838
4278 5942
3692 5398
2604 9886
1640 5062
1628 6200
3384 3870
3652 8948
5994 7781
2328 4812
1157 8184
8712 9425
3077 6791
3062 5061
4254 5228
1115 6832
7122 9377
2831 9594
2324 2482
431 6716
5197 9683
2257 7477
5630 7613
3240 7644
442 5185
3835 4618
4115 8068
10 7944
1359 4813
8332 9354
4144 8033
585 6427
4882 5256
6697 8410
1170 7378
692 8514
2296 6509
907 2674
758 7592
1815 3089
1012 9215
448 2475
3145 5158
2482 7554
3165 7384
315 1055
3697 3986
2141 2188
1346 3407
1865 7875
8971 9171
6077 9377
5799 6351
1405 6496
5266 9725
3056 6521
3333 6384
2233 9349
5842 7686
3372 8150
5016 6488
2177 7774
7152 8996
1651 9011
4166 8799
2486 5681
432 6624
1835 8064
2086 2394
3406 6286
716 3593
4132 4163
3902 9947
3097 3121
5336 9493
290 2585
1306 9333
2582 9537
1848 6472
2032 4691
6365 8047
4227 5002
3567 4673
636 9130
7966 9046
2293 8100
6990 7274
3647 4100
1290 3653
5193 9563
944 4184
3806 8096
3265 5526
3402 7134
2470 5119
1085 1686
6673 7228
3030 9832
5380 7780
8657 9447
1576 6869
350 5310
6014 6880
1187 6147
1939 2586
7257 8594
2580 8541
2162 5324
1332 8915
7633 8959
1929 4010
7150 8678
1002 6087
123 515
341 4747
1113 8736
4155 8227
4875 5605
5312 6175
1573 9851
107 2683
7915 9291
2422 5613
3737 8610
660 2050
8176 8234
655 1487
2467 6505
3064 4242
8558 9588
2819 7863
256 8348
446 9061
1062 1769
2075 9117
1560 8405
291 1231
1337 9584
1073 2488
4140 8869
1537 2806
659 2948
2155 7503
987 6937
4568 6725
2327 3114
3870 5368
4325 8157
2835 4003
2794 3703
8447 9359
998 4723
2473 3000
4510 8688
4233 9814
3376 5036
2292 6720
4648 7019
2044 8178
6728 7871
536 3073
3143 8207
2967 5154
896 2381
3178 5792
3416 6624
1522 8404
545 9679
1802 5714
3853 9530
1293 5882
556 956
973 5397
8091 9338
4189 7625
3734 5894
4108 8666
583 872
4697 5425
5010 6229
2809 9919
2103 7477
6394 8816
5839 6591
5181 9506
1916 4526
1799 4117
246 5994
2754 4002
5013 5311
1346 3885
3325 5454
4860 7919
2159 3649
240 5362
2119 2778
312 3742
3203 8568
1128 1620
5126 7028
1147 5449
732 1292
4072 7998
2065 6176
7560 9899
3238 4303
1236 2282
1107 7516
2192 9015
1108 3449
940 9533
4835 9882
3108 8720
1475 6437
977 8393
2930 5761
8310 9961
75 3659
3442 3994
6270 7648
6320 8912
2792 4917
356 4739
2130 8763
3037 5784
3565 8132
2592 4992
1650 9111
1315 9628
3936 9729
4836 8295
4960 9626
1634 8236
605 6690
4598 9232
1681 2984
4082 4840
5385 7987
450 5297
5943 7858
1930 4664
2323 9458
2658 3138
3514 4937
3290 6622
6762 7957
2149 7401
113 2325
7927 8042
2535 9017
4530 6470
2684 7392
2241 6498
136 8208
2992 9025
8701 9541
6099 6993
1389 7601
1100 2422
7654 8754
1924 4144
19 6821
964 1932
490 9531
2669 3055
4637 8424
2174 8174
4281 5689
5723 7066
2214 6805
4274 6721
4639 8970
6528 7780
2282 7216
607 5567
2944 7617
4033 7364
1851 7226
4351 5173
570 4161
4973 7570
1767 4883
1639 4972
1229 5640
3989 6334
3643 4427
1097 9070
7142 7694
7655 9921
6706 9737
2061 9695
1558 3907
4552 6954
196 4584
8176 8598
8180 9058
537 3365
518 1975
2596 5718
2092 4100
6181 7789
263 6100
1342 7980
3774 8445
366 3148
799 7543
2301 9426
870 922
9383 9537
3292 8565
5090 7340
5619 7110
4356 8162
6352 7758
1613 5688
6357 7249
2266 2341
622 1490
7275 8723
1409 4212
4053 8407
2536 9298
5504 6066
9373 9587
5391 9407
951 4430
4912 9479
2319 5042
4651 5783
593 3635
182 3851
3087 6110
3717 3915
1000 6833
1260 8861
3026 7599
770 5863
2188 5833
2034 7910
8230 8257
1612 2579
265 5556
7724 8080
2724 3722
9106 9453
730 4870
6584 8906
4977 9946
3784 8871
628 9435
3158 3614
3466 4034
3805 9611
718 9158
1644 2255
7608 9707
453 688
1963 6655
1358 8488
7267 9235
4656 7418
428 9792
5630 7247
1494 9988
3664 5940
2125 8844
1520 9883
2091 6922
6713 9726
2171 9058
8969 9251
323 9443
7384 8130
1530 7109
3866 6516
535 5186
22 6988
1599 5304
938 9533
2089 9821
958 9023
4948 6088
1479 6013
918 5626
4762 8690
1857 4013
54 8814
1475 2474
6119 9940
5677 8541
1569 6407
4723 8294
4955 6531
990 5809
4317 8336
2841 5992
2303 5764
298 3689
2357 9098
2934 8244
6201 7235
8832 9331
64 3761
4184 4695
7954 9217
2525 2922
5367 6471
2202 5155
4321 7087
5258 5531
1296 5276
3354 6046
8364 9954
2337 6305
2578 3446
6195 8875
543 2826
519 2458
6719 8593
5615 9229
1899 7590
3703 6938
2477 7052
5332 5513
3128 3242
2311 3422
51 9680
4083 6238
3767 4189
492 7537
1844 8220
4934 5931
1928 4983
1485 1978
249 7824
2977 3277
7318 8667
1817 4627
842 2950
3342 9714
153 7005
15 6682
7685 8235
1387 9834
4108 6449
1465 6734
5306 6231
2009 4083
86 3931
5144 8936
3021 3508
1003 3929
6929 6966
3369 7093
1043 3124
1146 1409
2703 9369
6162 8908
623 5404
1119 4532
1021 5899
4113 5188
3080 4914
98 6705
3119 3199
2764 7033
4559 7476
4354 9258
1009 3293
3207 6079
3076 8761
7118 7206
2565 3393
2937 7817
390 6810
3630 5590
6566 7806
683 2997
4464 9662
356 7271
1192 6042
287 7784
1506 8755
7251 8724
191 4890
1857 5453
4883 5123
2838 7155
5208 8458
811 2994
1803 9471
2297 3262
6300 8402
4725 9040
3403 3704
5469 5730
8309 9847
743 9807
6833 8338
248 4763
3623 5549
8306 9780
741 4069
2816 6502
4528 9325
2713 3389
4959 6040
991 5162
4265 4625
988 2102
9452 9709
5976 6732
362 7515
6605 8090
3892 5357
4893 8748
6098 9671
425 9269
3570 4884
833 4647
1477 6951
1357 3081
1012 2232
1942 4597
2420 9247
426 4777
5261 7303
5763 9430
6809 8539
5022 6380
4580 8419
4795 6413
2081 8505
579 5181
1864 4470
2714 3153
476 7913
4141 4823
4304 6763
2002 2859
879 4376
5721 6511
818 7939
2019 2770
4669 5933
2757 6786
1439 7743
8001 8269
4614 9007
885 3174
2767 8454
1622 2100
3551 5214
817 7412
4245 4988
549 6402
4967 8378
2541 3608
7300 9039
2737 8679
1609 2989
6837 8009
3628 9978
5840 7747
572 3532
2195 5643
3246 3756
2431 8606
4335 6308
4463 8492
4459 5842
3463 8649
6820 8436
3603 5040
2820 6616
911 2811
36 4153
3980 5879
5246 9306
3028 4895
5596 6779
6328 9495
314 5810
104 6461
6496 6763
3511 4310
5313 5474
2522 4442
1308 4891
1693 3314
5672 8626
5904 7936
416 3975
4828 9824
2146 6148
2815 8277
232 4174
6633 8755
4970 6389
5212 5283
1300 7722
778 6541
165 8420
5434 7272
4570 7991
2625 9611
2242 7171
6808 6983
1297 8075
599 921
5096 9584
804 3444
350 626
625 7636
2646 5091
8699 9727
3772 8528
1635 8149
6737 8297
3981 4107
6916 9355
564 8203
2385 8651
798 8983
16 8386
3326 4508
1133 3066
4185 9897
5574 9566
3550 5132
3182 6662
2572 9888
5665 5742
812 4650
3254 5266
5608 9913
2303 4887
1748 5454
691 5247
3976 5999
1006 3606
701 6225
862 3809
732 8717
1072 6539
1752 5705
4547 8764
5884 9260
6872 7577
1155 6416
4836 9634
1951 7591
926 4981
2045 9687
2799 5400
2030 2774
353 1092
6205 9906
7071 7918
4291 9293
8635 9793
4589 7186
5741 9255
487 4780
1147 5983
1275 2057
8131 8501
3204 4008
5503 5972
2091 4732
5998 6240
931 3669
2343 3315
4680 6350
1214 6448
7441 9852
70 9350
5026 8757
5396 9463
3170 8155
5518 9115
4769 6861
3943 6779
2925 4538
7199 8548
7737 8791
2756 8446
6857 7774
738 5287
172 2267
2548 3722
3384 6622
3701 6330
2208 8984
5879 7601
4537 8581
1519 5957
6109 7661
4224 6044
460 6146
601 694
354 6558
2772 5720
1366 9559
3980 4852
74 9565
1833 7500
2650 7174
3760 5737
9048 9990
6742 8956
7254 8408
5015 5190
389 2264
3825 4636
8456 9646
5603 7149
517 9198
4074 7821
3667 6137
1673 3824
1777 4716
1959 8434
2774 8617
2345 2590
8607 9599
2388 6539
8226 8775
2087 7698
1728 4263
677 6036
2330 7568
6480 6652
4201 9153
1507 4759
3861 9444
8567 9386
7752 8312
3450 6603
3956 9631
2762 9784
5127 8312
4247 5331
5259 6864
1537 4874
6278 8749
477 5524
1406 2271
2743 5039
2813 8864
2517 7679
1266 7988
3304 5849
1934 2068
771 6912
782 8038
4221 4485
957 4732
430 1233
3763 4056
97 276
244 5536
2986 7138
902 3948
7754 8675
1392 1615
4479 8397
152 4608
639 7450
3560 9705
617 2508
559 7784
2765 6072
899 8022
3164 5506
7447 9466
6442 8703
6494 7455
4222 4397
6223 8352
310 6482
1482 7147
1682 5929
3548 3555
2873 7283
2243 2485
3362 4709
594 9316
5485 9669
4116 5067
1189 7867
6607 7588
3263 9519
531 582
5771 7952
413 9810
1670 9909
1 4243
1788 2027
3654 7881
3249 9800
1318 7926
4694 5604
844 6344
7349 9539
2817 5388
8625 9497
5322 8217
4334 8916
2058 7902
5148 5303
7974 8198
5710 8944
726 8703
5050 9127
830 1653
4252 9218
1286 5817
3728 7684
5623 8328
201 1729
8963 9422
1704 9999
4500 7654
4314 8634
851 9905
894 1816
2900 6637
1186 7248
7710 8546
1067 3334
7795 8015
5196 8859
5044 6968
269 318
5803 6499
2976 6776
6187 9959
1390 2129
4385 9798
4200 6469
2093 6646
2033 5662
2054 5473
5365 5575
3184 9925
3531 5427
3385 8801
6628 9339
2559 9816
1773 8078
1077 6561
4401 8209
640 2166
867 9188
4020 4068
1462 8975
1801 3410
7101 9042
4587 9621
219 8435
1710 2797
1558 8988
66 5735
4143 7035
3978 8047
2237 8905
2224 7216
5149 7925
4094 9970
8145 9997
6334 8423
6794 8142
6169 7593
9 3807
567 2440
2295 2971
457 3935
4865 6114
3180 6854
4642 8137
4391 6487
5133 7229
4868 6072
7736 8595
255 8815
1223 6610
3356 3961
565 6134
1614 5917
2548 7873
223 3460
1277 2907
5928 6332
2168 2603
6409 7829
652 828
4289 8702
7973 9745
8761 9045
6532 8691
20 7712
3935 8153
8383 9536
5039 5231
1987 6134
2999 8570
1201 6069
3160 6105
2231 6997
120 7156
2274 3740
3940 9932
4853 5541
1750 2816
1392 2314
385 2043
19 468
7465 8861
6219 6727
2677 7874
2645 3520
3839 6945
1510 9433
1543 7598
4828 7480
2252 5974
2920 3932
2556 6910
2722 7953
1327 2493
1245 8763
3267 6425
7094 9080
3600 8508
2758 9692
2715 6369
1428 1635
979 2920
7243 7506
1661 6373
9180 9915
276 8448
1009 1185
3307 4699
1641 8388
4786 7022
2333 8886
3813 4758
1466 7391
349 1828
1796 5697
438 9087
2851 7955
2536 7873
4394 8197
4943 8951
5313 8988
5599 7238
1720 6181
147 2368
1704 3830
1259 3696
4526 7410
589 8442
3874 6393
6361 8739
1314 9253
370 5098
714 5135
877 8769
1320 7880
6780 6883
4899 7881
6694 9238
437 2878
3323 6583
5001 9126
3379 9914
3245 4890
3556 4027
3970 8054
4529 9142
1953 5602
3913 6970
837 6475
2442 3254
138 5715
5327 9159
4919 5209
16 5245
3753 9840
2662 3364
3082 8109
1385 4347
6846 8655
5584 7080
6469 9372
205 5251
2936 6428
6522 6762
253 6916
3412 5453
6061 6721
3859 4909
4493 4915
1807 4567
1049 3894
4021 9378
375 7565
4121 8234
1460 9567
1739 1947
3978 6180
4804 6445
2281 7543
4511 6091
1421 2615
4405 4678
963 5689
1172 6299
3184 6064
3216 6473
1908 6575
3819 7351
1936 4986
4680 8728
2145 2461
3603 4903
4635 6389
3611 6711
1436 9158
3400 5543
3942 8266
4194 7417
3253 5167
8386 9654
1252 7296
4103 6320
5943 8902
482 693
328 3239
2846 4778
3769 5908
1864 2317
6016 7405
1819 7337
3578 8741
8 3913
1543 8775
4921 7899
6793 7492
5066 6751
6801 9436
6360 7768
803 1121
4601 9730
1129 9681
3042 9243
3497 9557
3682 4859
6565 8093
402 616
7533 7781
56 5910
1179 6370
2796 9370
3369 6746
6891 8256
767 1815
2084 7306
1831 4370
5779 9783
2924 3267
2218 3665
381 3816
222 3279
6508 8039
7900 9268
2679 6062
4946 7012
2965 6164
2939 9178
3820 9633
215 5709
6661 9301
832 9394
7610 8173
3127 3359
4039 7964
2963 8948
5708 8580
1157 2574
4379 7304
7642 7741
5233 7843
1506 2740
5988 7039
2169 6003
3453 4407
2622 8439
252 2486
4320 9555
6641 6738
3529 6945
5255 8061
7359 7792
2786 5242
2025 6982
1638 5003
3394 7156
8834 9099
717 3597
5323 7073
5392 7888
2874 6018
3988 7791
6478 8989
2166 7487
6799 7582
2085 7195
510 2373
311 2138
7219 8114
906 7572
2664 6897
4344 9686
818 2220
8893 8942
7100 8882
1658 9610
1064 8379
1587 9670
1079 5141
651 7482
4941 6421
479 6082
5753 9603
4656 5525
1845 4678
274 3783
2887 6524
4553 6217
627 9374
3640 5199
4311 4395
3274 5404
3519 4830
2047 2080
7811 8451
2825 4047
9141 9460
740 5040
4479 4952
7348 8316
4337 7310
5168 8469
3372 9121
674 9969
5338 7972
157 6359
2421 6831
2552 7943
806 5270
4904 6615
3879 7556
2633 7366
3066 6953
1010 9715
2242 6302
158 1265
2585 8083
376 8187
4135 6452
502 2884
3120 6746
5488 5588
1603 6803
2369 6157
1071 7020
7532 8587
575 8046
733 7935
5417 6753
2076 7856
1690 4721
7023 7025
522 7036
1289 7790
8228 9893
550 1702
6516 7294
74 4662
9118 9347
6559 9009
1643 8540
4437 7346
2815 4555
2576 7537
709 9233
6709 8497
3830 8077
842 1873
6164 8433
3752 4876
1913 5876
30 1491
2044 6486
4954 7986
5483 9417
4616 7183
6928 7267
1867 3899
658 8501
8044 9748
210 7345
156 938
1577 4774
820 8493
212 9683
1505 9256
5684 9366
489 3008
1215 5204
2912 5194
5351 8551
42 9275
557 5299
4102 6930
7409 8328
1224 6404
2746 5294
2080 4266
1695 8624
1279 2781
4377 8377
7638 8676
6886 7868
3682 8487
1623 4783
207 7275
3795 4549
352 581
6834 7471
3111 9521
6246 9144
2771 2995
2547 3803
1311 3711
63 6688
2355 3797
7256 7803
2523 3668
606 7951
2333 9166
258 3250
1908 7522
2297 7486
6124 9242
1680 2845
129 1489
5278 8966
636 2652
9715 9813
6208 6476
1929 7696
122 9864
6863 7650
6525 8423
3599 7257
3537 4948
620 6745
6632 8453
2454 3773
3001 8383
7141 7437
3403 3939
410 2071
7044 7580
4163 7605
3037 7997
302 3412
4110 4443
388 4728
2447 6478
4835 6580
2256 8331
1250 8472
2073 8620
988 1836
247 5993
5889 6104
6685 6991
5032 6642
8790 9307
5532 8804
908 7864
2329 8287
8219 8579
1575 8045
3196 4931
3974 7695
8569 9077
7101 8290
7486 7690
487 2825
1477 9845
2521 6364
610 5121
51 1167
379 5140
361 456
6236 8455
2019 3575
2531 8979
8978 9435
6537 9691
5827 6034
6114 7085
7187 8342
7579 7766
281 1404
851 6821
2390 9956
5724 7945
6041 6213
5071 5255
5515 7135
3428 4125
1946 3637
8101 8951
6264 9551
2160 8907
8273 9509
862 7546
6219 8505
1879 9335
368 7746
2186 3512
7232 9606
3013 8201
1885 2993
3341 7276
6391 9940
6623 7545
7967 8742
8653 9823
4709 6694
4238 6163
3890 4773
3075 9179
772 7679
4997 6477
3193 4661
4461 5045
5617 5618
3804 4915
681 1336
1668 6307
4602 4782
21 7053
5490 8167
364 7082
2320 5133
3585 6886
490 7204
1931 3781
6207 9376
4971 7969
1987 2675
4622 6385
7155 8398
174 8151
2623 7713
1401 5938
4514 9040
3335 9451
7915 8857
2306 2592
8357 8880
7663 9159
1140 1805
762 4805
4244 8334
8204 9136
4519 5573
1115 2614
4810 5763
942 1245
1114 4940
1174 7673
7259 9299
5836 9412
3748 8248
3930 7328
2588 5135
4139 7098
2781 9041
4947 6154
1774 5786
458 6160
442 2136
6744 7236
4509 5082
6858 7762
568 1363
8646 8812
968 1741
5485 8669
3938 7747
140 3413
2087 5020
2833 6769
6336 8059
5509 5749
2444 8710
7396 9059
5563 6005
324 7850
4524 8272
923 3883
4889 7733
2881 7619
807 7195
84 9166
3985 9717
2518 4663
849 5712
6507 9459
2401 5497
401 9062
1775 5146
120 4216
3554 4513
4857 7078
4268 9508
3627 4586
7030 8705
2468 6272
1915 5273
4825 7942
4327 4985
9342 9697
1841 6222
8310 9583
1759 4316
1798 5886
4109 6020
526 8787
6684 8139
1626 7174
4185 7798
3093 5731
2050 6445
7280 9227
3551 7198
5180 8546
8056 8890
4964 7080
2617 6744
6752 7145
4269 4510
2829 9952
1546 6439
2035 8865
9002 9815
1356 3319
4319 7924
1280 2046
1301 2055
5504 7777
1741 4451
4204 9615
3347 3502
1640 6249
1555 9429
4801 8998
7302 8253
3831 5537
2906 2968
5586 9720
2908 8985
4034 8361
6349 8693
650 1122
1879 9209
889 5208
2254 8542
8425 8440
3090 3293
2947 9173
3074 4421
7166 9154
4091 8354
3987 9474
679 4826
1616 2830
3019 9756
1348 8289
970 9936
2358 4398
564 6681
195 1338
2804 6791
707 7606
1230 4730
2469 4856
2111 6964
3315 5319
1138 4718
1218 7952
318 3827
5292 5711
4256 4385
127 4460
8369 9765
3018 3195
712 749
2295 9071
1236 6750
4193 5820
4634 6173
4145 6165
1032 5150
4025 4232
3213 3881
1925 3377
794 5828
673 1045
1765 6984
1645 5049
4293 7210
1024 2677
42 804
3380 9036
7828 9079
875 1408
3270 9104
1216 5785
1255 4609
4026 9855
5743 7935
2744 5619
2766 3135
2865 8658
7265 8729
2898 7820
685 9381
4766 7930
639 5830
7128 9452
7875 8338
5462 6868
2457 3843
493 5996
7261 8422
1828 5280
2974 4807
2374 5175
828 8281
6087 9998
43 5542
1701 3802
3186 6217
1326 7469
2413 3396
1679 8075
5048 7217
4106 5937
3903 7716
7154 9091
4329 4490
5045 6594
4096 5971
2886 4463
4793 5969
4337 8635
3662 8782
3373 7882
6961 8463
2837 7386
521 730
6875 8632
2591 6481
1563 3749
2262 9270
516 6431
1660 9598
2916 7796
2182 5940
3261 9749
3565 7527
1863 1941
1992 3247
3103 5952
2388 5888
7132 9606
5331 9566
8160 9835
1528 7007
3460 6107
5212 8136
4120 8662
3241 4248
876 4030
188 9251
4116 6035
5228 7782
2279 7957
244 7947
2647 3481
4483 7398
707 6862
2090 6049
8029 9902
2969 4658
8945 9536
4939 8646
7466 8887
5634 9724
2359 7201
1830 3542
3846 7371
5963 9861
4194 7989
2112 7504
600 8496
4267 6626
2792 5020
84 8877
560 6060
6650 8666
4540 8774
4594 8654
179 8458
5564 8217
3090 8584
7037 9360
6342 6660
1796 4332
1180 7091
8513 8769
5271 9287
4970 8960
4326 4565
2116 8682
3666 6986
4521 8550
3327 8993
4273 7130
2599 3054
6142 6489
1981 9180
8009 8876
1927 3425
4871 5051
2500 9274
1330 9028
2634 3762
2872 3473
810 5601
3685 7665
1431 8362
903 5137
2755 4008
2966 6498
1091 8749
1008 3324
2685 6580
2661 9005
480 9639
2723 8619
711 3842
3164 3348
100 2356
204 7124
6251 6606
3910 7614
5704 7789
4640 8868
4676 5627
6109 9753
4080 6130
2909 9562
793 3775
372 3801
5112 6853
463 3375
1966 6898
365 7252
6028 9935
4468 7039
70 1246
1918 6031
2598 9410
649 7672
752 6435
9067 9157
1882 6303
3499 4345
4500 4658
1184 4718
2452 3650
2496 7908
580 4086
8812 9399
4175 6842
1279 6612
4865 8337
1251 3956
9693 9700
8618 9630
4909 9455
3639 7559
1170 3367
5818 9757
2834 3596
1963 9093
4146 8196
5186 7912
178 1950
3182 7104
3260 3580
6390 6704
4446 5004
907 4969
5424 6148
1353 2913
1094 1261
400 9383
973 1075
7797 9570
3356 7685
377 4112
4576 6952
292 9326
1554 5927
7182 7689
1748 2510
2310 4060
7967 8117
9244 9716
6797 9309
3234 8671
3718 8874
672 8740
1628 3472
7715 8644
4032 5959
1364 8147
5868 8789
2509 2867
1819 2606
6385 9003
819 6563
700 6179
3947 7368
3418 4071
5378 5463
8323 9624
7044 8067
3592 7019
654 3751
7292 9527
2856 4346
8305 9189
2325 3322
1315 8029
1591 1764
3382 9482
920 2739
1008 5967
579 1525
160 8976
6515 8640
1780 3500
2889 3349
6412 6476
4593 9772
5514 8881
1562 5289
2369 5880
5408 7358
1782 6590
2047 6440
491 4082
3979 4953
5428 9685
1444 3247
5507 7771
475 7628
1661 8251
4590 8777
6095 9480
199 5859
1960 9982
2701 2707
221 8512
103 2265
12 1672
1750 5206
2387 7347
5607 8905
8868 9433
970 1574
3353 7363
299 5659
1083 4610
2051 4829
1882 7234
3074 6173
2435 9752
2916 9553
5825 8772
3219 4706
954 3180
779 6271
823 7504
180 8245
2078 5270
2259 5811
2725 5609
4282 4491
6896 7643
4213 8679
448 4166
3741 4454
3607 4532
2364 6761
6828 8484
1469 5538
932 2416
5539 7996
1288 8406
8242 9785
2105 4701
2771 9869
316 2865
3306 3598
969 1570
1442 2463
5547 9051
514 3084
5765 9733
5099 6691
1260 6649
5767 8074
1695 9202
7119 8500
2524 4322
1164 3392
4018 6036
2956 9950
4179 9052
6277 8762
799 3498
7220 9875
4223 6081
5373 9981
5219 5260
3290 5570
2899 5900
4775 5182
7637 9753
942 8008
2094 4910
5337 8010
1177 7227
7703 7933
1999 5312
208 2271
816 7764
793 4583
2252 6467
6197 9604
6032 7071
1660 7750
4217 5942
3713 4307
3661 4114
1735 7177
4534 6392
3922 6429
476 852
2613 4745
3386 4328
2928 7116
4266 6045
7769 8170
1816 3445
6388 6656
2747 6014
426 7728
2727 4755
1238 3569
7858 8582
5499 9523
6800 8958
1291 5447
1416 7367
1480 6521
391 5947
7749 8883
5502 9549
5110 7569
5481 9858
3393 8494
1832 3334
40 7911
6664 8601
1944 5657
5051 8904
5104 6822
980 2537
7406 8143
4058 6536
4779 7223
3326 4349
5638 9032
3576 7806
1665 5136
7296 9049
1186 4123
7708 8311
2052 3678
3174 6244
3099 7722
3828 8547
6039 8120
3904 7307
3418 5338
1052 6935
4051 4375
4999 8799
4160 9836
1213 5141
3294 6976
3270 9721
6246 6453
4465 4839
166 4436
395 8192
3251 6714
4449 7369
943 5654
6774 7442
263 9443
5795 5823
4455 9558
1322 4211
1094 4961
1328 7158
1548 7219
3721 8222
1760 6959
916 9928
183 8940
2985 5011
1005 3151
984 7374
6701 8923
4457 9337
235 3073
1601 2710
6914 8128
3092 6422
3261 6314
5500 10000
6695 9599
3096 6043
3107 6570
6954 8286
503 3058
4374 5053
133 3837
2630 3958
3454 3485
3848 7333
2982 8006
2004 7960
3809 6017
542 4274
524 8914
3269 8601
720 9718
4244 6303
719 2309
567 9364
473 704
1726 5176
3060 6962
108 3850
5079 8364
2173 2962
6132 7794
3609 4882
4354 9492
4968 7484
4713 9054
4381 7124
935 1677
1415 4358
5531 6519
5482 9013
6825 7864
6321 9381
199 2526
1134 8465
5937 8267
1486 8250
1151 6218
4881 6647
3701 8193
100 4250
4151 7497
343 8837
1452 6977
2495 3004
229 6161
3758 7262
2749 4517
3452 3928
286 9621
5347 9677
3941 6227
2156 6900
529 1535
666 6358
6400 9735
4127 7826
2268 7209
5299 9967
3988 4283
4650 6418
1874 8474
173 9295
4077 7013
5566 9368
4810 7485
5856 9324
2911 5296
7012 8877
325 2730
7705 7895
5311 9585
562 2222
6899 7316
7761 9870
4086 6670
3761 9211
2692 7050
6260 9647
2317 8329
3584 5797
5115 9222
1057 6973
6038 7775
6356 8242
443 6630
2034 7983
6250 8295
1754 9751
1688 3926
2731 8459
3568 4413
4761 8709
2910 7725
7258 8005
530 4035
3271 8160
1182 8292
2864 8495
4450 8277
4687 9462
7587 8647
797 8275
1397 6045
5550 6866
491 7099
3518 8301
4089 8146
145 9607
1020 7016
9155 9459
3558 3570
5377 8083
1772 1960
5596 6034
5071 9836
7360 8895
3984 6060
528 8053
3488 5268
809 2018
8482 9315
4051 8661
3482 7413
5114 6696
8288 9515
1928 6106
3300 5224
521 7408
2719 3282
1770 6944
8110 8263
3337 8667
1050 5385
1022 3990
614 3108
1848 2136
2407 7731
3816 9985
5843 8860
2132 3330
632 6252
2502 7153
6650 8715
2725 4993
7476 9808
4192 8838
1040 8410
5685 6906
470 8279
3484 9541
2807 6858
1237 4957
931 7751
2821 9297
3812 7434
922 4894
2097 9768
2273 5493
7448 8296
122 8235
2554 3888
941 7396
3878 8884
2324 8278
3811 8240
449 3902
3434 7920
2534 7558
4930 8604
2098 2321
7126 8695
355 1911
1104 7151
917 1992
1545 6158
7447 8765
1152 3536
629 950
6026 6733
366 8782
2261 4293
2728 7437
1541 2690
6581 7702
3058 3755
2943 7244
720 6438
2382 8800
2555 4991
3869 9185
782 3379
5420 5615
612 4581
3663 4818
2750 7191
7523 7997
7674 8687
7735 7745
631 9422
9249 9889
6753 8754
1381 2514
6708 7545
2990 6412
378 697
687 6077
7121 9980
5254 6212
7362 9261
4598 5057
1527 7180
3125 7321
5484 7560
1440 2095
951 1549
7370 9939
624 9280
1636 4661
6405 8846
783 5033
82 4484
3399 9833
8181 9130
4595 5979
1557 5263
2571 6788
1257 2549
5474 9113
4772 5935
8991 9847
8663 8785
2270 7273
170 5670
7659 8225
1162 5305
2876 9240
925 9759
977 7204
3175 7944
2687 8801
3920 9681
8037 9294
756 5850
3070 4360
1680 7240
2957 4123
966 3516
8191 9809
9439 9809
5621 8362
791 3205
5773 7266
231 444
656 7527
1647 3036
7613 9911
2472 8403
1837 4226
788 8586
5941 7075
4088 7524
545 3002
105 6113
1572 3145
272 1779
4951 9848
3131 3766
584 4066
5083 9055
2612 8862
1207 2568
1101 9289
2864 7429
5895 6542
240 2788
7757 8690
7625 8100
1060 1109
2414 3419
2292 5788
701 8677
4840 7816
7734 8085
3465 8504
7329 8631
872 6872
2839 9402
1590 3994
5274 9950
131 5748
3172 3429
566 2671
4975 9966
3 1139
1116 3567
4181 6189
1838 8795
2673 6422
1464 9778
4653 8711
691 7586
1948 3983
5418 5489
3897 6090
2859 3585
274 3957
946 5163
1546 3321
8911 9369
293 5799
4214 8345
1847 9702
1014 1027
3792 7711
69 4876
1585 3260
3220 7208
2329 6464
2046 3458
5947 8999
3836 6692
2589 2783
6127 9857
1708 8102
1932 6340
3895 5457
9468 9700
534 2377
625 7615
2946 5217
2110 9016
2546 4131
3582 8069
8507 9088
4175 7750
3130 8909
598 899
363 9779
2570 9036
7724 9870
5314 5436
739 3982
6097 8956
2483 6777
4814 8713
3462 7086
5456 7464
5563 9329
2079 8780
2332 9116
2432 5059
3706 6049
787 5821
7272 9877
5556 8593
2305 7113
6606 8076
784 8080
770 8502
3346 4050
9659 9668
5909 7634
1343 5272
1836 6861
1102 8292
1757 4569
8656 9605
2593 9424
5915 8586
3877 8092
59 4228
3886 4210
3082 3176
2118 3969
8429 8564
6689 9703
386 9010
4984 9613
1670 8676
1666 7052
5138 6292
2974 3316
2109 6586
650 6512
4087 9124
73 5130
7472 8507
2057 5796
1330 8830
348 7901
4827 4972
4499 6638
90 2451
6450 9313
5863 9586
4172 4318
3035 8752
69 6960
4253 8966
4619 7067
5516 9528
3579 3916
5063 6215
2644 6295
6807 9814
1247 2320
2414 5171
8498 8978
1037 1316
4905 5862
8503 8835
4779 9483
493 7254
5372 9678
5997 7958
6021 8846
1922 5013
1263 8428
1981 4298
2008 7609
755 5155
5351 6919
2687 3646
3698 3707
3024 6033
218 960
3215 5808
1732 8288
4588 9993
2543 4471
2697 2807
4346 9429
2207 5744
2407 4832
1827 9492
6172 6595
2710 8413
3629 4582
695 8965
8628 8813
5867 7386
6473 8190
2502 5242
787 8307
6145 6450
3101 4225
3950 5779
1256 3138
8018 9620
3960 5794
1062 7653
813 4900
3063 4443
551 3022
2960 8840
4527 8020
4535 4651
4790 8955
3407 9170
4742 5018
3083 8595
1532 6399
5492 6505
5028 5176
3584 4210
4753 8527
3112 7914
2668 6171
1407 3227
619 9475
2371 4114
1264 8599
2773 6856
4802 7273
4481 7992
3745 5086
4722 7879
729 7562
239 6589
441 6153
2084 9531
3465 8174
4028 4085
5661 6323
3774 8278
5332 8841
6137 7659
1934 5248
6006 8609
1426 8445
2636 8384
1069 8404
3251 7697
1818 3185
4529 8414
4270 5072
8290 9207
2932 5536
5244 8720
3687 5391
7041 7354
2500 4546
3878 4286
4817 5588
4444 5859
4963 9663
1904 3504
4616 6298
9211 9406
1461 5788
6918 7215
8016 9574
4057 6587
6382 9706
4711 7520
130 9958
5387 9486
6145 8366
1313 9512
1938 6293
6341 6523
5017 5584
445 3474
3680 4139
222 1095
1199 3829
1354 1415
2246 5447
4162 6273
262 3117
557 5401
5113 5445
1310 9872
3171 3647
9232 9634
4667 7602
1814 5118
9034 9615
5479 5908
7767 9798
822 1080
1013 6640
2791 3534
3865 5978
1603 6261
1453 6347
2979 4213
1566 2148
561 1383
3067 8796
736 7691
6658 7458
9250 9732
398 1335
8192 8251
430 8788
5070 6968
4866 6786
888 1949
3767 6538
8035 9442
1659 2935
411 8885
7323 9154
3798 7139
2999 3274
6414 9454
1318 8910
619 5990
29 1757
5288 9271
6178 7808
3083 3739
3291 6446
5959 9052
539 8559
8611 9984
6766 6884
1625 3283
4979 6647
6323 8216
3677 7364
1252 9546
3166 8155
2918 3340
2376 7290
2901 3146
2159 9995
642 4030
821 6987
1533 9752
5571 6123
4767 9699
3982 5421
5068 5873
3295 5143
3469 6770
1877 6506
429 6348
1852 8677
6358 9330
2513 2521
836 3209
7029 7569
785 8525
3572 3685
1632 3173
2691 4324
2929 8521
2880 3448
1556 6893
64 5671
3900 8053
4423 6268
1353 4920
1679 2167
751 6007
205 4120
334 3049
2360 6953
1994 9786
2409 2410
9206 9526
2985 5274
1492 4488
4336 7073
1449 3354
7670 9719
1355 6095
5241 8284
1211 6832
71 9152
4609 9132
4850 7179
1548 9875
7808 9596
3433 9949
5157 7587
2221 6329
1797 6554
2460 2863
5762 6348
6946 8890
282 9969
4333 6615
1004 5365
6874 7214
6513 8996
5239 7657
6376 8071
3968 8385
517 7349
692 7680
1010 5065
8462 9913
2679 4240
7057 8418
1154 7005
2226 5444
3472 8744
5296 9937
4390 9092
5625 8406
5961 6790
5412 7262
4506 8525
177 2389
2852 7078
250 2946
6100 8158
800 9670
3739 7432
2170 5858
731 5533
2803 9734
3789 7643
3080 6988
4352 7764
1128 6816
474 2752
3408 7231
4847 5918
1005 3991
630 7581
5419 9853
974 7645
471 4710
4453 7805
1205 5341
927 6812
2299 4126
4752 7470
4263 5371
2712 5773
2902 9308
3671 8035
5014 6423
6543 8392
655 706
3729 7531
1466 6492
1974 6272
4730 5722
1631 8684
198 1822
7442 8721
2371 6855
6249 9964
5507 8194
1613 2580
3447 7319
3670 4202
5468 9169
8229 8576
1218 1906
6387 8264
3896 5993
8791 8872
4199 7047
4995 6618
3641 8121
5776 6318
7446 8560
3165 9464
5774 8374
7102 9996
36 9392
4894 6841
1370 4262
304 5961
6253 7905
3747 6459
7463 8708
4906 5073
1220 4951
2163 2620
5528 9725
1226 5941
5479 9138
4095 6860
1066 4961
6163 7850
3771 9833
5064 9589
351 9340
148 1800
2412 9806
447 7542
2049 8334
4777 6576
6374 7317
3259 8608
6972 9474
2113 3889
3225 6735
6215 7729
2802 7110
106 3645
6027 8438
2525 5557
2812 4696
1053 8938
4206 8642
6932 7759
3764 9371
303 3178
512 9896
2564 8443
1417 2286
2568 8068
6895 9103
5029 5869
3522 5745
2410 4371
2 197
5006 7066
2843 5221
680 7600
3032 6903
6722 8574
1630 4149
3998 5243
7 7453
4652 7917
3914 6905
4122 9218
454 7399
3203 7387
1711 5597
2247 6005
3352 9413
163 1499
3606 5041
2179 6031
921 1877
48 4285
5193 5241
5874 8171
4295 9295
4438 6987
2429 4208
373 7694
2095 4520
8696 8990
6243 6703
1584 6364
928 8734
1023 6924
1923 7323
2386 4595
1847 7500
3316 8061
3224 7897
1923 2462
4594 5153
4408 8959
4404 6635
3172 4873
1380 5569
1732 8917
1309 4735
5910 8704
1424 6923
618 1430
1839 5118
7942 9500
2958 8957
6951 7778
6306 6879
1749 2786
1711 9803
1212 8164
1624 5161
998 7677
175 4251
914 9879
3167 4758
3126 9031
206 2494
8517 9095
208 2818
2866 8573
848 4851
1724 2161
7278 7367
4809 6712
6183 9239
5877 7372
4409 6318
4403 7664
3866 5205
1254 9520
1532 4631
6156 7737
1973 9201
4536 7853
28 9775
1194 3857
873 8093
1551 1634
843 9885
5389 5936
5916 9053
6080 6317
17 8291
4104 4864
2911 4403
9135 9573
147 591
2594 8907
4740 5897
2647 6262
5585 9955
5734 8182
1172 2268
3276 3541
8866 8935
1973 5899
2308 8387
8829 9245
2742 5483
3618 6715
7612 8275
5850 8448
2787 9513
6332 7461
2759 4128
32 7347
5200 9496
1666 7573
2607 7456
4062 5744
2430 8750
2106 5257
5232 8670
844 4097
2099 3838
5473 7507
5376 8021
7242 9205
961 6866
190 4036
6317 7068
947 9477
111 7123
4128 5950
499 2597
7651 7696
4046 8847
725 8396
1304 9356
6556 9792
3494 5154
92 4341
3306 6474
749 4396
1322 1979
2717 9236
3657 9455
5254 7137
2445 3318
2479 3726
3776 7414
7805 9841
3854 7762
6654 9221
4726 9108
1176 3091
7802 9192
778 8813
492 5816
2048 6015
3134 4340
8756 9194
524 8322
5234 5476
8936 9910
3945 5268
389 7411
656 3590
1102 6231
3031 7838
6573 6795
3221 6046
2203 4077
3906 5481
8797 9341
3307 3501
640 6884
4447 5614
1988 7033
3574 5543
2953 4172
3771 5128
3072 4023
1763 7096
5547 6483
168 2555
187 4280
1782 7580
9078 9286
2161 3348
4207 8361
309 5554
2020 3968
7207 9179
1160 8904
384 9060
160 5703
5163 6230
3663 9550
1866 8465
2801 4869
1325 6239
2801 8247
4150 9976
5248 8689
1582 8960
5376 8204
2005 6644
5811 8453
1065 6433
1139 2900
3911 4241
210 710
3590 6781
5108 6501
1821 7434
5725 6950
281 2173
765 1749
1398 2487
2139 5429
4524 6048
3899 8949
5847 9640
9292 9352
5953 7678
4762 5249
1368 4496
5490 6676
1225 1265
878 7507
7726 9241
467 7846
3353 7172
644 5836
4336 9876
5739 9922
258 5593
2804 7619
792 2611
8105 8374
1521 3721
2988 4546
3689 5866
3299 7839
3691 4048
4855 5505
4078 6375
4148 6847
5198 9273
5080 6526
838 2142
3002 3386
8284 9244
737 835
963 3964
1337 5522
2560 5111
4654 9084
3521 9734
2225 6934
2846 5410
2409 4607
1316 7072
2931 7116
2240 5151
5656 8413
3594 3732
3919 5945
308 6198
5639 6355
1142 7866
2684 3496
5229 8099
2307 8747
3162 3688
4566 9057
7196 8920
246 4706
3962 9796
3904 7595
4820 6339
5945 7379
1889 9832
4447 9260
4819 7247
5713 6692
1676 5358
2860 7759
915 2692
2853 9320
7016 9098
2420 6974
3411 7028
4395 9613
4976 5651
5314 8672
411 5426
6835 9331
338 2416
2441 8195
834 932
55 7740
1573 8188
1997 7189
396 6544
884 4477
904 8993
1153 2638
236 7680
365 7200
705 3484
472 2830
2185 4130
633 9434
5364 6882
1654 7358
3091 4545
495 2379
6840 6859
1234 5764
3494 6480
1607 6549
2627 5540
4429 6248
152 3580
4315 5415
1227 9204
4689 6994
2557 4239
8896 9656
871 9248
2103 7129
1321 8836
4565 5243
2889 4621
176 4081
6434 9822
1144 9416
812 1645
3745 4772
1990 2232
2751 7934
1227 2961
686 3657
6244 8172
577 7588
2077 6256
1467 4643
856 1968
8133 9314
2860 7243
1089 8336
1301 5999
8282 9609
1520 7062
3434 9511
6621 8700
2516 6998
1909 9101
5769 9196
1046 5063
3234 9946
1795 4328
3661 4984
5935 6625
4225 5085
1545 3461
1725 3552
5681 6490
3894 9597
5345 5590
4459 5835
1953 5347
8570 8839
7886 9987
242 4586
7336 8001
3699 5653
1212 7596
788 1763
62 1448
6086 9671
2144 8630
1120 7218
5496 5727
2191 3297
8495 8902
1820 9191
1699 6073
2264 7851
6962 7574
4303 9924
9871 9975
4518 5203
47 4489
2312 4663
1674 1996
2386 2849
5778 9462
1578 8105
3397 8700
6053 8008
1801 4483
7626 7840
3781 5760
2251 4292
2104 6125
1426 3748
4250 5121
4913 6739
273 7683
7196 7235
6680 6956
2149 8368
5603 8276
3823 4791
8359 9702
4896 7501
4920 5321
1604 5817
1909 2197
4684 5693
7133 7617
88 5636
1785 8095
5600 6969
1740 3540
7002 7067
3256 3558
2675 8078
5392 6903
159 1371
8162 9956
3350 8643
8489 8831
6010 9919
362 7888
3423 4474
814 6933
622 9504
2450 5482
760 9102
2666 4498
72 5631
993 4936
1901 5471
1144 2928
4568 6764
9033 9769
773 7069
4330 6280
7026 8645
4945 9445
2963 9431
1810 2201
6369 7563
2359 4858
560 5329
6653 8516
4025 9960
530 7567
3248 5802
4935 5583
1251 9407
2497 3139
2011 3655
6258 7094
1926 6574
417 5104
3181 9296
4387 9885
2412 6149
2021 9791
1869 4296
941 2538
1274 6070
533 6178
4348 6657
7135 8036
1399 6697
3480 9344
1736 4220
2205 8040
1416 9535
4947 7398
4070 9646
3849 9773
6066 7003
193 6192
1802 2734
6387 9694
1642 2275
344 1822
1267 9853
151 2112
2198 6996
1961 6470
8674 9476
1697 3630
5752 6464
4178 4376
2914 9579
520 6079
8011 8146
7525 9983
878 9114
6190 9916
2742 3475
3690 4223
185 2059
603 3665
1091 2898
1126 2798
3744 9924
3161 8481
7551 8202
4282 8603
4386 6467
2697 7344
3140 3949
2012 4452
7203 8726
1385 3738
861 9865
3786 8298
3818 6544
3339 7335
3198 8764
38 4591
929 2495
3772 9658
2615 4494
1299 3163
597 2290
1606 3674
254 5913
989 3420
2498 3017
1376 8012
3123 8200
3882 4994
1127 1349
2406 4662
7534 9368
5573 8141
5643 8702
1927 4081
5267 9484
1222 7095
5342 7000
2133 4249
3673 8417
2734 5494
2996 9901
5900 9864
314 4530
4560 6995
562 1377
7105 7315
548 9489
4922 7403
4308 6431
498 7170
4911 7325
1632 6490
2549 5092
5494 6535
3860 5464
1473 2857
2777 5456
769 7544
5132 6228
4283 9108
499 4348
333 2854
5484 9122
580 9767
408 6182
3302 8934
3385 8630
2632 8215
686 7205
5517 8826
5487 6758
2460 4182
1445 3563
2633 7576
5687 9650
2788 4220
1594 2674
420 909
751 7585
704 4733
7153 8500
466 8164
95 3026
3302 5443
2193 8211
3322 9104
3153 9688
7046 7869
5540 8214
2957 4608
757 7291
1969 2164
964 7863
5632 6403
2653 3500
2089 9398
8431 8451
4962 7060
1306 9388
7178 8752
1017 6237
8719 9842
1404 8450
8477 8879
1000 1919
1917 8873
5634 7499
6131 9810
526 5690
2582 8293
4312 8810
1883 6168
2244 2404
6823 9991
4652 8395
141 409
3370 8370
3231 7788
8190 9048
33 9766
1580 2015
108 5826
5098 5278
3376 4397
1715 2441
4031 4433
4553 5304
135 8592
4350 7093
5285 5646
3917 6267
2897 3627
6118 9941
3616 6877
5128 5253
596 7038
6767 7117
6398 7064
1240 4074
444 8216
1124 6440
459 4821
3621 8119
2243 8976
745 1707
3521 5917
8753 9487
1863 2875
1719 9630
2868 7896
4533 9382
340 6812
4576 7054
7640 8523
134 4314
1433 6971
2953 8736
527 5760
3690 9005
6941 9741
96 5554
952 3539
861 7035
2761 7988
4688 9828
760 5758
6756 8070
3141 9191
265 2391
7595 8588
125 6199
439 9838
6893 9278
775 9378
3358 7055
4087 9786
1529 4533
4278 5236
4045 9131
1825 3225
4898 8326
1200 6972
6491 7894
8639 9000
1696 9550
1559 3838
2602 2970
2147 8853
4448 6265
839 5443
5215 8109
2506 4362
421 7698
1382 9590
605 2642
2036 8992
4504 9131
1876 4190
1665 2175
7522 9973
3076 9657
6179 8478
427 4366
684 4736
7201 7923
1542 9146
581 5566
6299 9943
225 2384
4497 7176
2060 3858
424 2274
5194 7455
4645 4831
235 9423
5460 8721
2858 5475
5742 9563
831 9319
2469 4981
3105 4472
3650 8350
3727 9485
615 9168
6297 9187
406 6707
3845 6054
6878 7141
2951 9540
2356 8104
1854 2893
5837 9712
2432 5598
419 7540
2140 6748
8263 9552
1137 4133
5609 7855
766 5704
13 3390
1123 1277
3291 8027
1791 4786
2563 6593
4851 5204
2650 7184
1944 7107
4113 5275
2372 5805
4288 9718
1078 9669
4054 9029
1706 8579
2457 9266
3041 9223
2245 2581
617 958
6854 9577
5508 9389
632 9744
2300 8168
2879 6891
6420 9393
3391 8219
5240 6980
981 8591
3189 8759
7150 8965
7668 8820
6444 7043
4637 5349
703 3617
5893 6256
2449 3844
6461 7631
5341 5948
675 8344
412 9690
1253 7223
2365 9872
423 7579
264 5929
1630 3417
533 7834
4412 6877
1562 5486
438 3787
1598 9990
3388 8014
2189 9419
1778 1889
52 4156
1784 2466
7227 9375
1187 4716
1786 2341
5109 6666
5855 8844
5932 7322
7969 9887
6557 9332
3331 4639
2921 5317
2540 7756
6560 7355
6001 9701
5349 8953
4418 7345
808 1256
3360 6586
5215 9951
5682 6675
2154 5529
2208 9593
3040 7530
1536 6259
7186 8827
1915 2978
4168 4783
498 6321
1030 1206
8851 9762
791 9194
3170 8034
2480 6827
1541 8076
5833 7787
2350 6907
4331 5156
742 5534
3169 8995
3085 4280
226 6234
1360 9228
361 7528
1727 6850
4434 9338
8540 9747
5912 9363
2459 2711
4238 7006
462 9817
5326 9195
2810 8283
337 2835
2992 4824
1333 4806
5211 6094
5033 7226
6537 8355
7385 8188
6177 7517
7255 8638
2591 7182
2899 9695
6727 9163
2016 5412
4122 6723
3765 7409
267 4807
6587 9037
132 9333
854 9575
1042 9989
3971 4712
1104 9126
4112 9577
121 9822
5046 5756
8588 9123
424 9644
3463 4105
2214 5607
2595 8365
1854 4253
5409 6589
4294 5974
6985 9475
5031 5470
4690 9300
3478 5674
4396 5801
5202 9771
1177 2763
102 1806
6339 6913
4495 8317
422 5491
1539 4323
5727 8479
4800 6718
7354 9153
2335 7103
1427 1842
2355 2611
1195 7690
2547 8639
6941 8241
5131 9774
2000 2288
464 5911
2121 3281
5370 7424
1382 6578
7962 8477
142 978
1425 6484
829 1457
384 1039
478 9629
1859 5152
3378 6497
1361 7457
3583 8932
4923 9824
370 8168
4541 7555
3439 9973
8944 9538
6012 7440
4685 9472
1390 5189
7834 9223
3308 8066
5968 9041
4552 8963
2981 3364
3199 7282
1970 2666
5820 7763
8335 9840
4721 6107
4632 6981
5072 5511
2247 7401
6451 9285
1314 2890
5301 8354
447 7224
3444 4040
506 1417
4672 6111
4675 7054
1456 7964
4976 8057
3156 6998
7361 8341
1096 5934
90 3195
1744 2443
1866 7400
9075 9929
3146 4432
5669 8634
1824 7232
5610 8206
346 8390
2040 2837
8106 9167
2446 2577
2347 8729
2635 6601
3262 7337
2483 2855
3732 8022
2236 2392
6406 6493
161 2566
1015 6076
1637 2623
6527 7173
4535 6759
5570 6485
3057 9518
4664 5360
6302 6550
574 8780
4612 4746
4548 6528
8232 9608
1420 2120
1347 4359
478 912
3893 5577
1454 9580
2349 3749
229 7127
5725 9569
4031 9111
3399 5223
2665 9642
1321 3183
2600 8793
180 727
8650 9801
1051 6421
4825 7225
4065 5997
3157 9427
1272 2575
4005 5528
634 2162
344 4246
1476 2160
1896 4482
2138 8457
43 3275
6975 9409
27 8490
4016 4044
4977 9961
6327 7045
5715 5926
4190 5023
3380 7855
5373 6170
3779 4558
4861 6161
706 5307
1125 4896
3241 4559
4512 6343
775 8864
1792 9325
1504 8485
3577 8122
771 7839
7981 8843
2520 9648
5950 9447
554 2942
4052 6252
6829 6921
4055 8003
3807 3865
7488 8934
1018 4107
4599 9854
4495 7439
4041 7460
6873 9534
1283 5495
4118 8922
4508 6677
1838 2122
20 936
614 7149
8528 8858
2052 3259
2733 4415
3977 7348
4583 7436
338 9216
7221 7729
6188 9543
1839 8587
2561 8151
3171 6424
4435 6408
4043 6800
5738 8751
261 796
2428 3934
983 7253
4308 4729
1880 4078
5156 5986
4435 8405
8426 8464
1044 6374
1358 9547
8126 8945
4589 4797
5146 8968
2773 9393
3212 8788
1618 3543
1809 3006
3601 8280
2796 5977
4858 8811
570 3814
2045 8305
3191 5160
2158 4272
5687 9724
95 4688
2498 2759
1662 5005
4802 8082
4374 9999
1709 4261
1312 1898
1204 4647
6326 9065
3113 5213
2226 9379
4241 8715
1298 7867
6285 7701
4846 7608
2608 8208
4995 5966
7086 7776
5434 7233
9499 9902
7652 8433
5783 9653
1120 1302
845 8809
5320 7175
7552 8687
1617 3268
554 6687
7559 9121
2678 4456
5062 9362
4629 5664
6023 8892
1141 3594
6583 8566
1317 6698
715 6969
6654 7483
1916 9965
9635 9863
1965 2980
194 4037
1429 5423
3144 6474
1331 3214
2621 8351
2654 8534
709 4872
663 6305
4203 9682
1818 6384
4942 9859
5829 8683
1668 8577
4884 9799
7279 8082
4720 5183
1214 2024
3441 7937
9626 9764
441 2366
49 1249
1587 4693
6102 6870
3051 7713
6556 7765
6269 8351
405 4956
4842 8697
3471 9998
3332 4815
3464 7602
1684 8759
4804 6593
2518 6533
4258 6559
1499 7366
1913 6126
3881 9136
1924 6581
2289 5406
2380 3966
2074 9674
259 2926
7395 8779
3805 5870
5527 7521
4591 8017
1713 3104
5087 9384
5648 7460
4789 8333
3945 9047
663 6167
99 2397
6401 7568
3997 9401
3351 6375
8725 9713
3794 7870
4765 5295
7148 8299
2090 7453
8892 9560
2378 9346
4218 5852
457 9151
608 2993
3676 9662
3223 7814
1323 2384
3573 5237
2315 5115
7541 9879
7699 8612
1885 2645
4628 8382
1447 6218
5771 7956
4431 6117
3635 5914
6662 9651
3707 8339
2569 9754
2915 4118
6221 7299
7514 7824
434 3389
7827 9171
6310 8004
840 6241
5629 5838
7022 8952
2618 6564
4627 8535
6221 8614
3133 5898
4039 9576
6290 7491
2434 3324
239 5962
718 978
4372 7085
6398 7167
3591 6759
3475 7009
2227 7575
1590 3589
508 9625
8921 9727
6550 9503
5214 5757
2200 5513
756 9323
326 2876
4516 9928
3210 4079
2230 5144
2921 4573
3226 8792
919 9134
7131 9276
5487 9508
1925 5624
2228 6067
364 3613
3735 7916
5195 6204
2510 7482
3571 9827
4861 9548
758 1653
2973 3298
6547 6851
3586 3831
3611 6301
4418 8534
4671 8416
8449 9323
4141 5326
4198 4739
8258 9800
858 8187
3751 4513
1323 1588
6680 7687
1674 9994
2919 3705
1082 2892
5949 6525
1201 3286
5105 5227
3152 8086
786 2980
736 9240
3621 5431
4353 6524
3233 9511
7284 7526
214 9156
1239 5120
1267 8557
3929 9444
3587 3995
1293 2157
4471 5445
3137 4183
5488 5683
3490 7147
1079 9416
986 8955
4068 8120
2269 4904
2055 9731
7758 8476
4037 9208
5097 5970
3499 4442
5427 9813
452 2113
1671 8809
2960 2968
2435 6140
992 4633
6448 6729
5656 7229
7707 9076
1108 4153
8064 8901
1472 8193
306 5700
3458 5217
5889 6314
4167 7854
4075 8735
5924 7962
1347 6123
167 4182
1774 4101
4982 9684
2693 8102
1092 6772
5521 5611
715 6675
6747 7578
417 7376
218 9673
2451 3638
2291 9523
4060 4216
5746 6096
9318 9391
5593 6322
5827 9963
864 5201
6196 7133
561 3905
1234 2467
7043 7941
4124 8116
2102 8657
1779 8545
4391 6646
3133 3763
9165 9638
3439 8835
7909 8089
6788 7995
1675 4551
1483 9129
3596 8728
6731 7815
2253 7076
93 3963
6645 9771
1434 8456
1150 9660
2179 7301
3321 4207
1488 1525
5641 8065
3050 9466
6462 6852
5276 7004
8126 8376
2670 2708
4164 6075
54 7024
865 8107
6785 7610
2135 2509
103 9160
509 1273
5286 7002
6085 7884
1432 8270
3464 7515
4531 5737
9667 9955
3405 4743
6353 6368
928 7313
2678 2784
1591 7965
2733 6922
1145 8796
7083 7212
2263 8017
8123 9000
4217 8594
2283 3506
3533 7107
1237 5798
1408 1943
1509 5954
1065 5758
549 662
387 9591
2844 9024
518 3975
1006 4407
3615 7338
4996 7974
213 5147
194 5875
1292 5918
5544 6291
1184 3644
2054 8611
609 9458
7287 9568
5451 8232
8612 8733
4214 7701
1895 4047
1095 3969
88 9821
866 5647
9587 9733
6154 9086
3398 9317
5539 5809
1976 4117
5399 8379
2456 3965
2015 7930
2512 8113
446 1058
2187 4761
4659 7939
3993 6830
6708 8559
3006 7552
1609 4751
5355 7742
1605 1855
1497 2364
8730 9657
7652 9745
3825 4005
2283 7616
1883 4550
1657 6970
4423 9963
3256 9655
3531 5920
7081 7125
1895 6904
6545 7193
2646 7199
1997 2973
149 6102
1951 4173
1225 1826
337 4983
477 8118
6939 7979
5165 7786
2789 6794
2056 7303
4271 5591
278 609
2930 7862
5645 6923
1086 6282
1271 5839
1169 5813
6799 9062
7692 9348
2039 2154
1294 7068
7693 9703
5818 7998
1362 3515
3401 8994
34 7903
1017 6301
2370 6598
3067 7089
6458 9731
110 4421
2133 4027
5061 5738
4813 9417
3344 3388
4523 7172
191 4989
9184 9887
5342 6068
7866 8969
3094 7561
5625 9222
6523 7862
4222 5782
3720 3973
3467 7954
1894 2529
5417 7360
2411 5478
9069 9479
2065 9324
3901 6798
7426 9164
1243 6670
6187 9198
924 6233
1083 7646
860 1781
5646 9090
4252 9317
571 604
399 9588
330 3490
2701 9600
1264 9890
991 2895
3022 8975
2191 7079
1446 4467
8360 9843
5371 5526
3728 4490
1030 4507
6648 6749
4622 4672
5841 9011
8599 8660
347 9812
955 5076
2896 6795
4580 8498
6008 8185
8633 9860
6250 9173
4671 5246
6390 9632
2672 3317
5378 7876
2344 4417
1888 8444
2688 4398
5136 8798
1685 5218
3675 4528
2736 3632
721 4837
5915 6338
4181 9911
4596 8373
2244 6844
1341 7263
1081 5516
6648 6796
4224 6276
1898 6001
3461 3593
699 4922
9303 9642
1677 3775
5467 8659
8623 9519
398 3280
4998 5628
6410 9726
3921 4140
1446 6428
3263 6248
486 8129
3168 8210
1709 7677
6517 9402
8802 9720
4521 6526
53 6465
213 3097
8148 8186
1054 9083
7051 9140
3431 5848
2438 4875
615 5416
4795 6889
2307 9304
832 3563
4440 8032
898 9907
6394 8479
1561 8814
1268 6397
2354 2417
1159 3840
2 1087
2741 8294
3387 4585
8300 8894
9252 9404
4788 5318
379 5236
6813 7027
4475 6003
10 6885
2352 2857
1600 6129
7082 8973
4094 7315
1054 9672
6188 9500
1206 9830
962 7825
4601 9716
1535 6186
2001 7502
4742 8854
1379 5302
1093 2828
1582 5025
3959 7145
414 7770
6671 9661
7536 9018
1878 3804
2720 4041
5390 6002
3118 6548
3292 7090
3134 4900
748 3285
1429 8876
1190 8987
2023 8262
5446 5661
9289 9980
1130 1372
1167 9181
1294 3211
4 6146
1189 3447
2151 2550
6882 7549
1074 8371
1669 3197
635 8732
394 5043
2972 5558
1460 4340
4170 9898
825 1917
3349 5199
4001 9274
1837 8910
2643 3855
1730 6050
5047 5557
41 8470
9039 9441
947 9967
1281 3481
5831 7163
1592 9234
1132 7106
2995 8031
6713 9909
6083 6931
7320 8244
6942 8320
6907 7084
3325 5035
2314 8062
714 9203
140 8883
76 7889
1534 2198
1952 3768
3166 5034
1812 9284
3288 8203
1667 5216
4042 6690
2337 4629
4571 5871
1850 5909
8130 9053
6147 6915
32 5191
2602 7438
901 3265
5323 7931
4592 8372
3559 9910
7487 7741
4655 8916
1365 6141
5196 6047
5559 9741
887 3848
4973 7623
3782 7320
5636 9828
1800 5227
740 3849
1375 2280
6881 7070
5927 9524
4325 8768
5952 6426
399 5223
5688 8932
1216 7064
830 1273
3583 5975
2748 9410
305 8461
662 5064
8159 8231
5624 6266
4982 5271
1844 9186
60 5813
3098 4482
3622 5996
989 8460
4422 9282
320 5629
1580 6894
1452 1601
2532 6898
5433 5671
790 8255
2367 3139
2853 3958
1463 6818
4313 6443
3486 7334
4676 8091
4856 8522
2443 6546
4233 9343
4256 7641
9241 9730
1823 2659
2493 9719
1100 5881
1985 2423
7049 9259
291 1708
1553 1567
2589 4072
5680 7179
1351 2403
5379 6403
5561 5893
7309 7330
3953 6534
3024 5860
913 4924
2680 9780
4227 4540
4191 7079
2991 9856
5983 9751
44 5951
2544 4833
1550 4162
2775 9707
1154 8819
5567 9585
881 4019
385 6468
9580 9608
7700 9326
3483 3960
1410 6764
2793 6009
9184 9380
3537 9923
3770 6411
7520 8596
2239 5415
6309 9739
1771 1852
3706 9446
9014 9177
2350 7857
511 7993
4604 8531
7604 7699
4921 8293
393 5701
4199 5855
1871 7546
6135 8998
2092 8317
8598 9285
2042 9546
1922 9358
3301 7158
6139 8848
6337 6685
6251 9049
6104 8233
2211 7317
452 3252
203 8522
1518 2503
4001 7600
1470 5575
5463 8913
114 9190
8626 9712
8928 9830
1900 2606
3216 3759
792 1491
437 9732
6639 8340
900 9101
2135 7712
2747 5620
4099 4468
3278 6752
1266 5872
6089 8281
5878 8258
1639 3822
3010 5234
954 4012
2642 6703
3683 7669
8865 9068
382 837
8346 9983
7456 7993
633 2081
880 8060
1303 1464
4784 4929
1742 1993
3840 4177
3545 7397
5097 7024
5517 8350
2074 2239
1804 7732
3068 8847
2639 2640
5302 7108
527 4686
6325 9951
6802 7676
1365 1855
4993 8440
2702 5832
2479 7591
3522 4196
4877 8087
5472 9907
7390 9245
6028 6592
1638 7014
2340 3823
967 3079
6013 7667
495 6491
79 6076
2128 8327
6710 8995
1739 7119
428 5383
9645 9948
1513 3673
3313 9353
1604 9112
2383 8566
8699 8797
1743 4803
3927 8792
4785 8353
184 5101
2119 4814
5140 8069
888 3222
929 7056
3109 3150
5222 8806
794 8641
8128 9137
1687 9842
101 9746
3294 9259
2010 3062
1771 2967
507 8808
4065 5995
1956 7828
5501 9498
7462 9453
3802 9689
2738 3953
5780 7797
4867 6438
5127 9390
4208 6151
937 5740
1474 2319
681 9952
3588 8347
2305 6119
2454 5287
5845 8524
5435 6814
892 9135
1719 7382
4136 5700
9509 9930
3192 4284
3857 4486
553 8186
1972 7130
1966 6699
87 5751
4179 5934
1284 2780
4958 8097
589 7140
1989 2770
2527 8867
1830 6737
1320 4262
1196 2062
6243 7170
1995 4360
3633 4733
623 7891
3928 9957
4306 6976
1056 1870
2124 4285
6735 9812
8140 8576
18 6757
7253 8442
7650 9186
742 7063
592 889
3854 4850
5527 9674
3309 7976
855 6778
2562 6599
5256 6235
1324 2398
4205 6712
572 9711
1685 4464
1141 8856
1116 5178
5316 6931
1175 2833
2157 8183
1038 8024
2365 6142
1982 9210
1552 5124
5245 7869
225 7332
1514 6878
930 7524
1367 2544
4270 5056
8753 9220
1567 2649
6258 8415
5281 9387
6733 9463
2871 5957
6710 7836
523 7977
4942 6085
4428 5992
45 1642
5677 7008
6116 9859
1875 5375
990 3591
1884 6939
6614 7427
279 2721
2411 8805
8191 9073
1808 5026
7305 8147
5574 6771
3808 6894
253 4870
3528 6860
2492 5768
1549 2326
6155 7921
546 8073
137 6688
4527 7376
3394 5586
2022 6294
49 863
1451 9139
2526 6120
2079 2126
1198 2511
2446 7264
2745 9863
3168 8492
2572 3524
5455 9473
4841 7250
5632 9722
1697 5608
3718 6864
6531 7706
501 515
179 5904
3815 8590
2263 9880
6588 9169
8654 9561
7440 7934
1243 2401
1649 7508
5618 6511
61 371
3715 5679
1022 8226
1098 1756
2991 7949
1663 7108
443 1938
6748 9170
4240 5558
6039 6514
4681 7748
6596 9848
3159 8925
5831 6210
4129 8575
1438 8225
8308 8833
5475 7496
6711 9248
1651 9777
1845 6103
237 721
2207 7946
4299 9022
4560 6120
4230 7011
4195 5060
2561 9334
4062 9493
2530 6890
144 2545
2123 8261
1669 6924
8409 9846
6382 7333
353 712
3810 9304
3925 8031
620 8365
5037 8577
6053 6265
7407 9282
4329 4469
2018 6239
8532 9389
3760 8709
6423 9992
188 3834
2512 9788
6425 8165
3843 8381
4424 9891
8052 8842
1204 9398
4686 9927
940 7015
3202 9257
4076 9679
262 6232
934 2842
2892 6344
5652 6841
161 6977
5142 5801
1512 3395
1814 2256
5150 9430
2829 8836
1070 1425
271 3335
2656 4842
5924 8355
1887 4596
9735 9850
146 6978
1303 3493
116 8212
1869 5187
1786 8722
2294 7018
3826 5905
810 2470
4967 6600
153 5735
660 5441
2803 4734
1986 7480
3826 5804
7526 7982
3491 7383
2122 4613
2000 5921
2651 7882
1213 9522
4610 9471
6730 7479
1085 2906
7325 9273
5560 8348
1962 6472
1242 8213
2877 9871
3366 9035
3737 3952
6331 8991
4573 5736
3871 5683
4910 5931
7478 8751
3015 5655
3183 6203
2164 3228
4945 9639
46 5159
3697 9366
551 1393
425 1880
852 2013
5435 6674
5346 9794
1501 5498
724 5327
2418 4990
2832 6686
1335 2962
946 1405
711 1114
5009 8161
2086 6584
2484 7211
1517 7087
1485 9332
2269 4515
9231 9788
2109 6453
1957 6981
8044 9002
1950 6234
8537 9656
5465 8648
5414 7341
3005 7146
3555 9860
169 3629
1935 3501
6175 9818
2667 6059
1117 2216
2408 3716
762 2601
3638 5458
4004 7295
3694 3801
1163 1961
1248 4834
97 5897
4219 6430
7471 8125
606 8238
1542 8899
7048 7999
789 3605
4602 8028
1168 5407
2753 5747
4193 7120
1103 5405
5466 9704
1827 9706
1648 3962
5930 8321
5675 9677
815 6943
8504 9292
4378 7378
6126 7835
3333 6466
149 7025
5765 6227
1178 9941
1093 3328
3616 4064
1050 7721
297 9281
1787 5334
4017 7495
5251 9687
3035 7616
421 1655
5393 7720
280 397
1468 5353
6016 7572
4167 4752
5197 9691
3396 5525
2813 3868
8243 9529
5553 6790
4393 4889
2327 6950
6071 8561
5153 8909
5081 7901
4420 6664
451 9874
186 4309
5461 9038
3371 3441
979 5499
1976 6086
3320 5589
3188 7684
2474 4003
1610 9030
5108 7268
999 2574
3541 7452
236 5979
7792 9132
5991 8520
836 2011
3219 5077
35 3177
66 2405
1480 7647
4710 9781
1014 5139
3525 5284
7799 9001
3032 9647
2937 6275
1299 7040
2542 9795
3645 6515
3726 6293
4452 5902
2212 9421
2657 4698
1028 8510
1250 2328
4778 8730
1933 3193
7846 8015
6686 9619
28 4131
6967 7137
6776 7265
3442 9238
200 9091
8377 9100
47 1931
3311 6360
5633 9838
1553 6827
786 3837
1371 7682
1326 5652
2444 5939
1791 9480
1964 6974
6202 7632
1544 8675
8403 9619
6917 7756
3125 9808
3667 6040
67 1340
536 4402
6177 9215
2619 3515
5973 7755
134 7697
2695 8603
345 1813
2063 5058
329 2209
3604 4959
4312 7925
4991 5273
2069 6857
4152 7162
3005 4892
6144 6783
3576 6824
317 8928
897 7890
4556 4950
2682 6414
4177 5591
3009 8253
2471 4659
3056 3368
3154 5731
1870 7266
825 6506
4119 6326
8376 8744
6495 8051
7036 8768
7861 8800
1570 7961
6281 9689
6324 9038
5982 9160
4414 7564
272 2917
4605 9698
4803 5106
4417 7682
1215 8467
741 7633
1007 8931
1901 4206
2278 6905
1954 3287
3088 3489
1825 8074
708 5505
1829 2145
1300 4169
6957 8084
2465 7167
1286 8897
1657 7664
2318 6639
431 8010
4569 9371
5878 7844
2221 5226
118 2053
6838 6839
4304 4811
3149 6155
1734 5450
4499 6730
4899 8247
2613 8003
7326 7971
2332 6964
1113 3018
883 7630
414 8981
884 4927
1361 5438
2847 9960
6286 7631
4036 4934
2850 9470
846 3432
6094 6294
4667 6618
1125 1702
1049 7394
3357 3387
8353 9212
435 8389
2940 5789
2003 7760
2641 8544
7184 9609
5432 8134
165 9710
2425 9978
6736 7443
642 5800
6082 6616
1270 8795
4770 8727
413 7877
1586 4011
2994 5220
1037 4978
6899 7812
2143 4046
2429 7428
1146 3123
3020 4620
367 1770
1970 4017
4064 7963
8319 9801
4383 9791
5259 6991
2272 9137
853 8385
2915 9055
5413 5701
254 7801
5374 6509
3817 8474
3672 4699
277 2097
6367 6575
6510 9428
3757 7114
2782 9162
1372 3001
4999 8084
404 9972
3096 5604
7136 8464
4787 8349
6978 8166
335 7422
2527 5172
769 3961
1993 9450
7097 8968
2505 3046
2858 7874
4018 8615
4277 8652
646 9897
1011 6084
7618 8127
7733 8738
5356 6167
1503 7514
3698 7338
821 9815
2146 3887
1969 2229
6409 6825
1222 5120
3937 8665
5963 7096
1781 6381
3101 5007
833 1943
2886 5978
4211 9379
4394 5491
5512 5903
136 2706
65 6783
1751 5815
1716 8717
46 2884
505 1846
1555 3782
2014 4767
9650 9770
755 1980
3404 5846
6328 7474
4587 7763
5851 7413
1736 4866
238 8260
440 1262
2810 3224
2693 8509
1193 7129
2463 6880
1099 4924
4843 6451
7047 8274
5576 6724
1914 1983
1714 5293
8304 8808
4775 9327
1143 1257
8673 9419
7966 8538
3191 6257
5105 8071
5430 9722
373 5678
271 2421
1606 3709
5451 6199
4949 5834
1481 5382
2223 2883
3207 7578
221 7649
5606 9391
6342 7807
4384 9962
1523 3476
2037 8893
5741 8462
381 9797
1258 4426
4221 7341
1834 9710
6479 6913
133 6695
1795 6492
420 7425
3911 8508
4968 8471
1246 3391
5497 8850
2503 6765
3471 5377
4720 8784
177 1637
6349 8331
4849 8947
3016 8778
171 6011
767 7620
6955 8793
4689 4776
753 8139
7138 9856
689 7783
7239 9598
1280 2398
678 7819
2445 7804
6225 7859
1689 7929
128 8624
7950 9071
2594 9874
1311 4126
5814 7293
2800 4916
849 2230
192 9322
7098 9665
2649 9356
8561 8740
7058 9278
8629 9096
5047 7489
634 9698
2523 2952
885 7353
3245 4867
8271 9469
8025 9133
3836 5916
128 3201
1467 3595
4561 9028
2954 4093
5289 5291
2700 9607
4399 7651
176 3676
4957 8571
7361 7994
9064 9826
1355 9881
2415 4737
1269 5896
1745 6316
2655 9476
2868 9202
1384 2108
1676 4805
4687 9066
3196 5075
209 9849
2941 3720
3766 6770
3304 5262
1156 5637
3566 6354
3485 9498
1105 6285
3651 3984
351 9328
243 2313
6740 7529
8608 9432
3512 7662
2848 6345
3532 7842
2557 5094
5673 6038
7261 9645
1048 5883
835 6699
1851 9081
8590 9490
2298 7573
3277 6569
2016 9270
1032 2808
4834 9663
4338 9775
8224 8619
5381 6319
4052 6304
894 1574
1947 7719
2695 6354
2468 2776
687 6372
8806 8924
2017 3944
8554 8562
1413 7473
3864 9641
1088 4543
816 3431
1596 9612
7202 9931
1579 2624
2827 4504
4640 5426
962 6807
3360 5998
2340 9384
7830 8055
2711 9478
7435 8021
1730 6269
5161 5272
661 3342
4974 7576
611 2765
3457 8173
802 7111
4466 7241
1803 4735
433 9264
2260 4176
1179 9059
2071 4641
806 4975
3491 9192
3533 7921
4169 7521
1410 2241
2114 7304
7431 7656
3924 8016
45 5503
9054 9912
1016 8124
1422 8112
3795 3934
3597 5438
1230 5009
2708 4367
3503 9030
2165 2345
7310 7691
26 2128
4322 6691
233 2612
1271 5690
8743 8887
2197 7985
4645 8572
7106 8548
4492 8079
3476 7352
2068 2382
1461 3338
573 5183
4430 5285
6611 8669
4635 4988
3693 9486
914 8607
1876 1893
7852 8637
3559 6912
394 449
3016 8143
44 2848
363 1087
2002 8551
4237 7357
2925 9246
2380 5793
4832 9164
4520 9310
157 9206
2223 8218
1831 9631
3642 7879
1627 7430
1706 2619
886 1334
5173 8115
2228 2728
925 7252
4563 7754
6619 8694
4731 8878
5478 8954
3131 4724
3197 4938
3588 8399
669 7689
629 8090
1454 6296
2041 6909
1646 3660
313 5201
3908 8038
3162 3957
891 2601
6156 9449
5195 9470
2722 3799
7029 9880
144 8938
316 1910
113 7230
646 6684
5038 5094
6701 7583
5114 8671
2514 9750
2932 9892
185 7213
489 3550
4067 5281
5732 8777
6363 7319
2220 3530
4387 6784
3486 9789
2023 2852
408 2066
510 5640
3800 8986
3181 6925
186 1887
6671 9009
1516 3298
1918 8977
1028 4259
3735 5003
4744 9637
249 657
668 4898
3007 5467
5068 5660
987 2277
5881 7704
1263 8933
3779 5440
1247 6677
1643 5786
2361 8668
2567 2627
1183 3613
764 5403
1511 6436
6204 7037
2357 5249
4402 4674
2229 8060
11 8409
2013 5676
913 3495
1380 2216
685 4577
824 7300
3297 8888
6186 7316
1203 7668
2472 9675
503 3504
4558 4768
4787 9076
1824 5610
7139 8992
6457 6621
897 1478
2718 8922
8245 9756
5699 8427
404 9518
556 4741
3440 5790
768 7907
2099 6096
2905 7276
1811 3318
3543 5662
3312 8096
4057 8180
2362 8805
5849 9568
3943 7786
1738 4424
504 3581
8441 8824
5848 8165
5307 8303
3753 7335
1686 2448
1941 3797
2727 9237
7459 9229
4023 5755
2397 9196
3867 6960
827 9761
5355 5768
7885 8903
4548 5244
1935 1958
4615 7329
4501 4746
6125 6373
6638 7932
2977 3684
1197 3631
3910 7852
17 5520
1554 2001
251 3206
2439 2501
5069 8575
621 2890
1160 3106
3305 6908
1290 5320
1209 4630
850 4365
608 9436
544 9772
87 5887
6190 6902
72 6237
5232 7596
6745 7452
5257 9328
867 969
2129 3107
3347 9151
2822 5774
1717 7251
5010 6609
6620 9855
110 3654
7373 8491
1165 8776
2947 4404
3413 9937
1878 6324
6185 6871
1131 3632
2698 2836
3996 7642
4444 4801
5551 5729
2167 9347
4624 8159
3824 9782
7286 7433
3487 4236
1911 7357
5780 8012
1629 4232
3421 4230
1164 8869
6868 9147
2183 9431
1223 8518
3478 6887
4276 6644
4754 8013
1563 3796
1298 3310
547 2546
406 4544
3075 8014
4925 7237
1396 9802
132 8499
7639 7746
8605 9522
523 3908
5418 6798
1985 6732
659 7886
1656 7031
7923 8513
4914 9123
2713 8125
6820 9866
4474 9337
2396 5617
2564 9491
39 139
2249 5423
2805 5510
2754 5074
429 4860
3061 6131
1435 8161
569 6944
5164 5606
5891 7853
1443 5717
1907 8460
2847 4204
7512 9446
5911 9837
4503 8352
641 8781
7519 7647
6362 8503
2537 4531
6693 7693
4823 8441
488 1447
3792 9403
4066 9219
4703 5464
6051 7910
2934 9685
4409 9549
1956 2563
2826 8716
3209 4281
41 2738
3841 8920
4022 9012
6042 6377
3414 5222
3213 3438
754 3042
245 7675
3179 8056
5678 6392
5541 5762
599 3281
5264 8896
1479 3716
5370 6054
912 8239
4600 6063
4059 9099
1285 2431
7835 8770
5676 5852
1565 4794
3754 7256
2072 4978
8042 8705
4848 5125
2637 8650
2832 8172
2709 2779
5926 5990
1149 9267
4538 8827
6892 8394
8842 9555
4541 6495
4747 7159
1463 4852
6887 7352
7655 9789
5787 9708
2174 4817
164 7445
3568 4465
2440 7705
1842 7621
4049 6678
1282 3871
8152 8511
6097 7494
283 6787
2489 4142
6030 6454
1778 1834
2318 6983
4626 9089
6008 6855
1784 6058
6242 7841
4297 6865
3456 9708
2565 3319
3426 4906
2795 6236
1106 8692
7446 8490
1729 3856
6065 7734
6346 8202
3045 8609
1731 1998
1112 7161
967 6731
1600 2505
6401 8345
5075 5099
7 6407
4489 8048
5283 6311
7708 9396
1768 5439
3876 7566
1190 9372
313 2688
2180 4621
2437 7594
435 1663
2936 4888
883 2800
2211 2966
60 9073
2008 9505
6904 9190
3330 4646
7928 8246
5402 5572
1751 7731
439 1860
2424 6093
5857 8412
4620 8859
972 5230
7794 8873
4617 7388
2115 9988
6781 9925
466 2501
1305 9823
78 1945
2020 5079
670 4774
4819 5142
2551 7355
415 9971
4570 6967
3204 3253
3536 8661
2310 3043
483 5329
2956 6184
391 6388
2719 3800
3586 6416
2686 6410
319 2196
6329 6862
4744 6057
4310 7770
1957 7940
416 4165
903 6166
3891 9623
5090 5184
624 8940
983 3794
1296 5213
975 5569
910 2538
3039 8585
3818 6456
1641 4015
5021 9932
826 5052
3976 5465
7629 9561
2541 2664
1103 4826
3477 6143
6063 7893
3821 4331
6590 8138
4768 4868
3535 9979
1413 8218
5581 8322
3813 7755
1659 5750
3730 9739
1899 9783
7749 9831
3877 6892
948 5106
5406 7570
7807 8163
375 4197
4512 5721
890 9904
3264 3544
4912 9968
1253 9336
2954 4731
3951 6879
76 1422
8807 8879
3699 7112
4359 6975
4157 6198
3019 4176
4251 7203
3031 5078
5277 5560
1368 9051
3266 9088
571 8849
483 6999
5361 9591
5116 9302
2484 5439
5667 7011
1720 2116
915 7372
4496 9954
1289 9233
3617 8929
4704 9306
2360 8398
573 4516
6536 7871
2477 4234
4090 5189
242 6751
3675 8487
508 5698
4318 6965
307 7027
5668 9551
7715 9638
5394 6576
1773 2763
1441 4425
2943 9152
4160 7646
2287 7820
293 5691
5069 5247
4753 8095
8533 8741
1111 8230
7113 9043
753 5819
5205 8737
2285 3240
1269 5449
1226 8897
3670 9440
995 7032
5159 8689
410 8870
3777 6247
7548 8685
6949 7388
1509 5358
834 9661
220 9174
331 1920
1487 6455
1798 4411
2696 9601
4070 9070
3549 6663
4149 9027
3127 7704
50 9918
1406 4600
3077 3893
7906 9396
2106 4923
699 7218
1283 5422
2938 3803
4549 6121
6749 8930
1458 7865
1755 6481
3060 9269
813 9473
3634 8516
196 7870
5060 6254
4881 5669
2721 4369
7929 8912
2528 2575
1531 5279
1033 7248
7293 8532
2253 6093
863 6254
1150 4235
3508 6033
1868 6089
5269 5894
1210 1217
349 2120
3188 9279
124 4525
2481 9971
1166 8536
2069 7811
1744 4935
329 6061
1503 8734
4309 8822
966 3959
3634 5892
627 1350
1968 9995
469 9876
1444 2744
4877 8994
5028 5442
2989 6133
9748 9819
1794 8903
400 8302
5775 9374
6775 9644
4 2584
6785 7840
5235 8653
4368 6797
3104 6875
7478 9031
6778 6876
641 8106
6756 7006
6741 6902
7928 9758
1254 7244
1345 4911
3161 9092
2698 9177
2235 7561
2342 4313
1980 7421
1428 4831
1508 6957
5168 8625
2654 5442
1692 8337
257 3332
4357 6532
1598 9114
893 7450
759 9984
7775 9345
3862 9852
6985 7553
1153 2729
2926 4050
971 1068
5200 5568
3186 7289
383 4726
6253 7224
2351 6996
3691 7298
5598 9106
1524 6767
944 9044
702 6197
3922 8648
8104 8840
6070 9224
455 750
3351 4433
3303 8285
9299 9676
1376 6078
1486 3885
6312 7996
5594 7380
6337 7978
3103 9004
6660 9145
3276 6322
7982 8853
7295 9934
5335 5429
3121 9149
920 2177
1766 3514
5777 7825
2175 8497
8401 9262
1539 7385
2877 5544
5871 8572
2379 9749
5663 8175
288 4631
283 5864
6176 9562
6792 9705
2533 3119
3312 3938
3328 7831
565 9321
3071 6571
4514 8776
24 2731
415 1360
8115 9339
1394 3609
3990 5498
6722 8393
6111 6658
8400 9267
3011 7832
1126 4844
5469 8220
4371 7493
839 7322
6073 6709
2641 6037
5511 8314
463 7380
1518 5048
231 8845
1678 2206
4115 7309
1691 6932
713 8065
2487 8324
4301 9966
7215 7673
1134 8901
2260 9361
395 7305
2107 3159
4006 9079
4033 6990
6363 9035
3658 6257
322 6343
4734 5229
6485 7810
611 955
2543 8972
3375 3746
3345 9571
2492 7927
243 3546
6171 9993
8103 8509
1077 4756
57 1003
975 2573
6441 8818
3672 4797
6115 7597
3428 5102
552 5913
6368 9553
4201 9933
5972 8889
3601 6728
3048 9979
917 9399
1723 8363
877 6596
1329 5548
5860 6805
1507 3708
5803 8229
1168 1502
2795 3694
945 1195
892 3859
7621 8142
434 948
5932 6261
2783 9694
1044 5564
2497 5578
3967 7778
3009 6503
9288 9693
4239 5012
5869 9602
537 5093
3545 5084
181 5794
2436 4461
4265 4429
7519 9017
4517 7977
1312 4572
1675 4769
3137 6946
1942 6383
2066 9906
2882 7344
278 3967
1448 7042
4745 7510
2844 6863
3646 7390
1284 6133
1886 4453
3415 6247
5324 8424
2694 6214
734 7892
743 9219
1364 4534
2428 8043
4670 7574
4294 4612
667 5832
601 1325
4581 6055
992 7589
1282 5622
105 2338
3725 6948
511 5739
8131 9408
4874 7757
3780 7838
673 3361
3505 7728
2038 4382
2933 9595
1688 4863
1045 8034
6419 6843
1437 3785
1566 6714
2064 8512
227 6927
578 1780
3425 9917
2605 4879
2570 9390
2083 4623
6345 6989
8937 9953
1484 8005
1373 8597
3395 8154
2809 5202
1564 5477
2616 4134
3419 9987
1977 8552
3921 8615
2790 3939
3340 4736
4195 4334
2593 6312
6504 7328
2153 5707
569 9020
2374 3918
1737 6635
8970 9742
1948 3884
2905 3736
638 5955
3625 9883
1991 7271
7213 8079
690 9784
661 8937
1738 7941
2912 9451
9096 9460
300 1684
2390 7363
1474 7312
577 9438
703 9737
1693 5122
3507 4134
2965 9172
3927 4388
1700 8811
1011 9225
4007 5002
8132 9310
1897 9994
1536 2661
5844 7891
5830 8894
7847 9178
5405 7628
4111 6661
5884 9575
5985 9301
3817 4159
7624 7917
1859 5321
3381 3867
4048 9592
653 9923
2777 7331
4763 8041
1759 6203
3047 4209
7474 9256
3668 6347
3764 6626
3272 6843
5984 9281
1080 4419
217 7695
4980 5038
3093 7494
902 7845
7511 8723
228 6555
470 8900
1240 7286
3023 3408
1074 3467
3625 5138
2284 4885
2726 3527
1694 3268
303 5297
2718 8852
4061 8088
2769 7686
2879 8387
1984 3631
1698 3013
2714 4186
5080 5519
2891 9962
1775 2891
1140 4364
1995 9494
2757 8664
4088 9944
3355 3917
1197 9974
4056 8691
2182 2631
1149 7987
1610 4986
5562 5901
304 2845
4579 8711
3903 6128
965 3004
5840 9272
1984 6279
260 5037
7392 8224
5031 9820
3547 3711
4737 9385
1496 2887
7636 9482
1224 1716
1238 1936
224 3924
1244 2172
207 7785
1152 8738
6065 9029
3985 8997
1075 1636
2041 5008
2427 5730
670 7088
1019 9334
738 3489
2348 2927
1713 4028
250 1004
7365 7490
7161 7379
1430 5592
943 8329
4492 8313
1804 6353
3923 6836
5605 8845
4301 9696
5145 9908
9019 9944
4634 5260
6222 9037
2212 8103
4165 4668
1809 3530
4833 7299
7407 9360
3215 3284
5397 7481
5052 6335
3222 6101
1602 6928
388 4333
4411 5621
5824 8821
631 7264
598 6552
4406 9023
2111 2419
648 2489
3446 7104
5352 7318
1051 2126
1473 9526
635 1983
6306 7656
590 3059
1328 2261
2665 6979
588 7443
3087 4488
776 2028
3106 4893
5951 6207
2067 3409
592 5330
3257 5231
7245 7983
1420 4809
4682 6397
4677 9119
5252 8506
2945 7168
7721 8339
3539 9297
1339 4820
163 4633
2558 2671
5589 6668
3708 9110
230 1278
939 1717
4460 8496
173 9569
1386 3000
4106 9496
5838 7557
744 1841
4696 8137
2573 7088
3736 5170
2238 2670
1249 8483
4789 9363
2583 7798
555 6127
2096 8265
1295 7198
3317 6483
6585 8851
4341 8470
1219 7583
1619 4979
665 2872
870 4765
2828 7115
2250 4456
4997 9614
25 6789
6956 8004
257 7849
481 3102
4089 8330
3117 3965
4932 6277
7732 9837
2923 6847
1101 5437
1624 3643
4611 9283
4707 8952
7330 8019
2413 5139
336 6021
2703 6267
6459 9939
125 4458
2306 2769
6919 7623
3620 6959
916 4897
765 5816
4853 5523
3050 7992
3612 7556
6643 9141
3269 9008
584 4566
2227 7031
2313 2874
2556 7848
2655 5450
698 3644
1470 8199
5712 7603
1875 6283
781 4137
475 2156
1465 5789
5357 7779
5521 9084
1696 7989
402 4427
1861 3092
5710 5890
2851 6255
7246 9127
5290 5600
2780 8356
2908 9080
5851 8210
2620 5673
9738 9743
1185 8309
1673 8707
3157 6844
9045 9981
645 9181
2217 7026
2922 4593
2562 3872
3435 6456
2530 7003
4454 5238
460 3436
4617 6642
3331 3743
2040 2475
4355 8895
461 2433
4796 6636
266 7120
1664 2363
2251 3230
4550 6989
3015 7438
4180 8881
3154 4473
534 4717
6009 8228
785 1063
2294 9529
2814 5968
2767 3014
3100 9397
5065 6853
6681 7353
3415 7658
1900 3406
2699 9294
6158 8915
275 4938
5359 9411
2430 6717
3411 7571
5190 9997
1658 5883
2660 8664
347 9287
4406 6804
984 8554
1241 8733
3931 5369
4320 9457
1418 7332
3053 4966
3906 4330
5088 7200
525 5030
4071 9068
574 8085
2599 6419
5129 8683
1109 4776
1350 7282
1683 2584
5387 5822
3886 5984
2205 7793
5117 9400
5032 6900
456 1723
5802 6780
4024 8432
1450 2353
9305 9394
1755 6024
1228 8783
7189 8401
1903 5346
4013 6628
3655 6605
698 8848
5549 6743
3432 6994
6811 8358
5095 5718
486 9926
3416 7539
2096 4275
1181 1381
3557 8127
3238 6609
1785 3547
807 4728
1524 3252
1860 9654
7913 9308
1584 5930
3656 6213
1295 4564
2975 5008
1165 1856
1445 4683
1534 3142
1884 5989
5933 9643
5719 7143
2059 5177
4059 7281
3833 8033
1871 2736
5891 5985
89 183
6582 8926
126 2258
7833 9514
1743 5716
857 3420
1377 6274
7055 7956
5777 8830
216 5853
3176 6396
779 3206
1276 4389
2448 8628
1161 1505
6999 7350
5440 6263
4849 7815
868 6482
3296 9003
8205 9664
5408 6925
2579 6718
53 5354
2171 7102
1081 4788
3023 9236
245 504
3556 5288
2590 3733
5095 6726
2751 4944
6166 8055
6500 8121
2990 9440
6074 8298
234 1633
2657 7599
2058 5264
5641 8427
2172 4585
3320 9711
2552 3115
6645 9945
1419 5956
4290 7157
7531 8537
5203 7518
2662 8714
5684 9738
1233 3730
4455 7878
5198 5670
529 4024
8375 9829
1820 4619
4781 5841
1374 5410
1188 2903
1058 1274
874 5058
2438 6627
1808 9060
2141 8917
1202 7277
4743 6851
5746 9895
4940 9107
1965 4049
3314 7467
2105 4692
3305 7816
3679 6574
5696 6112
223 6679
6766 7818
3506 8116
669 1078
4607 8197
1793 8408
5887 5987
1530 3937
298 9065
6224 7288
3177 8450
3725 9143
50 8072
850 9336
1334 8449
9185 9736
2344 7516
2545 3025
6035 6668
6538 7311
8269 8531
2067 2114
3527 7294
4994 8327
146 1756
4854 8366
1344 3503
5067 7489
6333 8682
480 7151
3198 3856
297 9804
6366 8476
1833 3626
7188 9138
2139 2818
115 2250
874 7365
3510 8058
595 1138
2951 8250
4441 5631
2028 5649
2758 7420
3100 8118
2142 6518
4539 7176
9225 9717
905 8771
3370 7735
1747 3554
1753 7782
1599 6180
4682 9150
854 1439
2061 6610
547 1516
2820 9517
2408 5637
3020 6529
1742 4102
172 4191
5286 8767
6840 9162
4007 4679
1699 2629
1047 3636
553 8156
7077 8606
8434 8604
5386 6856
3362 3509
6356 8637
6651 8412
7099 8990
3116 5865
5921 9243
2839 4980
6041 6815
1202 4969
4356 8221
2389 5124
8550 9494
368 826
73 8891
2785 3140
596 4203
5885 9565
387 1166
3443 7402
1472 6233
637 8070
5595 6850
1578 1967
542 1664
290 538
319 2823
1035 1906
1023 2273
3534 4691
312 5559
6750 9227
2772 9145
1788 9006
4497 4928
829 5210
5078 9063
5298 7381
6522 7586
8313 8645
1817 4708
7077 8254
2415 6936
216 9117
7001 7857
4236 8600
2124 2881
548 8725
1173 3070
905 9089
4519 4714
7544 9543
1533 5772
6782 9414
7004 8454
2499 3747
143 3954
6787 8391
678 9411
6789 9189
372 6725
3863 7389
638 2375
3462 3821
3122 8252
6383 8563
3846 5309
7491 9362
801 8949
5797 9125
3704 8757
1073 5870
866 4913
5711 6402
1342 4879
300 2554
6287 8616
4841 8371
6007 9056
4105 9020
1211 2567
3129 9624
2210 9895
2276 5663
6432 9359
233 2196
1437 8372
1840 5179
2939 6698
2184 2532
2353 8101
202 7490
3755 4053
5452 8713
3404 7308
7785 8781
2659 9094
2170 6191
3085 7302
6500 8467
307 9078
227 5023
2203 6315
7518 8974
284 2942
1239 3598
5875 8436
3538 5087
3955 8605
35 5102
1407 8748
5211 6917
2186 6594
3519 7860
2254 9545
3564 6784
26 8306
4604 6553
1084 6895
6489 7327
6019 9275
4626 8523
2739 3552
540 1821
2735 5493
2923 2997
4919 7369
841 7670
3569 8092
746 4974
2901 3796
335 3336
5862 8123
5172 8888
3069 8823
3835 9686
2984 8340
5169 6333
111 3712
995 4886
3421 5261
2616 8032
2610 7607
2449 7268
4937 8544
2843 3381
357 5587
159 4829
2676 7742
6080 8179
4704 8150
6743 8521
7381 9986
587 5252
4880 5772
270 8684
5395 7111
4044 8212
602 2838
138 7070
3793 8927
1489 4815
2219 3452
2110 8179
2878 3637
4061 9927
4563 7255
6760 8209
3562 8207
8556 8745
4332 4412
268 5616
9527 9532
3358 8144
6865 7509
5579 8866
82 5826
4487 9087
6291 9069
193 9454
3686 9844
1595 7475
48 3086
3855 4926
7557 8318
5925 8631
1412 4917
4486 7666
1557 5059
2258 5856
4016 9220
1767 7554
2690 9465
5723 8446
2653 8663
3723 9618
2169 2637
197 4567
4073 7211
3111 6634
2178 4187
5906 9280
2935 8388
6604 9820
7961 9831
2539 6897
3852 9432
1262 9418
2663 2983
4390 5756
4878 5781
18 6631
2797 5890
1388 5495
6088 8567
2202 2569
2964 8718
7010 8974
296 8059
2006 8979
7632 9305
5017 5506
693 3194
1041 2237
4963 8825
6151 7123
6940 8421
4955 8129
2600 3888
3916 6665
3368 8935
3243 7118
78 9709
7484 9769
2583 6961
2049 7427
2150 9627
5282 8370
7703 7772
6366 7233
2334 9903
6667 7144
3044 9625
4069 5791
1733 7020
2539 9797
1034 6700
7813 8166
4084 8850
3455 4135
2373 7893
3053 3081
1310 9213
360 3132
8324 9345
2104 4505
7688 9841
119 8824
6159 7529
5044 8124
9315 9948
7125 9263
2636 7236
5953 7958
781 9437
121 658
4692 8880
2776 5907
5538 6533
6808 8673
252 6026
4099 5265
1531 1853
4855 8862
6043 7092
355 7660
3036 7356
7279 9779
1024 3223
5036 9311
3875 8087
5237 6296
85 9157
9697 9888
5126 7995
5512 9277
1586 7736
1990 6613
1127 1790
4358 8693
1020 8574
5991 6276
4038 9072
1829 5325
4269 6667
4705 9327
1920 5353
1435 2491
5344 8621
4996 9472
1288 9200
2576 4138
9303 9620
4408 9578
5644 8773
11 2436
1066 8050
666 2768
9736 9782
840 8007
4260 8214
2705 3581
247 5224
5394 7499
1401 9491
5753 7898
5922 8257
80 949
4002 7603
378 3776
976 6319
4237 5736
2766 8971
85 827
8435 8674
5359 8514
2300 7615
5393 8719
2289 6307
8391 9261
1317 1700
1608 5572
1698 2452
4749 4916
7416 9839
3043 9589
3105 5776
3615 6934
6447 7669
6336 9564
783 8169
768 3264
4439 6172
282 2888
5011 5501
5382 8939
8113 9976
4305 8285
6288 9501
405 2285
3684 4939
3038 4793
3658 9024
4727 9667
1619 2322
5119 7550
2349 3995
1459 3986
2293 9061
220 5162
1989 5089
1106 7730
5693 7727
3187 8784
2897 4255
6027 7865
237 3561
2200 7562
4675 5430
4279 6557
5796 8555
3210 6278
2027 5582
772 6335
332 8529
2048 8236
3130 7535
7074 9265
2031 8863
1207 1565
729 3147
327 3833
5206 7231
5436 8260
4342 8660
5674 8716
653 5886
169 7084
2393 2533
3007 6196
6432 7738
4502 7171
3115 9636
102 3652
6295 8000
117 9489
2961 5981
8430 8562
2051 9597
1937 8488
2842 7744
1112 5025
5716 9664
5477 5901
1042 7464
4539 7297
4257 8432
166 694
1712 8584
4257 7718
1805 5284
1329 5389
3051 5333
91 5461
6611 7536
541 6920
7671 8201
3175 9942
645 9802
2184 8962
716 7422
2875 3218
5717 8270
4478 5523
1324 7042
1366 5546
2614 6206
488 7314
7448 8489
6572 7533
3038 9128
3743 9776
5515 5822
4380 8933
4212 9930
4400 9996
5337 8828
696 8821
1133 3357
6288 7343
8929 9744
7062 8706
1787 9105
2644 4260
472 4343
968 4415
5759 6613
4638 9364
4987 5164
4393 9370
148 2053
6200 9557
3443 4954
2866 9750
1402 7878
3992 9616
1500 3741
1041 1707
1513 7420
3717 8785
1540 2929
4901 8303
7056 8517
502 7979
8745 8826
4361 4669
1671 6216
3681 8885
6165 7414
2321 6209
1806 8050
101 8400
982 7985
2490 4434
3474 7795
959 5729
3659 6415
5960 8950
3820 8941
2370 2740
996 7122
4749 8964
2998 4063
7143 7810
1914 3422
2006 8041
1196 7999
1593 8737
455 7283
3017 3918
2030 8874
4943 5348
4247 6830
4577 6047
288 8549
1398 9365
3873 8018
6908 6963
2987 9604
285 4440
6446 6739
4032 9044
1528 4525
7661 9469
139 3496
5129 9803
4384 5077
6 8680
5152 8389
2779 9723
1971 4503
3480 7905
4158 8655
2346 7592
8122 9949
3909 8698
4420 7240
6262 7458
2761 5330
4985 6017
2351 9699
2986 7057
4012 5362
8428 8779
1038 4845
5980 8515
643 3897
5369 9959
4782 9033
4084 8231
1210 8475
2405 3071
2680 7822
4090 4450
8564 8803
2507 6567
3847 4557
1205 2385
4448 5262
3451 5073
4964 8136
4487 9276
3640 4799
2473 3992
1593 4254
4491 5400
747 7154
594 6393
1502 3742
328 2194
1319 5134
6636 9538
2123 4361
1569 4289
3750 9103
853 1495
2508 3064
12 1568
4379 9405
376 5653
747 7726
4698 5157
422 5004
3832 7700
8153 9592
2367 8977
1654 6513
2453 9846
7091 9174
7342 9668
1084 9878
559 3440
3509 7506
3873 9322
8426 8578
6074 8429
2894 6867
1793 7547
2134 3398
5914 8686
1025 7370
2626 2707
1764 9214
1018 9760
4892 7436
6696 9825
4231 7470
83 996
882 7040
2676 9067
3308 6716
1940 8051
513 3390
546 9505
7984 9183
1455 9438
7796 9266
8049 9367
613 7449
2948 5130
731 3724
1029 7542
3295 6122
4771 5745
4020 8560
2811 5455
4148 6022
1681 3493
1412 1724
1592 8502
7188 9502
6437 8280
667 3780
6417 8169
2278 8054
1069 6890
1589 8349
440 1691
2189 4205
3132 9197
484 7945
3582 4545
6608 9781
3919 4437
2155 2587
1379 2277
3313 5219
1192 9678
3784 5356
1498 3891
3072 7776
3814 5795
3719 7417
3724 5185
22 348
1823 6427
6834 7270
403 4796
1551 6232
1431 8117
2366 3845
6625 8297
3167 9922
3373 7571
5520 9342
3086 6108
3065 8911
3520 3932
8553 9415
5145 8707
1912 2450
4381 5650
3819 4124
104 4369
8418 9817
1597 9595
1799 5885
3122 6842
2246 3350
1544 5250
4339 6813
1309 3762
2632 5638
7818 8048
496 6228
6210 8452
407 1905
2941 5752
3392 6274
4004 6140
2072 6090
1136 8972
1726 3405
4705 6738
1235 1456
5709 9124
735 1341
3003 4792
7495 8834
684 6062
9350 9882
676 986
1861 2176
1552 9891
3433 7173
359 4862
7766 8347
8314 9989
923 7505
494 7162
5216 7753
1228 6056
5580 8407
497 5298
3102 5303
5457 6949
2316 6993
2513 6000
1176 4907
6313 7594
29 5300
83 1235
7350 8399
3361 4642
5975 7761
4228 7681
3248 5383
5821 9583
2190 4133
1647 4625
2648 3750
2869 5422
6839 8040
6289 9172
3374 9437
469 9903
2730 9605
2400 3933
27 3021
2812 8439
8422 9207
1721 8027
4092 5766
2301 3679
5579 7032
5692 6901
4392 7973
1208 1559
5692 6260
997 9892
5866 7955
224 1039
3853 6224
126 865
3560 5328
2152 7880
8714 9777
6201 8206
4863 9914
401 3738
1510 9290
306 9025
1959 4756
3047 7228
1746 4729
896 4557
6591 7598
5294 6815
3454 6672
6069 8818
5134 9349
1892 9586
1232 7847
9234 9564
4451 6561
708 2406
5030 8025
2419 7475
5019 8686
3700 5946
1231 8783
774 6527
3641 3950
1482 2464
1996 5492
1097 9582
1076 4098
4551 5352
2504 6754
3529 6936
7666 7894
4606 5705
3876 9845
9146 9807
6479 7702
3200 5416
697 5654
301 6649
3383 4416
4386 7400
2861 3605
4597 5510
4784 9528
3449 7960
6351 8602
960 5230
985 7177
5290 6441
4808 5751
3451 7936
7877 9072
1015 3129
1047 2793
6372 6566
8493 8964
3061 5035
4413 8455
464 6578
7946 8356
2605 6135
993 4613
552 3898
512 3339
6911 7430
5225 6889
2822 5076
695 9272
4574 5171
3365 9765
4755 6758
2137 5339
1221 6926
734 1687
7432 7584
7342 9400
1198 4152
3142 8651
2940 4014
8772 9298
857 2919
6567 9901
3540 4137
1036 3426
8045 8565
2519 6920
1131 5964
855 1939
2354 3989
81 1200
1621 6518
3479 4821
1261 8332
8375 9628
5309 6558
3118 5568
6030 9811
2854 7540
9321 9487
3343 5207
710 2913
5233 6947
540 2117
6637 7638
2127 5971
507 5265
390 6608
7607 9554
3595 7114
1921 7089
33 9596
24 2629
2938 9413
757 5542
2014 4700
1514 5419
1712 8649
151 1905
3492 6284
3955 5160
4000 9514
1892 5706
2667 9572
7604 8149
2187 7100
965 3788
811 6182
3790 6817
1414 4872
7192 9829
3027 7463
3003 7285
1745 9348
1345 6230
1068 5364
1493 4522
680 1275
5379 5720
2587 7872
4681 6118
2262 8185
112 7136
1259 8036
3688 7827
3448 8468
3923 5694
396 8024
3025 7190
4748 7606
1344 3417
972 4136
4952 9367
9423 9467
1221 1835
2442 5672
4038 7800
2588 4472
6499 9271
6193 9921
558 2190
4857 7653
5381 6597
2704 4864
6871 6997
39 7237
2630 9077
3194 4903
4992 8831
5562 9953
1776 9481
1988 8983
4822 5210
1055 2298
9574 9701
2131 6629
3397 8822
2681 9618
918 4215
201 8618
3517 8030
4357 5348
3546 4760
8330 9790
474 4449
3714 8274
4300 9353
8906 9112
3610 4422
5854 8357
5626 9884
4965 6136
3841 7663
815 7225
1076 7284
9456 9481
3468 9900
1561 4673
1064 3435
4382 9277
4962 5343
4234 5091
1494 6546
4822 6117
3483 3880
800 6370
1620 6629
4702 4708
6211 9571
3143 7932
602 3777
5995 7429
585 6715
277 1977
4143 5366
9501 9862
860 5113
4327 8627
3518 7023
719 8774
2976 5635
7787 8200
289 2270
4317 8724
7709 8239
5042 7730
4215 7563
891 3378
5685 6757
4174 7626
2817 3120
2396 3723
2700 8578
7209 7760
4511 9542
2107 3217
558 1391
1302 6848
2855 2896
1813 8447
2215 2862
4125 4290
6083 9690
2802 5733
1721 5022
2098 7614
289 3012
1581 9066
2035 8002
3516 7250
2094 6958
164 649
648 8515
1858 7739
1991 9659
326 5470
953 1424
2531 4701
4818 5424
1998 2181
6814 9773
4363 6130
582 6105
3868 9758
1418 9616
6837 9507
1921 7481
5459 7575
4727 8854
6308 7821
7239 9313
957 7190
1453 3088
3562 6707
2312 8947
647 8535
89 9156
3731 6415
3221 7185
5956 7779
5892 8841
256 6845
3636 8832
2009 6128
1400 7609
9074 9947
5344 7911
1478 7978
96 178
1002 2789
1436 9200
1378 5207
5623 7197
4670 7968
6736 8483
1490 5054
8602 9673
241 7831
1423 4432
1455 5728
576 4485
2729 5682
1933 8466
117 4316
3152 7249
1747 6958
4854 7051
2309 6037
4383 8304
563 2933
3971 9556
106 6426
3678 5565
1872 6824
7324 9547
2153 9263
6271 8107
30 8444
9264 9556
3915 4425
6052 9785
3374 3639
1896 5187
6185 7280
3410 9761
6298 9235
1375 5784
2434 4075
4119 7222
7790 9757
2143 9898
3979 7340
4655 4950
6508 7627
2338 4311
2689 8722
6641 9161
2286 5101
124 6400
3827 6139
1391 5107
4271 8058
3048 7075
7313 9658
1616 6810
323 5191
2224 8443
5895 6359
4738 6202
374 7922
2402 9974
2352 4345
6484 8343
7743 9057
904 7441
71 9805
142 8430
3173 7234
15 7622
1053 1812
2867 4067
1137 6029
4458 5807
4523 9477
473 956
3993 5396
2955 8473
531 1052
3912 6289
2821 9804
155 2790
6741 7688
6775 8195
5015 6704
4791 9675
3187 5372
2551 4321
2499 5432
2987 6194
522 7065
3642 6457
3895 7483
6706 9210
780 1327
8767 8923
674 8431
352 9021
3301 7745
3752 8697
371 8394
454 8961
2257 5577
209 2840
591 7502
374 4242
6548 8518
5967 9512
7146 9097
5667 7918
1105 7635
7817 8610
8984 9074
2368 7010
305 3229
2199 3783
1881 6604
3574 5699
3095 5865
6465 9107
5948 8043
2805 2949
4766 9143
3710 5880
5964 6826
7709 9010
761 8914
626 777
6462 7933
4476 6724
6573 7327
1088 6603
1511 9109
1135 8622
7298 9525
809 3409
2672 9573
280 5787
2787 9763
8177 8378
3046 5530
5235 6700
484 9794
7634 9046
5420 9361
295 841
1571 5748
2361 3456
1388 5969
4845 6290
1469 7937
4339 7940
170 9602
377 7971
2699 3078
23 814
162 4110
575 3040
238 7246
4630 6245
14 4055
664 1794
2280 8002
1061 5000
4292 8621
1232 9819
843 8039
167 4229
802 8589
657 3028
4816 6211
1727 9559
910 911
7230 9214
3255 3310
1191 9385
2372 6064
8081 9862
8264 8529
722 3424
901 7435
8167 9357
2204 5834
5919 9617
1902 6771
3459 7675
5086 7076
881 9418
5977 8237
2717 9495
4261 7528
1483 5876
7105 7769
7018 7181
5754 9414
1496 8658
5 6195
728 7312
5522 9376
5411 6555
1512 8908
292 9352
4029 9764
6216 6683
6640 9572
4754 9387
2595 7307
6663 9148
1492 7903
5109 5363
6075 7772
2021 6408
7269 9503
310 6430
3507 9612
4518 6570
2118 9081
158 279
8828 9006
6811 7565
1526 9461
386 1519
4258 4930
436 1501
937 8067
5174 7285
4679 5580
1378 8148
6379 6417
7461 7714
77 8527
949 6542
4363 7144
3430 7404
4794 6804
3052 6056
643 7419
1765 3052
2117 5053
3285 7505
6572 9581
1705 3039
433 7706
3327 9283
5812 5835
3470 8248
3250 6617
7924 9012
8037 9120
3705 7410
3116 6020
5954 8704
6099 9633
1123 9209
845 2724
4268 4905
5535 7837
4944 6494
618 9034
7804 9201
1979 2075
936 4436
1356 9027
6068 8273
3479 5791
8367 9755
3648 9161
4780 6947
4578 6986
2259 9935
4665 9728
2144 7222
204 9330
1760 2101
3029 6297
939 7906
1180 3651
7277 9560
2689 8533
2151 3232
1110 6592
1199 8613
9085 9926
2206 4960
3287 8823
1790 1843
3791 7511
1352 5668
7630 9464
637 6245
9032 9312
2784 9026
1581 7334
9622 9623
6 5905
8803 8875
6447 7898
4719 5226
4419 6682
6836 9014
3079 9439
2634 8712
81 8743
1086 7426
3279 4377
6174 9197
4151 4467
934 8884
2466 6048
3099 7637
3696 5719
2082 4351
2331 2511
3972 6391
3049 3271
1033 5006
4173 4480
150 1142
2888 9176
5384 7462
1400 1910
5829 8613
7069 7767
3214 5655
796 3344
2392 5675
1070 3602
3457 8057
6191 6777
3359 4481
2643 4103
5336 9651
465 1714
1978 5587
6768 7773
7193 8157
1703 6540
3163 6311
798 1351
1414 6657
1169 1897
1768 8459
4501 5790
1122 6529
8545 8581
5143 6159
6612 9018
9403 9554
8652 9085
5034 7389
3681 9441
3709 8900
869 1427
895 8066
3947 8770
1031 8268
6659 7687
2137 7083
5460 5696
1789 8237
3577 5340
3778 5532
1826 4226
2628 3044
3852 8473
234 8989
4264 9629
4335 9129
1873 7449
1667 3799
4886 6802
3466 7214
3936 5448
688 4799
3946 7812
5305 6823
4255 5877
2433 7382
3719 7872
1585 4859
8802 8967
3502 4561
1893 6004
1789 8138
340 9844
5318 7892
2996 7597
6468 9257
3861 5599
3424 9100
1930 5315
2402 7799
3566 5500
5024 8882
4636 9026
4373 7197
8524 9746
259 7245
1904 8746
4183 7391
6801 8921
8028 9740
4695 7009
4343 6011
7290 8499
748 6355
4764 6633
4554 7843
4092 7165
1173 7205
1722 7454
2304 5565
5367 7660
8108 9660
3901 9105
8296 8344
4159 7121
2121 8316
2193 5613
4677 7589
5845 9228
1540 2682
2007 8189
358 1633
4300 5088
1242 7620
3791 3999
1627 9397
3790 3949
6002 9544
644 7813
1007 4873
14 595
2056 7845
4375 5049
898 4473
59 1986
4668 6255
780 8325
5468 5749
9109 9760
5081 9182
4816 5858
677 1776
336 2598
3065 3212
997 3963
4714 8154
1881 9729
4965 5612
4891 8233
733 6209
2459 6876
383 4129
5459 9643
1903 6386
5444 6828
2528 8539
4949 6614
2856 9938
2245 4544
759 1458
1521 7292
2745 3740
68 5702
5395 5502
3008 4000
8571 9894
1287 1975
2798 2819
7206 9539
1810 8437
4575 8950
7938 8026
5769 8727
4132 8369
3620 7291
4342 9019
1276 5317
2723 4401
4614 7809
6520 7132
1161 5976
6816 8647
2958 7931
65 4029
6569 9851
7532 9850
3244 4869
4649 5537
887 7859
6050 8980
135 532
6098 9351
5137 6157
651 2907
380 4246
935 6901
1449 8384
1515 3110
1576 1872
5633 7013
1753 5611
2550 4693
980 8417
2506 7832
1754 8589
3110 8199
317 5847
933 9217
115 3900
2335 5804
4380 4824
6870 9985
6466 9818
8547 9254
4150 5340
838 4837
8 1370
3258 3896
3414 7060
4011 9601
4880 8108
4588 9120
6439 7399
7439 9873
1725 1850
2978 5986
858 4042
543 6510
427 2904
2108 3561
1056 7164
68 2840
98 4931
4295 8790
9355 9931
820 9318
593 3977
423 5082
7773 9755
1119 6966
2426 4711
2651 7183
2158 5301
369 3810
4700 9064
5085 8254
1397 6113
393 7063
1121 3235
3089 8678
2524 7419
5325 8946
8380 8961
360 7678
2496 4638
6025 9047
7902 9868
80 8425
3233 8997
8817 9968
6418 8268
1026 3136
1843 2165
4276 4400
3628 3930
1156 9150
2302 9688
468 2746
1495 6702
2515 5225
6723 9721
2610 8927
3487 5958
260 9199
1571 6761
930 8262
450 2756
2748 6579
4941 9448
52 2476
1145 9203
5728 7920
343 4364
1369 2140
5946 5949
155 7814
927 1769
5374 6689
7393 9991
6112 8480
555 1715
2425 5695
2617 8291
8175 8240
5518 7488
6938 8094
1151 6015
2904 6340
7466 7975
1615 2064
359 6772
3579 7948
1862 4466
5403 6849
2691 6091
5110 9265
154 4907
2597 3258
1761 2375
4632 9142
1954 9358
3169 3966
2427 4478
3702 5116
2316 8681
5363 5861
1399 9148
3126 4741
1625 8088
4249 8623
2036 6883
5597 7306
4378 9676
1219 5315
3686 3789
3700 4648
8006 8111
4338 7640
2982 6955
5612 8326
1648 2088
4660 5425
3289 6896
696 2331
2542 5912
58 7753
976 1575
3842 8985
2342 8530
1488 3538
789 8999
3998 7783
2326 5316
4349 7509
3366 5800
831 1387
6602 6693
1907 3517
294 9770
737 3231
4288 7547
7555 9524
1631 7748
2168 9516
77 2806
2814 7950
270 7263
4702 5182
4243 9175
5923 9742
118 453
1735 9723
1029 5707
6170 6888
7472 7538
2302 8367
1319 8766
808 6577
7259 8760
3653 9908
7883 9488
690 9456
392 784
3510 5553
5066 7377
4713 9945
2696 6702
1096 7180
206 8526
3926 8011
130 8718
7611 9296
3014 9395
1411 9016
2238 3666
6051 7517
4838 9395
150 5188
4971 6338
2656 4093
3770 7674
1783 7090
3208 7314
7164 7467
190 1451
4445 9409
7823 8307
3094 6541
6058 9636
6631 6773
1001 1067
8094 9188
3299 7059
494 2215
3427 3731
418 5533
4927 7841
3648 5545
3329 6463
6655 9208
909 7916
2132 5713
1 341
3114 3757
4811 7714
1308 5808
2423 6174
4498 7468
7241 7373
5306 7159
5238 8241
869 900
6674 9692
1690 7959
3010 5005
739 4198
331 7508
3912 9224
5906 6818
2559 9502
5925 6806
2025 9766
2873 6549
6742 6803
7127 8252
2219 4457
4306 9442
3341 5666
3355 6192
3469 4414
1849 7990
1650 9552
1583 9530
5192 6504
2284 7629
2827 3907
6405 9302
6270 8898
971 6350
2012 5987
528 6617
722 3459
4475 7425
777 6530
505 3713
8858 9684
2004 8852
3257 5970
3098 6551
616 1013
7497 9992
1129 9917
25 6287
3283 9581
7479 7645
1493 1761
