100
45 81
22 81
76 81
47 81
2 81
81 100
81 89
34 81
53 81
17 81
27 81
31 81
81 82
60 81
73 81
8 81
81 96
15 81
19 81
48 81
66 81
30 81
81 91
77 81
62 81
68 81
56 81
29 81
81 86
25 81
32 81
65 81
21 81
61 81
9 81
81 84
37 81
74 81
78 81
42 81
81 90
26 81
55 81
46 81
81 88
71 81
14 81
16 81
63 81
38 81
24 81
6 81
81 85
79 81
81 87
80 81
3 81
70 81
39 81
43 81
54 81
81 83
69 81
20 81
7 81
4 81
81 98
41 81
81 95
33 81
40 81
11 81
49 81
81 97
59 81
5 81
81 93
75 81
72 81
67 81
81 99
1 81
28 81
18 81
52 81
81 94
50 81
10 81
64 81
35 81
23 81
12 81
81 92
13 81
44 81
36 81
58 81
51 81
57 81
