10000
5894 6024
2637 5354
2296 9323
6870 8846
3495 9493
2597 6207
7385 8488
1295 1610
1448 3203
3373 4897
7264 8194
2875 7939
2716 4263
4079 9804
3836 3867
6053 7103
1404 2101
757 5842
3228 6319
3733 7088
3822 6661
4547 5705
6366 8888
2575 4417
5009 7135
4630 6048
124 5269
1503 8644
1132 9512
6651 6930
5098 8022
1816 6571
370 1649
4423 5379
6790 7477
400 9781
3655 3777
6888 9931
6161 7886
2612 7781
1945 3957
1891 8366
1212 2538
5461 9671
5561 7461
8038 8950
6106 9806
619 4591
6283 6301
5291 6979
6155 6828
7893 8583
2830 7267
3701 7666
1861 9216
8816 9826
9062 9394
4777 5395
211 9560
3207 4260
813 5028
5602 9601
5934 6086
513 5029
4038 8662
4974 8681
5570 5760
1483 6603
1233 5497
979 6175
27 7908
303 1321
5931 7076
742 7323
3730 7202
7469 8617
8978 9832
3103 6139
7941 9041
1371 8971
3093 3218
257 1825
769 8641
7685 8417
2779 6448
1025 3696
8095 8387
7053 9053
1931 5939
717 8354
1634 2099
4593 8824
6055 6727
3702 3937
1245 3352
4275 6807
859 3788
8232 8343
2202 5556
7304 8361
5902 6798
2120 3074
474 6705
1785 4264
723 6060
1901 5142
3969 9501
3134 5270
1543 3530
4721 8182
6020 8079
7078 7180
5640 8253
112 317
1723 7097
2953 6761
5263 6118
2241 5928
3756 4864
2567 8436
4225 7843
4072 7508
1644 9998
4812 6980
3487 5666
3835 6407
1000 6626
1499 2376
3085 7341
2714 7772
4424 5477
843 988
2909 8438
1297 4954
7535 8745
2775 6568
4 3457
6782 7810
1528 4558
7231 9230
1720 5808
9313 9971
2083 7013
6222 6689
5958 7059
3699 6972
4326 7405
6023 6844
2407 8018
3248 4126
77 5869
6178 9172
2821 5507
7778 7785
7015 8348
518 3562
1953 5114
494 7253
2231 3508
3049 7623
1799 6087
2635 6005
1341 3107
2348 8780
4361 5576
3322 8092
5964 6565
3993 7386
9450 9855
4088 9316
6617 9955
4593 9579
2067 5557
1935 7411
1505 3081
1724 3183
1567 5781
706 6594
4452 9336
5362 8562
2167 2406
7551 9795
901 3806
2115 5020
1877 6469
952 4027
1070 3321
520 4105
4437 6692
1772 3738
892 6754
1107 3750
5660 9475
2676 9992
1845 2539
574 3639
8029 8167
3046 8479
1474 7149
7593 8184
2843 3174
831 8391
3760 5199
1976 4426
1337 2696
150 8451
2001 6752
5527 8448
3199 5017
4326 8596
1232 6746
2994 8159
2511 6739
4135 8591
1698 3829
1681 3765
121 9765
3723 4097
1325 5027
5549 7382
1162 6729
4638 9848
5374 5701
2420 5534
7280 7761
570 9824
880 4350
1076 3193
1507 3378
7702 9576
2967 5637
720 5323
1454 3166
1559 6449
2545 5985
5839 6534
4033 8258
332 5778
4888 7978
2141 3653
1532 9563
1535 7845
5528 7173
2896 4867
1664 4794
1438 9630
690 1231
1716 1971
3739 4720
3699 5425
693 8736
6329 9945
7983 9380
2751 9790
7440 7509
2743 4696
7493 8370
4108 7093
4755 8778
8509 9591
3035 7021
2218 7179
1540 9186
312 847
9920 9954
4332 5195
908 2697
3131 9875
967 7725
3450 4281
28 2893
537 7869
484 7956
1235 2515
6559 7968
341 1393
5876 7719
8694 9932
200 3217
2668 4608
2109 8690
7861 9619
350 3752
1929 4927
7644 7841
9534 9832
6063 9857
755 2038
9181 9236
73 6434
3979 5317
8306 9018
180 1109
217 2507
2106 3778
4293 5472
1337 2196
378 5377
665 3108
6826 8275
7172 8135
417 2318
1274 3022
2018 6742
787 2864
643 9956
4446 7618
3998 9616
5709 7258
5261 5980
1357 4171
7323 8169
5366 9047
2566 5810
7217 7874
2143 8199
5586 8792
4154 8490
2979 6229
3395 8362
3196 8691
4377 7716
964 3337
5623 8279
8995 9174
5240 5688
1123 3885
6334 7326
5337 7734
4095 8291
3903 8074
4581 9948
6298 7141
6326 7991
4945 8313
2577 5132
1777 7609
2855 4222
8667 9825
41 3349
7037 8933
3733 7825
2814 2995
4374 7389
3110 9019
3467 4711
620 6688
8362 8969
921 9967
3388 9744
3397 4884
5286 6001
2203 6179
3157 9674
157 1027
4320 7796
5498 8609
2175 3744
5552 7829
3391 6488
4981 6151
5163 6884
847 4192
3842 4485
7745 8395
1062 7822
4246 6963
1570 1989
2095 9445
1531 3975
38 7605
3969 7982
5858 8610
1208 5861
6927 7500
4439 8226
5432 7993
6853 8409
738 9638
2352 4709
364 7664
6402 9040
7074 7847
2238 7826
2118 2757
5593 6305
9385 9436
2528 5200
1236 7650
4314 7206
2885 8504
2093 9289
7979 8262
808 5135
4382 9371
294 9146
8968 9194
488 6248
1335 2287
6530 9235
6114 6311
2039 3063
468 7672
4197 8505
5853 7235
7819 9038
395 2171
6557 7351
1522 5569
215 4722
2002 3745
5369 8919
1434 5223
1061 6431
2931 5327
6206 8198
7775 8214
4156 9515
1314 7848
4861 9203
2174 2228
2307 8935
392 9852
2628 9465
3730 4454
1973 7513
9391 9991
5422 8959
6558 9678
7859 9343
6194 6531
3355 7063
4871 5404
1397 8103
2178 9030
980 7036
3030 6561
6162 6295
306 8410
5767 8130
2976 6006
4621 7731
2450 7392
1842 5678
3141 8275
8120 8123
1997 4958
6103 8549
1975 7186
973 9595
6662 9602
7739 8999
2773 5462
1271 5271
1439 7582
7529 7860
59 8371
2228 5622
5845 9581
503 7923
2650 6730
5200 8340
245 8797
2576 9105
3873 6850
3709 3867
2205 5346
2685 3552
5625 8395
2862 6014
871 2276
5339 8485
2394 7913
2753 4646
578 1808
2164 6438
3328 6045
2111 6910
686 4076
7637 7948
6043 6665
1717 3105
3395 5350
1 9625
1626 3631
207 5166
2718 9487
6310 8771
2401 5792
3096 7586
4033 6784
4047 4666
1779 2069
2373 2747
6604 9479
1004 3254
729 2765
3882 5545
712 9939
3541 3714
7069 7499
3068 7491
4956 5753
1955 6323
3569 7849
7532 8338
715 9229
1436 3881
553 2154
4830 7799
7635 9856
814 8886
3955 4313
6954 8196
1804 7543
7513 8388
1962 2045
4564 8157
4742 7240
5116 7442
8994 9686
2959 4608
2070 9107
1360 9592
329 2355
2168 6844
6720 9188
5651 8354
5719 8795
130 8341
1704 3700
347 5170
2427 9392
5127 7558
2504 7054
3532 4397
3538 3693
2256 4210
1598 5195
3036 8423
4938 7417
5297 8945
6723 9735
1287 3980
4444 8842
5641 9243
6678 6887
3419 7779
3302 3630
3657 8521
727 5093
324 2573
3329 5257
714 5573
6882 8918
1386 9799
274 7995
1127 5498
5854 6286
3801 3954
2347 6044
475 5394
6802 9965
2810 9284
4450 7464
910 3061
24 9642
1480 8230
2461 5829
1288 1512
2008 8593
4490 6192
235 7344
1556 9864
3943 8094
3638 7116
6203 8336
5752 6601
3064 8893
5107 6394
2732 5287
8041 8420
5918 6926
4514 7506
4757 8367
778 3130
5953 6384
469 1629
2000 6099
2248 8084
8222 8854
1641 9273
4725 5312
66 4842
420 8127
5006 8728
6609 7906
4173 6162
5501 8006
4362 9573
4084 8195
570 6929
2895 7152
204 5031
1473 2095
1970 8628
349 2838
92 517
7599 7854
5724 8871
4876 8612
2076 5228
447 5613
4443 5696
283 9123
4010 4479
2104 2336
5427 5802
8109 9483
246 5218
6533 7052
1944 6937
2750 8118
6108 8526
5611 9193
2073 7770
8855 9094
1788 2932
2268 3470
1416 7192
1994 3102
6720 7695
1113 7364
3845 4194
2529 3582
3604 4676
86 9949
6214 9129
4236 7779
249 1388
7681 8528
8351 8917
1908 3776
3083 4618
648 6327
4871 5957
3039 6672
593 6009
3843 9231
483 5626
129 3729
1572 1603
3172 8096
1459 6569
1034 1334
3266 5042
3124 3716
1476 8407
1617 3958
477 2392
8028 9276
4651 8138
224 9835
362 8759
40 8645
1009 3129
6318 6426
6675 8366
4429 7256
2766 5273
4891 6609
651 7381
639 7428
814 6379
317 8145
4495 8332
7652 9376
2364 6589
7308 9225
2209 4235
1157 1747
1887 2791
3223 4430
2463 7866
753 5904
3663 9178
1905 9255
3837 9423
140 3907
2100 6751
1088 2564
173 8510
258 6948
3708 7756
2016 2360
1931 6218
3264 8815
8627 9974
5230 8848
5662 7707
4604 6711
1576 2950
97 4625
3070 3611
1671 3751
694 3076
3904 5462
3045 5804
1786 6546
2409 9035
1810 6361
1851 8371
5059 9104
1626 1920
1572 7131
7306 9549
7830 8700
1051 7147
7160 9091
4075 7536
6773 8646
1072 1895
1513 1822
1599 6033
8090 9269
4696 6505
4084 5556
826 6588
8963 9364
3973 4096
7051 8185
1689 2034
3995 7140
1037 5453
2363 2734
1403 7775
2372 8431
404 7031
4009 9465
6109 9606
6050 7735
710 4350
5831 7033
647 1170
534 7798
4372 9889
2850 8968
4802 4997
1398 5995
2967 5855
3652 7555
3125 3610
663 4258
2649 9184
7133 8825
7682 8397
6300 7636
7044 9890
2387 7290
2844 3635
6336 7143
6582 7814
950 7942
883 6938
1149 2991
2522 4352
6599 6734
2996 3476
955 6131
8256 9223
3495 5380
4429 8284
2055 5211
3009 3109
6758 7569
5615 6557
2586 4395
808 2442
2099 8112
221 8908
101 4254
661 9866
2300 6790
1690 5078
8445 9308
6397 8148
2548 2842
1687 8810
498 9681
1891 3500
6110 7085
5236 9376
5171 8208
5542 7408
3151 6732
6765 6883
1327 9527
7342 8943
4014 7894
1082 8741
1225 3957
2453 6553
3864 9734
4070 8986
1275 9278
3941 7539
1818 8368
2468 2665
4516 9911
5011 8411
1229 4269
3567 5402
5524 6633
2818 3898
2466 4457
6096 6296
7096 9459
3849 5117
7640 9767
1886 7201
3623 7075
1258 5755
714 1700
2900 4945
603 2327
457 1251
8135 8866
6830 9426
1879 6967
845 7341
2762 5275
4525 5412
5441 9924
6029 6290
3178 8134
1329 8085
6031 8125
1799 4462
3868 4717
686 1295
120 7011
838 1250
3423 8273
2392 6528
446 7413
90 8889
3871 9807
2705 3312
5336 9574
2709 9236
3962 4668
4860 7196
3144 8662
1571 4335
4604 9785
7778 8129
3141 9544
5226 7701
411 6226
2985 4139
3435 5473
7264 8636
1872 4277
2407 6906
3681 8505
2704 7965
4015 4055
3618 6184
4043 4449
7319 9951
3281 6655
1106 5845
182 3034
947 3394
2126 3629
77 297
3803 6583
3952 5266
728 8294
7162 8101
3528 8535
5899 9138
2476 7084
3050 3816
52 8146
4841 8861
950 4212
4331 5369
6537 9302
1629 9055
3828 5420
4058 9132
2081 8183
4116 7349
3631 5251
4648 6682
303 4845
1628 7999
1731 3792
1000 1642
4413 7633
5973 6812
6509 8677
136 5780
82 7737
1818 3601
1796 4700
2147 4981
4841 7164
3032 8727
6845 6998
1514 8684
497 8822
2187 4751
1563 4422
6815 8384
2049 2602
1135 5843
1706 9934
8000 9439
534 5449
816 5818
1015 6513
5815 5854
953 7161
6879 8566
7292 7707
330 3150
4793 6653
9464 9507
2446 4092
4823 5847
35 5645
3249 6098
5832 8951
641 2367
5538 7073
1147 8386
278 5418
108 2476
3508 6417
1710 9730
1729 8222
608 1986
170 7827
9433 9643
2676 9179
2244 3497
521 4117
7355 8567
1685 4171
7842 8054
6250 7096
3033 8026
3104 6302
242 4650
8922 9621
8247 9368
7776 7994
3002 6789
480 5923
1798 7855
331 7962
2623 5875
3240 3638
1770 4254
1237 2362
5834 9983
983 1482
3409 4295
4532 8793
7717 9070
2603 5031
3977 4317
9715 9985
3391 9170
6291 6593
205 8525
2417 6524
3371 6123
7298 8033
365 3515
491 5004
2715 5068
2691 5721
744 2977
391 1456
2889 6684
3557 9014
5306 9603
1058 3583
1533 6080
2890 5754
132 1244
3795 3895
6848 8973
1504 4785
5668 6499
4318 8530
2955 6396
4496 7976
4759 7853
720 4472
2033 5322
2200 4141
1723 5172
4066 7576
2688 9666
3785 5505
1875 4270
1564 3764
138 8668
213 4026
671 7283
8330 8868
4199 6396
5873 6370
945 3291
7511 8944
4336 6089
782 5662
2846 3558
2134 3138
9031 9186
5176 5364
7546 7636
3031 6816
571 8069
1699 4308
116 3704
1317 8465
5776 8879
5115 8916
2314 4280
3661 6264
296 4942
2945 4979
1248 4107
947 3688
2030 7635
2142 9666
181 2637
795 9925
9003 9664
198 8302
2803 8032
2824 5210
6320 7949
897 7296
1748 8296
5744 6156
1493 7052
2047 6423
3564 7759
4433 7405
943 7320
6385 6972
7680 9685
4301 9224
6414 6685
3545 4205
2172 7814
5966 7319
1826 7612
234 1219
4632 7533
6060 6537
4048 8265
6 6437
5614 8156
5467 7238
8734 8877
6724 8348
379 9671
1039 9724
2385 9214
9319 9386
1520 9546
2185 8463
462 8731
2741 3178
7 6216
6805 7767
611 2199
2488 7678
1056 9460
2790 5455
2557 5605
20 4383
2164 9429
563 4753
424 5495
3258 9569
166 2622
1880 2341
3245 9608
3443 7026
6412 9052
1145 6249
3315 4699
478 1042
3613 5278
5239 8204
9164 9962
14 7415
100 1738
2484 3451
1152 8126
2664 4869
1035 3754
2331 3005
3612 6486
4960 5061
6237 6462
60 8999
2992 7100
6013 7540
457 5677
1281 1478
6794 7892
2023 2950
3342 3732
4805 6294
1283 9743
9262 9921
6271 8471
8350 9415
983 1333
3001 7709
966 5950
7836 9551
705 4378
7868 8448
2025 4362
5137 8790
2527 2962
5874 8899
2261 8530
3710 7503
2446 9129
5746 9352
4145 5978
8795 9218
8798 9738
1248 4496
1040 3809
4931 8500
700 9077
4933 6136
4340 5392
3293 6499
4049 7202
6523 8164
5637 6661
8296 9971
4744 8151
99 4900
1470 7134
3499 8953
5777 7878
5358 5512
2251 2280
1571 6944
816 6283
1160 1399
4359 6196
745 958
2379 4960
4822 9508
417 9086
598 3871
3984 7986
1743 9180
5177 6998
4879 5553
872 9083
117 222
1635 2919
453 4476
4557 6101
884 4202
7900 9298
732 9627
2811 3721
1232 6138
8729 9784
2650 4381
4687 8597
1164 9735
3316 6777
7519 9656
5090 6447
5799 5821
2310 3192
4184 8742
1448 4507
333 2536
4673 8933
4166 9462
2057 3842
2320 5480
8092 8260
3788 6532
3507 4327
17 9375
5697 9304
3440 5289
7982 9932
5514 8606
3043 5704
7465 8372
2752 8147
4467 8673
1697 5644
6148 6762
1182 4870
2334 4342
252 3872
3011 9291
6645 8462
3010 4757
1765 3169
5150 6404
991 6873
4175 9514
6888 8480
7692 9258
8176 8213
7907 7994
6861 7203
6859 9454
3458 6675
3622 5016
4158 7623
6387 7789
2574 3236
193 1892
2513 5586
2426 9566
3222 6178
625 3928
1174 1832
1932 7118
999 4718
4648 8799
1002 2669
410 1080
4134 4535
4026 9984
4458 4956
4537 8770
1839 5665
5768 8551
468 8808
3910 7024
4979 7899
1752 5945
1748 3404
2080 3689
9103 9938
3198 3965
4000 4431
174 554
7111 8276
2666 9450
1856 2694
3982 5895
678 4468
4372 8301
1847 1981
399 6104
2119 2565
583 2667
904 2377
100 5381
3844 6112
316 625
3926 7945
2449 7478
142 5005
4342 8670
5698 9943
6895 9936
1037 3990
3304 9982
6388 9878
5034 6581
7040 9116
1126 2774
1985 3454
460 3920
7130 9219
1335 3351
2322 9412
4806 7065
4337 7598
2979 8834
6100 6934
3258 4273
5739 9703
10 776
5243 9803
696 6093
6077 6863
889 9717
4322 9762
5638 6866
1726 9782
5725 7418
385 684
183 5713
3536 5878
5140 6021
7728 7749
4643 9081
842 8584
540 5130
1648 2508
412 7388
8493 9141
1167 8047
6400 7188
2087 5627
438 7820
148 2821
1848 4743
2489 7291
8415 9633
3819 5491
7903 9898
2504 7180
9217 9855
124 3375
3167 8441
4220 6613
2772 4992
4451 8203
2878 4165
2568 5070
6057 6240
4590 9336
4169 7168
3518 5043
2403 4346
6172 9366
8774 9404
5859 6785
5672 9953
2946 9167
1404 8456
6187 6278
4005 9297
3191 5513
3470 6184
3913 6547
2996 7253
1894 8865
2329 6500
386 8357
1465 6945
3787 4166
825 6317
1996 6503
358 6103
2157 6966
5086 6560
6564 9950
1348 2500
911 4005
7670 7810
202 6106
6160 6915
1564 8614
7530 9158
308 7030
4679 5593
5926 8955
3310 5722
4509 6390
504 684
527 7293
3613 5733
2976 5490
3045 6424
8017 9460
961 9541
5256 9108
4493 9933
4973 8330
3299 7601
5053 7339
1961 5376
3333 7234
4882 7009
3231 3855
449 2614
1718 8551
2293 8381
3854 4253
7422 9048
6653 9705
576 3198
584 3917
226 5201
7064 9192
2415 4658
3792 6064
1753 9986
2478 8777
6049 8097
794 6128
2936 4385
2672 6323
1822 9498
373 2044
5588 5630
4074 9838
378 1029
1918 5448
3852 6733
788 4102
1757 8632
6025 6677
2288 9297
1108 7325
6726 7332
1350 3022
8039 8602
2594 3008
330 4180
6562 9722
1310 6393
2472 8564
494 3813
2145 3848
1276 2669
5071 5560
1517 9907
1665 4833
6741 8316
3537 8610
2731 4255
7 7216
1541 3862
7402 8841
2986 3906
544 3668
444 7587
5539 9797
3401 9628
4621 7896
775 9160
2710 6585
3034 8585
4244 9740
4248 6464
2289 8576
4637 8315
6212 6459
1662 2867
5298 8015
1330 5710
853 9344
1247 7336
4377 8039
1789 9326
2192 3424
4675 6046
4937 6755
5197 6371
2169 3506
4288 9740
7644 8200
1419 6253
692 9510
845 9537
3548 5624
860 4799
2414 6907
56 6858
234 7633
3632 4000
4213 7533
4888 6995
2840 9893
5989 7702
3119 3156
6931 9389
5021 8027
1112 6500
1737 3887
2451 4910
349 6185
3498 8786
6116 9523
68 332
3690 9768
3054 5243
2740 9808
935 9770
3775 4311
4898 5901
4031 8838
3585 9741
44 2119
6280 9131
2922 4515
3040 9693
241 6304
3355 4400
520 9915
1308 3326
3070 5968
3742 7837
3970 5120
4116 7657
3349 9950
7168 9113
3931 4894
3588 7746
4816 8400
1952 8192
5296 7092
3386 9156
307 9388
3762 5274
5238 8459
1196 4758
1160 6374
827 1118
981 7515
8094 9023
3748 8146
7211 8962
4168 4747
666 5685
2121 8319
927 4460
7289 7843
1309 6814
5600 7000
1010 7567
3651 6349
515 5157
7020 7754
2739 5732
4717 6479
2237 5686
907 5971
2657 8546
7629 9814
15 5354
6418 7565
6488 8365
9545 9903
7420 8574
921 2358
2414 5852
1711 6022
898 6817
5764 9978
1006 1460
2219 6740
5567 6634
1910 3433
8573 9077
7025 7244
4868 8423
3429 7458
4012 7312
1132 1915
1009 5298
4474 4810
1759 7021
2075 5952
3438 8536
2725 4758
2846 3665
2301 7669
1761 3782
1658 9089
3003 8566
5949 9587
3960 7413
487 9969
5837 9870
3668 4271
962 9194
1255 1940
2136 3966
211 4488
3340 5482
471 6606
2425 8550
375 8949
1200 9688
361 5937
3765 8642
1349 1862
2098 6145
6247 8260
3696 5520
2895 5776
1058 4885
1514 5343
2816 3535
7541 7566
1033 2137
2826 9486
3365 6592
5730 9570
694 6701
1868 2970
1028 2899
1825 4629
1606 5949
4602 6734
334 3257
5005 6415
1690 9260
1547 6338
1102 9794
2306 4065
3776 8791
163 4324
8303 8675
2346 5026
722 7396
5374 7032
7803 8359
5908 6650
397 2892
5922 7452
1678 8323
3517 6082
5166 7150
8144 8511
8192 9979
2794 7126
4890 9392
2981 9126
7478 7799
4280 7894
3643 7462
803 1854
3007 9244
1588 7653
279 4790
3822 7525
810 1991
3806 7269
3159 7751
59 4891
415 7220
3896 5278
876 6244
2380 8437
1855 3061
1185 7138
3053 6470
1291 4872
81 1493
6206 7237
8719 8897
3940 7340
499 3986
3406 7965
4344 9110
670 4852
6709 7250
998 8926
7238 8090
1903 3936
7901 9990
960 2202
340 4073
3140 9399
382 4861
1878 9099
2305 8129
2514 9046
2130 3676
5429 7226
323 4634
133 890
1614 9399
1063 7116
6849 6990
7489 8274
1965 7071
985 1490
1705 6605
172 7049
858 4700
60 1396
6403 9383
3289 3809
740 8177
2398 5367
7089 8279
7232 9265
6651 9158
3237 6199
2493 2520
956 8379
8743 9559
1152 3219
4465 5523
1144 4850
7524 8437
800 3965
3627 8756
3127 4080
3541 4058
5247 5601
2370 9872
1411 2017
1230 2052
1604 3731
509 3935
4546 8089
840 8277
248 2670
8687 9503
6174 7224
8947 9557
6281 7966
6516 8267
788 937
931 9155
3370 6348
7703 9020
2245 6097
8289 9899
4480 8180
2004 4475
4444 4695
1166 5865
1133 3473
2610 9339
5457 7731
3818 3958
2646 5817
1226 7294
4766 5659
299 852
3682 4533
70 8255
2142 7142
4905 8369
6353 7195
7289 8964
4969 7140
1981 9250
8067 9177
2009 5767
611 996
3290 5979
2477 6909
122 3381
1425 9764
2231 3491
4151 5257
2768 7012
4067 8956
1702 9748
1472 7251
4804 6513
1660 9124
704 2145
2929 8337
4697 9784
8176 8198
1905 8993
1067 7789
345 3826
49 4961
2969 4181
4306 8730
6929 7193
829 2710
1004 5139
1670 4208
9313 9403
373 3017
4361 7471
5013 7600
4007 5261
623 974
2306 9683
4218 7979
2962 9556
2814 8459
3596 6032
293 4910
765 6143
7590 8386
1064 8996
1942 5371
461 867
1657 1694
1538 3129
1570 9772
5821 7957
7808 8104
1888 5288
216 9241
155 1103
6736 7187
2759 2852
1545 3790
2534 8292
3988 9826
4179 6279
4466 4898
6823 9977
6110 9558
3934 7039
1768 9844
4405 6282
4188 6602
6595 7117
3740 3933
2847 4396
2596 6238
2072 9335
3639 5204
5609 6308
8649 9287
3087 5997
384 3217
955 3718
1908 7735
383 6191
3672 5092
247 9989
1392 3687
325 8683
2723 6115
3808 5411
2795 7931
2984 4480
313 1379
3846 9702
1817 6146
1268 4309
253 7699
4507 7128
654 4830
2464 2516
866 8153
1793 4083
1583 7910
2077 5597
2153 8942
2003 8856
4316 4801
2381 9773
8915 9751
3179 3614
164 1897
1313 5207
2081 5413
1502 2560
113 7960
165 7112
7488 9530
3037 3944
5962 8520
2167 4649
2014 7364
2636 4085
6936 7748
3836 7505
1592 2583
281 7875
1560 6171
1331 4902
557 793
2206 4090
577 7425
3951 6935
271 864
750 6472
1282 9516
84 7018
8568 8994
3234 5578
1597 3706
394 3830
3853 9534
3455 6585
2911 4089
1939 2599
5945 9694
4041 9026
3875 4298
1656 4104
2898 6448
1349 9640
8781 8790
1391 6895
510 2940
874 8926
160 9246
1472 3473
1841 3535
2211 2433
7488 8414
7246 7696
6176 8173
1253 2304
6365 9908
680 6717
4843 9491
4671 4730
5889 8455
1511 6339
1339 5888
1372 3328
679 1659
3373 4905
5180 9505
8016 9786
2233 8574
4990 5603
1435 3131
1341 2334
2687 6524
3808 9592
3729 4399
3588 7025
2168 4583
4215 4517
3021 8212
5669 5670
1876 8227
837 7932
5349 7631
821 3261
8401 9422
4510 8531
3561 9819
8928 9220
6522 8049
3265 8048
5784 6654
3775 7434
2762 9467
2619 5250
2006 7844
5962 7363
7414 8982
5618 8098
9002 9056
2266 8868
2086 7369
7110 7176
1580 8070
717 2677
7729 9749
1021 8671
2657 6429
11 6947
82 8552
3790 9966
2860 7833
870 5581
3911 4524
6142 6679
3448 8408
3190 4772
2090 2606
232 8611
1704 5349
1117 6003
5701 9022
949 6122
1555 6434
3810 6302
7955 8118
2434 4735
2943 4484
294 7233
8835 9409
2246 6632
4749 9849
1909 8105
2222 7045
4661 9567
5644 8668
2433 3216
2705 8131
3197 7492
5302 8234
621 9265
3670 5206
5858 7809
1169 9255
7912 8965
6890 7599
6030 6373
5796 9480
106 3616
5456 5813
1273 7769
6629 9145
6788 7262
3042 4329
1320 7936
4694 7741
3095 3616
3339 5695
1124 3713
518 8148
3249 5738
4471 5906
6800 7887
4579 8237
777 1968
429 4716
4217 6375
6284 9332
946 2935
774 2371
2450 6181
2451 5353
5674 8333
4006 4835
5440 6451
1893 5102
2746 4844
2470 9169
5134 9860
1598 4812
4584 7384
2343 9882
2423 8904
5425 9900
1969 7002
1546 5072
2032 9400
835 4866
5965 9233
3563 9815
817 8112
6453 7182
930 2102
8614 9418
8744 9889
2689 8761
1261 5169
2717 7257
2715 9012
5076 5221
3207 7551
737 791
3006 8571
1756 7621
6458 7563
3713 6983
2769 8102
8414 9753
519 2303
7716 9930
1135 1643
3518 3636
6254 9345
263 7326
6451 8470
988 3831
6126 8426
2904 4901
3773 8058
1223 1956
6401 7239
5929 9007
1773 6765
266 589
4139 7946
2052 9736
2026 7518
7920 9626
3452 6132
2842 5658
3994 6314
789 6933
7338 9741
3177 3396
3516 8631
2242 2797
2647 7759
4586 7249
2501 8913
1052 5185
5009 6002
1462 4057
4439 9331
33 6467
1026 5023
1176 5840
6949 8497
380 2291
8759 9472
3593 6590
10 4133
4150 7583
4242 5284
2465 4870
925 9818
6442 6927
718 8321
7677 8952
1700 6542
493 8123
3983 5194
1721 3609
4470 9374
1291 9771
5442 8239
262 2491
3224 5967
8939 9189
5522 9997
4831 7603
1733 7379
1951 9896
352 3407
5388 8463
719 7559
16 2263
7204 8872
7145 7590
871 9119
6502 6960
3824 8435
25 9220
32 3291
3283 5416
3105 8259
5279 6219
1163 5249
4577 6262
5246 7151
4513 6130
2085 3073
1836 9508
1536 3044
1216 5831
142 9280
4277 7331
1371 4679
1063 7151
118 7540
844 2009
334 5458
3181 7006
3663 8338
2602 7628
277 2786
5305 9230
7753 9249
1645 5290
6747 9320
4119 9737
4052 9646
745 4453
3918 8220
3284 8352
630 5310
6324 9182
3047 8050
4765 8009
5482 7570
7990 8306
4531 6834
1697 6247
4357 8136
7848 7919
2777 3407
26 8605
195 9991
5742 6519
1922 7720
4708 5900
8043 9593
1661 3691
7571 8442
757 3341
1524 6205
5757 9425
3390 4634
7148 9786
2560 6555
3044 5428
2647 3685
2114 6263
5398 7424
6894 9979
6619 7347
668 6491
1924 4768
3381 5766
2891 3905
1709 8308
3648 7240
7272 8580
7154 9912
2047 2337
6770 7457
4588 6268
6478 7992
2927 6261
5999 7444
5173 6054
3382 3737
4395 8683
5253 9725
995 3067
1794 4572
3986 5263
9082 9792
6332 7106
1864 3040
3679 6274
994 7014
4274 7266
6176 7463
1593 9215
997 5657
2823 8508
6373 8839
1183 8220
2110 6111
811 9928
3449 9808
381 3114
6854 7349
5481 8023
2474 3128
807 3208
6025 9065
7275 8487
957 9981
3589 6990
1209 9144
3791 7063
5136 9026
5378 9227
4371 8272
2799 3123
2084 6928
418 4886
8589 9704
8107 8581
2736 8335
2223 4639
4642 5884
4011 4645
1457 6664
2449 5037
905 7041
7058 7742
8713 8775
1815 3832
4405 8885
2581 5994
3592 8850
891 7730
4120 5555
35 104
7333 8060
7679 9520
2820 6592
8373 9033
6914 7007
2506 9944
275 9712
2126 2578
912 6409
445 5624
2273 2776
6019 6193
2313 5672
3166 9188
511 1977
4815 6578
2017 8403
3833 6260
98 7117
3003 7591
470 9894
22 5289
5192 7525
8556 8749
8194 9217
4125 4573
1558 6549
7433 8920
1568 4664
1926 5500
257 5004
8506 8538
3305 5982
2045 2295
8086 8609
4929 6322
3781 8587
5399 9833
4008 5211
6277 6473
5385 6293
8817 9674
5770 7649
3546 9346
141 9663
323 5978
9070 9598
810 7447
4914 7963
2440 9334
2375 2399
2567 8991
113 1008
6069 8125
7059 8718
495 3883
300 6242
1263 3398
2809 6235
4296 8080
4483 6194
3404 9771
930 8588
7075 9337
432 7360
23 9723
4028 4804
3060 9746
3318 8119
3634 9441
5578 9879
4583 6051
1140 2444
882 1557
1151 9374
103 5880
849 9271
5810 9120
4355 5912
9200 9495
6333 8226
7889 9248
2864 9259
2020 7312
2068 9485
4353 5483
1949 5707
2229 8655
874 3512
4311 7806
256 2835
5198 7438
4382 7451
7178 8201
3948 7721
6405 7398
2530 5314
4622 9620
7068 9187
8558 9287
2544 4276
4557 6092
2160 5787
447 9247
7016 8257
3839 4488
5122 9222
1095 4213
1267 7475
3184 8077
6866 6911
1395 4313
4511 8765
1358 4701
1565 8031
1529 6092
406 6641
1758 6129
7706 7871
2702 3697
6028 9942
7679 8702
4341 4685
6570 9123
6836 9235
1242 3459
1933 8467
3054 7036
4693 6460
2042 7367
109 339
203 2262
2036 7874
6325 9725
4394 6818
5740 7863
3766 6668
6783 7046
2870 5757
5828 9090
7978 9261
4173 8367
1897 2581
1900 8655
6828 7867
3215 8339
5028 8061
6068 9789
339 7921
7105 9267
9223 9927
5353 9415
2753 5245
2207 2226
1622 4863
5242 6593
1738 4044
2621 7366
6168 8030
37 8407
4321 7831
93 3259
516 5539
1416 7918
4486 7666
3654 5303
6075 6985
3167 9809
4246 6904
1923 6540
4333 9121
1283 5870
862 9817
9290 9308
4829 6951
3194 7907
1173 2206
4500 9154
256 7543
8734 9198
255 7625
80 2644
6153 6874
2150 6188
5881 9632
1239 5485
397 8693
9290 9317
4672 6350
7690 9727
5605 7820
1088 6420
6767 9687
3357 3923
4791 5991
380 3795
2402 9958
6507 7909
2049 9646
5907 7065
2625 5902
5148 5247
4524 6864
4682 6618
3334 5355
4438 7229
1 7614
4976 8666
1996 5753
5191 9854
2366 5072
624 7784
1175 7229
1272 8083
3091 5131
3903 4411
5785 7732
237 5960
2513 2865
6195 9783
3475 3805
891 5735
599 8449
4105 9411
3422 3552
4710 8819
5680 6540
184 2342
6016 9550
8161 9049
3646 4075
1870 8603
3410 9641
6948 9485
2292 7987
389 859
882 4947
6072 8502
2955 5913
186 4827
1408 8653
5154 9023
3200 3484
5340 8685
7221 8670
3261 5620
6870 7265
526 3038
2051 6314
3511 7037
3359 9817
5591 9281
3913 4256
6591 9032
582 9550
3025 7201
1804 9254
5872 9909
6172 7466
5361 9068
3643 4932
1882 3056
229 545
6872 8544
2859 3728
7154 9071
7077 9868
357 7677
1455 3653
8131 9275
2317 7867
3268 9249
4639 9151
4228 5373
4783 6548
3279 5137
1706 3590
4760 9812
746 5184
3287 5138
367 9365
6398 8940
3656 4221
8764 9088
24 3748
5866 6807
1780 7754
4641 7191
4787 8214
5277 7501
4305 4527
797 4046
3592 7217
2352 5751
2247 8995
1716 5516
5669 5775
1071 2475
3949 4070
400 7258
1833 1883
1147 9507
4703 7571
484 8266
1275 7693
1231 4825
5136 9738
4494 8942
4152 6587
7230 9481
6088 9553
8101 9143
6004 6027
474 8702
3673 6771
4596 6504
2907 5149
1043 3026
5309 9090
5010 9885
763 7161
470 4627
3560 4149
752 5231
8136 8305
2958 8650
2326 5039
8302 9362
1265 1347
6413 7108
3519 7456
5430 9433
713 1509
2210 3260
3611 3780
3266 9651
5468 7431
3077 9106
1563 9477
1034 9757
907 9756
5316 9609
448 6274
3113 5508
6291 6728
467 8128
3312 4007
3839 5963
4983 9385
2025 5966
3050 7521
8446 9717
2588 8588
5739 7760
152 730
2784 3997
5598 5770
8919 9197
4384 8285
2674 6801
5334 6749
697 917
6881 9384
7729 9034
1652 2849
5256 8974
244 2447
756 5982
3802 9581
72 781
9128 9490
1330 8690
3587 7950
6084 6627
1289 8206
2143 7468
2662 9058
5292 8581
1008 6264
1326 8731
7373 7498
4099 8837
2894 8427
1854 5956
2713 5692
758 8646
2523 7652
5835 8643
920 2455
254 4219
217 8205
5984 9689
4055 6985
8032 9547
36 5824
1428 8162
1632 8805
4481 4921
2684 7575
1258 7133
6419 8263
964 7127
324 5077
7294 7783
3758 8444
1298 9499
5619 7285
47 8501
9504 9755
569 6930
1157 8896
418 3126
974 2666
4503 6435
8583 9947
2405 2926
1466 4230
7062 8297
501 5564
22 3838
1094 6012
51 6781
138 3745
2412 4226
3562 8653
2529 2882
1569 2960
2957 8352
5000 7638
2687 5510
245 2356
4713 5451
2198 9951
3821 8642
2412 3640
3270 6572
4525 8692
6246 7613
2135 4978
1093 5630
2711 3176
1257 4589
7458 9274
1581 9111
536 3960
7359 7743
1123 1224
2445 5127
927 8185
1975 8914
8008 8794
6340 6621
2062 6934
2615 5500
4109 8378
4837 8603
4906 6266
5676 8259
4187 6026
1306 8941
2396 8906
9092 9489
1464 6977
6691 8078
3778 7840
4782 6328
2059 9692
6999 9824
2404 3102
4807 7187
3380 9859
6551 9015
4328 6290
5506 9652
4094 7639
1775 5648
1467 3287
1122 1973
2401 6865
1558 1648
448 3361
2947 7684
4240 5602
2152 3206
2455 5254
2138 2598
1829 2908
6999 9761
3875 8923
236 9760
182 2696
5234 5703
8432 9240
1832 6104
9293 9442
8191 9325
3985 7462
5259 7499
6241 6457
15 3275
690 8216
3897 7104
1412 7951
1481 4178
8200 9370
6024 9115
8182 9733
3727 6545
6431 8426
754 9561
6630 7761
2277 9834
135 9541
7482 8254
9140 9390
3158 6791
3726 7378
65 3888
2217 9801
3048 3418
1374 2177
6693 8915
1641 5528
4216 8478
2727 7787
2599 5430
5 9130
4231 5424
3019 9927
6940 7629
2212 5241
4917 7948
2046 5442
1707 7888
1686 3930
4158 6581
1882 6541
7242 8163
4777 5212
2796 5617
7222 7437
5583 6037
4371 4497
7099 8608
6325 6356
2313 8871
4071 6297
4560 4915
2282 6808
55 5607
1999 8857
5811 8319
71 993
6707 9722
5074 7199
2648 7510
2361 4332
4255 6987
1943 5562
2956 6154
605 9024
407 5168
4797 8984
5819 9649
3143 4674
5412 8353
492 9910
4967 8613
2503 9602
3584 6213
5066 6463
304 5233
2963 9964
2079 9858
3339 7485
2517 4056
2253 7297
1205 1214
1684 2004
8988 9992
5852 6962
2239 5153
6644 7660
8286 8309
1125 2796
2918 8853
2021 9994
4289 4571
5606 6692
8931 9596
1184 6122
2246 8954
1127 8624
7156 8660
4421 5396
3789 9031
8023 8785
5447 9999
2516 6439
4069 5639
3162 9211
1938 5267
7615 8482
2578 8612
9361 9993
5197 6922
3559 6786
2191 3432
3468 6345
3443 8048
114 9282
5764 7362
2038 8307
3170 9387
3521 3762
3041 9800
5308 9169
5301 8450
3799 8462
7914 8605
2482 3531
171 5516
298 5361
2571 4249
1863 9492
524 7776
7222 9256
2437 5745
2410 9689
2868 8089
2727 6852
8052 8316
1201 7359
253 5391
709 4455
4992 8305
2270 7877
4285 6923
2791 5596
549 9138
861 5906
177 6197
3475 6102
3270 4248
269 9168
8516 9084
4101 4669
3590 9061
9599 9993
2733 4729
5219 8042
2375 2804
7137 7448
3576 4310
6690 7277
4505 7918
6703 7813
865 4865
335 8503
4370 8704
2757 4796
4512 4926
4754 7985
3823 4039
1607 6695
5342 8948
638 4886
6639 6910
1541 5866
5326 9937
4221 8899
6312 7891
6855 9312
5147 6417
4430 6520
2336 6265
1215 7414
8912 9918
1376 8140
6527 9075
575 8482
2999 5463
691 3408
6221 6924
2903 5222
4787 8726
7286 7299
1963 2024
3796 5633
1161 2118
2906 6495
1294 8594
4597 5149
1429 9100
4959 7270
6418 8755
9045 9944
4406 4962
2608 6210
2648 4181
1185 4006
8773 9152
3670 8751
7686 9373
54 5282
5192 7119
767 4339
1182 8019
490 1520
5702 9859
4726 6893
4157 9721
3691 4263
1950 7553
3180 5704
5164 9490
7882 9535
2714 3633
710 8860
1099 9150
1143 6099
3324 8443
1119 5026
736 7696
8619 9482
81 7098
610 6242
6363 7181
9395 9980
918 9356
370 9061
2481 8856
336 6338
4134 8512
1693 5959
5790 6519
5959 7578
1590 4047
1638 7792
800 7928
1754 4533
5997 7434
6836 6880
6599 6709
4151 8958
343 6973
6362 7651
3412 3738
3909 5406
6074 8527
1383 2819
2841 4420
2130 4152
6297 7718
1918 5270
5196 8587
7001 9830
9789 9797
881 2097
199 7512
6257 9876
4772 8464
2363 4238
3042 7250
4165 7060
7963 9865
1134 2797
6258 7345
6324 8521
5088 8699
6908 9529
4997 8384
2563 9532
1674 4820
2 4913
6140 8628
823 8771
1542 5135
7516 8767
5093 9272
3928 7467
4155 9851
2492 3161
1218 7142
39 7818
4485 5697
4564 7410
1209 5142
8850 9697
6041 7933
5167 7708
3602 5870
4857 7504
726 4613
1492 7930
8057 9171
1711 5325
3020 5108
4247 6505
4265 5768
3122 3273
2097 6166
869 4863
2990 3455
5907 6193
4091 9170
3810 6877
1297 1305
4090 8783
1760 5229
3705 5865
3294 8208
1100 7807
6317 7040
2760 5065
2826 9549
5377 5989
3317 5036
6035 7809
7630 9672
8132 8232
4628 5532
6313 9563
6538 7676
639 817
3520 7000
1924 2566
6468 7553
4462 4489
1415 5479
2358 5828
5045 8688
3761 9923
5552 6497
4973 9212
1721 5001
3325 3403
1909 7175
7854 9132
805 4985
275 1945
291 744
2658 2774
824 9876
6511 7216
5887 8682
7787 9719
4617 4706
1599 6279
2695 9704
1360 7806
2367 2385
3556 7953
9277 9763
3017 3259
773 8881
180 7562
1328 5850
2736 8356
7046 8011
1753 3062
5150 6827
3869 4980
1667 2871
2764 3827
4294 5379
250 3975
505 6496
6182 6204
6814 8489
3458 4792
5206 6556
6234 9575
4918 5041
2082 6809
3757 3893
2315 9528
3672 5485
1183 4193
224 5996
645 2531
291 4819
6835 7332
715 2613
3184 9355
1699 6822
7891 9631
1269 3282
7897 9453
7446 9769
5533 7507
5972 9622
4630 9742
7206 7850
6281 9952
4678 9591
1420 8121
5215 8467
399 5204
8143 8556
3486 7048
2032 9397
1620 9540
721 3804
5324 8757
1530 7673
5105 9296
3241 8126
4519 8940
2547 6498
2951 9348
984 9341
5920 8851
1988 8721
4640 4999
7647 9294
4897 7873
4725 7163
4473 6339
4775 8360
3160 7209
7487 8651
4571 5911
1628 2457
5551 6223
4810 5383
3390 6486
1921 4310
2998 7825
2550 8434
1596 6666
1474 5070
8053 9559
4623 8430
949 8034
3906 7917
6654 8276
5769 7247
4492 6161
2349 5023
2379 2503
3859 4359
2074 2639
6286 9680
3936 8861
1133 2582
8485 9437
3844 8376
53 1787
755 6102
333 8246
2233 3330
8473 9810
2388 5171
5463 9294
5871 8207
3122 9054
8369 9410
1922 4882
3865 3877
101 1719
2226 4771
3436 7018
2546 5529
1860 4690
1161 9583
1885 8750
5986 9935
5942 8524
2533 3297
2561 9629
642 7169
1566 5222
3620 6894
4193 7597
2634 6010
4936 6070
1972 2873
2776 4519
2995 9585
6975 8723
1785 7649
5691 9047
6968 7078
1790 6361
2428 7421
2917 6146
644 6218
870 9443
132 1775
3876 9707
2494 3556
4097 7390
455 673
8006 9184
2541 2852
1096 5384
3889 6142
5435 5939
354 948
4113 6014
7751 9834
1654 7844
3767 5123
1007 7579
1396 2989
4733 5151
4616 6384
476 4461
3505 5403
1329 6509
7074 8875
1846 5653
4609 7804
3460 6945
866 4662
6549 7460
5585 8878
5643 6658
6463 7285
6951 9830
6637 6884
3529 7884
3059 9795
4064 9056
2046 2555
2900 9551
4179 8028
1781 6144
3154 5389
4987 9684
2076 5535
4236 9865
4938 6693
4037 9257
1681 9580
1984 3551
796 9931
3641 9068
18 9421
4354 6902
6645 6687
168 6053
6596 7243
3666 8671
1929 5125
1423 2292
5051 9306
1673 3856
459 7307
1142 8190
1369 1619
2679 9018
3090 7727
273 4388
1459 2690
2364 4603
31 3954
357 1407
83 6461
7932 9404
1525 3619
2304 9190
3916 4436
3717 4635
2208 4703
1740 2699
4183 4556
115 5356
4214 4392
598 3121
1389 5496
2684 7667
2605 7795
1870 5967
1612 6043
2486 3483
1911 4762
3660 6804
538 1683
426 1019
2402 6412
1168 3435
3468 9245
5357 7118
2653 3411
6163 6839
1407 2249
507 6969
4456 5085
4633 5631
9472 9588
1647 3147
2775 3233
1695 7565
605 4498
4013 9792
1646 9134
1927 5655
2369 4968
1033 6832
1484 2159
2369 6503
4606 6769
1904 6572
260 4059
4189 8246
500 1444
8661 9208
1850 4296
4603 4993
4209 8872
5567 7087
178 1962
6643 6953
2768 6174
3715 6741
4098 8700
2154 2788
6228 6263
2675 6351
2990 4522
2302 9420
799 8597
1692 9389
3703 6809
4124 8370
2518 4738
441 4140
4927 6842
1327 4734
1462 4268
1611 4223
775 7511
2340 6335
4614 5601
1204 7027
5249 8520
4131 8013
129 3023
6347 9060
31 3439
2789 9396
3189 9377
843 8976
978 3274
4942 8300
87 7714
5958 7663
4331 7752
4032 8049
1241 1806
5104 5518
423 7367
7595 9327
4892 6232
7282 9102
588 707
3088 9087
95 9886
1359 2609
3437 9176
4549 7166
232 5532
7468 9033
3256 9695
4182 6425
865 3150
3539 9599
7311 8234
2485 8457
5670 8345
2224 6140
7997 9877
1810 2482
3071 6510
36 9174
4456 6890
208 3447
9128 9567
3212 6091
2510 8327
1162 7681
8853 9176
5830 9237
1373 9118
2793 4061
1243 5351
9 5797
88 219
2274 4996
4049 8813
633 1270
696 9309
780 1588
341 1068
4978 7885
3919 7780
4042 4709
920 2519
828 9141
472 4471
4749 7232
3114 5155
3744 8992
1390 9384
1527 9799
5619 9331
618 8608
963 2048
5110 7568
1534 2945
4502 9643
6586 8877
4657 7267
585 8490
4231 5233
2181 4035
6947 7727
1621 8066
4273 8081
836 2342
3780 9204
4566 7990
3525 8701
1750 2845
7346 8732
7315 9202
1663 5439
5308 7659
2607 9757
8460 9660
2104 3265
4441 7234
6917 7563
2877 3066
1740 9045
591 7120
5803 8961
6789 7757
5489 9040
888 5237
8249 8353
3743 5648
1561 7481
932 7946
6220 7598
804 880
3010 7855
1774 7313
561 4569
3144 6164
6979 8648
6235 6624
1451 8394
4839 9900
541 9168
959 7325
4670 6398
2064 5492
665 6745
2944 3189
4655 5375
5981 8007
3372 8582
4240 7197
4491 7734
4487 8932
970 8071
7816 9062
4150 9069
1357 9955
3710 7977
2112 6083
4740 8896
703 7196
3886 5250
381 5735
6112 9530
830 6989
437 595
4384 4800
7020 7273
1823 5558
1015 2285
1668 7441
1441 8252
21 1278
3029 6309
6078 8133
1279 3016
3216 6278
7106 9829
3499 3680
1334 8227
1047 8743
4272 5244
8293 9358
7952 8947
6580 9614
4849 7157
432 2422
2595 7042
5315 9711
555 8591
1394 1724
1892 5783
6596 8375
850 2266
691 5213
389 5971
4711 8020
2879 5322
4719 7762
1393 7591
3169 5345
996 8578
634 4027
569 5236
3879 8337
4391 7459
71 4513
5417 6031
5443 8745
5877 6362
1484 3811
6298 7812
1691 8327
2829 7334
2801 8529
301 2002
1630 3271
6824 7502
6748 8838
1491 9483
3881 8209
841 8826
6440 8845
7581 9008
7489 8038
1166 7612
2240 9347
8436 9527
6063 8180
3526 7295
2100 8181
683 1813
2237 2640
784 8976
4815 6878
436 6186
617 6492
5526 8957
4233 8901
2673 6856
965 3956
2792 7822
6450 8124
1613 6905
4851 6740
5756 9656
3356 4136
3033 4477
121 1812
3393 8224
3482 9017
5549 5634
8402 8688
1992 8452
5055 6095
4201 9063
5133 7004
6295 8717
7072 9901
5974 8762
2879 3152
2730 6958
3572 4143
5330 9554
2954 4168
3494 8056
7701 8412
1866 5646
2353 7959
2700 9863
6530 8772
2058 8328
7399 8739
207 493
2335 2366
8052 8059
3817 7685
361 5162
2500 9705
7506 9333
8154 9716
4850 6965
8088 8355
4911 9095
328 5321
8507 9649
7943 8427
5450 7793
839 6795
6316 7647
9183 9829
1381 5162
759 5426
933 6648
5299 7560
2857 8619
2139 3870
268 9853
7125 7578
4661 5047
4948 7008
5862 5872
5480 9539
8341 8863
4287 6236
1647 9366
3212 8187
1163 5561
3640 9831
3299 3700
2478 5351
5554 7066
5189 8492
7303 8060
1191 1497
555 9589
406 7671
246 5626
4591 8421
3882 9227
6004 8093
2938 3496
8107 9905
1769 8513
4814 5201
1316 5487
283 6632
1569 4597
8262 8710
4763 9926
1207 6594
2767 5529
8215 9055
2426 7818
4966 9600
2340 6652
1554 5037
4691 8258
7558 9426
7676 8513
6607 8625
1978 5154
929 8989
956 2817
1426 3456
4346 5521
3826 9818
711 7835
3079 7851
505 1941
452 9618
1737 9957
25 4803
63 4169
5511 7622
2216 5761
5653 6056
6820 8149
287 7416
5468 9733
3772 4805
3533 8322
2832 9699
4829 6978
7266 9856
7699 9846
734 9825
1878 9721
3945 8571
233 7908
5293 8825
688 9050
3194 9764
5721 9013
5838 8324
7136 8085
8533 8859
2424 8451
4445 7381
2552 2761
1824 6961
3072 9344
666 6974
3489 4363
42 5475
8285 9411
3565 6559
1524 5469
562 667
8623 9084
1666 3159
5675 8460
260 6190
7550 8958
2368 9354
2863 4198
7115 8811
2744 4022
1380 2278
1421 5358
1500 4299
4146 6655
1546 9304
529 1172
5053 5085
1154 5558
3685 5253
2745 9982
1839 5883
2373 4540
1890 3536
3726 8438
879 4786
3567 4773
978 4554
1896 6754
7382 9416
3120 7415
5857 9260
3211 6408
2490 8483
1177 8010
2314 2828
3120 7067
2528 5800
421 4665
1109 8382
5711 7726
7842 8244
2240 8242
2549 7093
7997 8936
3686 8687
43 7208
405 5566
377 5963
1409 3655
4951 8721
3971 5079
6252 7218
5345 8997
2088 2345
846 6445
1859 8716
4188 7393
1444 9393
2131 7423
1171 3367
517 1325
7917 9838
8638 9621
154 6066
5429 5441
3814 9009
701 1993
3146 7797
2822 9568
2361 6011
3215 9264
3108 7174
1532 7602
2330 4610
2124 4646
1902 8453
402 9489
6037 8907
85 1979
1567 6656
4521 9429
1386 9276
7516 8957
3601 8251
6059 6955
5555 5730
455 9458
2701 7667
5649 6192
3946 8788
4041 8314
2400 2600
3092 9471
5863 6696
2072 4852
1470 8542
6649 7304
2183 9202
4993 7049
1046 6029
5193 5372
5594 7474
7608 8457
4306 8113
30 5496
4893 7604
352 4239
7632 7956
3605 4250
7268 9028
9351 9419
1624 6618
3841 9877
511 6533
1701 7302
391 8066
2579 9709
5484 8377
1995 4386
238 893
3532 5594
3402 5538
4814 4991
2751 3112
1840 7852
5728 9044
3243 6642
906 8001
2469 6517
1601 4428
4036 5518
2810 5282
7227 9456
1116 6797
54 2540
2124 2498
5530 6422
1131 9459
3255 5057
543 1858
3028 4844
5511 5969
4767 7996
382 2951
3544 4986
225 8902
1169 4636
3323 4407
422 3269
1997 5720
3606 7056
4530 4806
1146 7661
413 7178
3282 8422
222 9546
2812 3648
780 5771
4481 5316
8435 8593
89 6134
5258 6443
5331 5386
7528 9063
1087 5186
2203 9307
7694 9957
3226 8443
6760 8691
2871 3350
6364 6646
4455 9458
2824 5472
7694 9233
8542 9093
4680 8280
3715 5595
2627 3143
1093 3859
1549 2764
4499 6452
4953 7279
1014 4399
2121 7019
6141 8069
1074 1165
5517 7165
7552 7611
1067 6755
5954 8661
140 4448
3112 7495
1984 4741
5096 5972
4259 6196
310 9361
1730 1936
3521 9647
2591 3971
5673 9997
302 5892
6454 6900
5035 9372
7648 8323
6515 8758
5839 9318
2591 7254
4847 7053
4347 7235
2943 5080
6401 9973
761 2833
4063 5503
6561 8363
3689 8165
4142 5847
431 5674
2571 5015
4770 9359
5933 8492
3666 9940
8166 9639
2171 7859
4592 7361
6885 8727
5910 7185
2279 3377
4541 5943
1252 2624
4212 9019
2532 5758
1714 3507
2189 4595
362 4497
1239 1725
2728 9303
3569 6422
416 7559
212 6697
1218 9644
1260 5510
1771 6233
3362 5434
4170 8600
836 8157
902 3428
2035 6067
4124 5631
4447 7091
4360 9697
1646 2641
1851 5082
196 365
3735 9104
5177 6714
3038 4242
4011 6545
2933 7464
4432 4683
2800 8442
1594 2219
3879 6113
711 6508
832 5961
1362 7604
1801 4578
419 9669
650 5921
2946 3901
4454 9548
3557 7248
2590 7385
2377 9431
6084 6699
4163 5693
5272 8694
2457 9117
536 6671
6337 9288
6933 6939
209 5976
3750 8545
1137 6627
521 7645
1346 9157
4187 5863
4251 4403
688 2332
2673 8068
2559 4796
7097 9653
2893 5325
7803 8732
4303 6672
6869 7573
179 2188
669 2737
3890 9446
6055 7287
3853 5663
2883 7834
5823 7281
507 8717
7711 9595
2224 9343
34 3894
7993 9466
1041 9966
2987 8484
1871 6583
3851 4832
1092 9893
6471 8938
287 4742
8178 9779
2711 3329
1795 8498
2380 9065
5905 6225
4226 9651
4421 7439
4702 8813
425 4112
2554 4037
3565 9409
3651 4686
5262 7695
2194 4138
3235 8360
3956 5179
1454 2156
5123 5820
4266 6582
1361 4095
5042 7573
327 7613
7549 8286
2221 4250
3516 5341
7284 8104
3767 5650
5002 6289
3123 8814
2728 8755
5620 9842
414 6978
4594 5663
1917 3260
1332 7827
1554 2960
2021 9538
574 4110
1562 3133
2330 3107
3573 9698
7079 9653
2198 6275
908 9016
635 4387
3537 4463
1069 3063
3725 5448
5128 7938
6811 9985
1411 8985
5062 6703
2662 3825
473 2629
1669 8526
7090 9437
6070 8297
4505 7090
6226 7497
1230 9150
7606 7665
3394 9162
5743 7237
1950 4438
3087 6657
155 9444
1553 2535
2323 2656
3684 8514
5029 8679
466 4404
7208 7583
8971 9616
3331 3658
5386 6429
2393 6846
7166 8536
5375 7444
6698 7305
5428 8937
1242 1421
4419 4528
1503 5759
5856 7177
1498 4071
4752 7299
2633 9933
8817 8990
4502 7432
3886 8325
1424 1899
3591 5055
1458 5288
4112 7466
558 8914
3090 9787
1300 5091
6743 9130
8046 8142
1972 6137
2485 3117
1179 5474
818 1844
5935 9393
2140 7561
3071 9729
6073 7850
3907 5435
6204 6880
671 4715
1141 4776
3213 9436
3626 8794
2698 3599
726 4022
514 2550
8082 9307
2156 3326
7215 9677
4820 8171
1449 4538
4549 8078
1148 4040
4707 7651
3229 3330
1661 3866
2833 5856
3271 9742
6657 9122
980 4704
1990 9604
4955 8411
1125 1201
231 5329
7983 8740
1243 9456
314 8821
2329 9419
360 1673
3446 7374
2013 9537
398 9261
420 8710
2031 2248
1907 7436
995 4059
1676 2419
2445 4319
2073 4659
8425 9664
226 2526
6567 7900
3353 3770
313 8758
4864 9739
4175 8321
8445 8672
2454 5467
1988 5203
3755 7163
2483 3208
1260 2435
1077 3432
3544 8647
3030 5452
7467 9022
56 7016
5733 6126
3176 8404
2869 9639
4204 6090
8418 9148
2972 3001
793 9315
8170 8867
63 1353
4556 7380
209 7617
8243 8724
3106 4161
491 3246
1538 4733
7306 9680
3140 3399
6887 8207
5390 5599
4030 4308
4826 5749
746 9252
1694 2816
5741 6407
3938 5534
1134 4862
3850 3967
2042 6550
5613 7029
512 9278
7780 9752
3523 7690
5709 9547
5747 6857
770 3690
6114 9510
3749 6771
6706 8993
1636 3192
6042 8901
1057 3722
5859 9730
1173 6484
1589 7710
2066 5655
6085 6312
1108 2965
7024 7474
5747 7817
1043 9110
2264 2968
1194 2454
8017 8093
2692 3348
5080 5461
415 8695
6853 7403
807 3201
319 7954
8063 8522
3942 4901
5181 8001
196 3444
5229 8836
4416 4484
3080 8383
2725 4741
2994 4944
261 8585
8218 8489
9211 9413
2865 9828
969 3641
409 4959
1318 6959
1126 7833
1090 8960
782 8160
7726 7738
1199 2971
888 4142
1153 5826
6766 8143
167 2423
5677 5699
2502 9594
9266 9516
4813 6635
5546 9163
1490 6579
4750 8267
1091 9274
662 1072
3202 7184
1278 3812
4896 9881
2324 7960
4628 5882
4716 9302
5779 8284
203 6036
4053 7007
699 2638
3415 6527
4766 7076
5259 6093
2724 6219
5100 5343
5032 9636
9139 9363
2058 4659
483 8461
5286 5591
3539 5729
6177 9587
2201 4607
4434 6862
2902 5390
3711 8326
7114 9473
1253 4143
128 3624
2592 5545
83 8517
969 1140
6728 7654
834 4645
99 2782
1006 7715
7190 7406
584 8737
2432 4599
3994 5082
3918 5371
5060 5592
4435 5126
3959 8623
6491 8892
6052 7400
5688 6819
2616 4043
1032 6781
1621 4367
2779 3604
4149 9728
4809 9271
6416 9723
5931 7041
550 1947
2752 7849
3782 9752
5543 6079
2693 3629
3618 6209
5122 8967
5714 9050
2748 7521
4582 7576
7607 8221
2359 3534
141 3320
4016 8829
1937 6520
276 5438
2789 6381
692 4764
6860 7200
1139 2220
2225 6911
4719 8652
3118 8618
6637 8843
7841 9149
986 6016
630 2041
700 5151
738 9098
1222 5851
6156 7246
1343 1539
4119 5067
1187 5938
431 6982
2593 3065
5968 9590
2494 2681
1797 9845
479 6862
8680 9996
1433 4982
4907 7373
5798 9612
8839 9902
3542 6860
7335 7646
4286 5682
1782 2808
367 9067
3868 8812
1255 5627
706 8270
3136 5234
1566 4623
5916 7491
4712 5550
1098 4865
1083 1479
1983 3272
628 8648
495 8618
4379 7526
3735 6195
110 6676
3804 5437
1636 2394
896 7971
705 3962
2403 5145
3874 9352
208 8293
5363 8458
4323 6147
1523 9565
4788 5792
564 9334
2592 5460
567 2092
8320 9354
1445 4678
264 5469
6587 8996
6191 6952
65 2320
2327 3332
5750 9079
1175 5849
228 6054
8870 9311
3276 7263
1609 7888
2438 7102
1469 3134
4334 6039
3942 5258
61 887
1202 1847
2298 9850
4314 6701
1414 3156
487 2612
2913 8405
2766 4057
1031 2007
2861 6707
779 1797
4281 7189
1184 9444
450 2815
1827 3474
1110 7391
409 9381
314 7034
2562 4185
943 2756
1820 8760
1792 5317
6474 7288
652 3600
4312 4664
695 9101
2498 3232
2993 3819
916 7753
747 3492
6950 7177
4834 7927
4889 6535
675 1939
7221 9788
424 8714
2587 3434
607 8997
2162 7668
8063 9578
3889 5225
937 7527
4180 6341
1344 4637
6284 6630
8863 9624
5420 9177
1401 4067
5946 6818
4575 7973
1104 1419
2029 6002
2583 8990
3549 7653
2469 5069
2916 5590
6669 8768
4344 6328
3630 7736
479 3389
2467 7073
1899 8012
3553 8005
4786 7572
1422 6397
1655 8332
4508 5381
430 1190
623 2151
425 4470
2122 7346
4574 9780
2802 3172
1422 1987
1311 5205
4321 8376
4800 6751
3550 4517
4155 4335
7269 9125
8045 8397
7625 8575
5121 6915
4086 9027
6331 6566
1144 6824
2799 9455
1930 4109
1812 3383
7783 8917
4588 8037
6826 9044
2594 6775
3230 3392
2232 5426
13 2808
3723 7146
1018 8147
1420 7678
1214 3493
3482 8035
1443 8630
1056 4247
169 9020
2665 9321
146 606
2391 4774
6441 7769
143 7047
162 6477
4895 6677
3935 7098
5992 8777
5087 9267
2094 5695
860 5356
1262 9091
5840 6996
1192 7455
4128 8044
3865 4606
221 3794
5573 6591
8847 9780
3396 6222
7628 9248
1576 4393
62 267
3731 7158
3905 5712
6360 8117
5262 7152
5173 6994
176 4900
3336 8429
2761 4148
9620 9975
2908 9774
9532 9874
7736 8174
462 5568
5019 8913
7236 9205
2584 6376
127 680
408 877
765 4369
723 5887
2938 5993
1667 5075
3228 4965
2432 2904
508 5146
5395 7363
5397 6851
390 5210
4060 4862
39 3072
2208 6303
3977 4940
5543 8801
2250 6706
4424 4561
189 5650
2235 5898
335 7284
1861 4944
27 1308
9237 9672
5818 9081
151 3301
2741 4995
2114 6516
482 8949
1534 8318
1115 4501
3885 4539
7819 9324
3674 9112
7005 9373
76 886
2277 3110
2309 2897
5614 7121
1364 9286
2778 7682
50 3566
916 4409
3785 6716
6739 7270
5073 8431
3146 8510
2850 7853
5782 9099
3963 4365
972 8982
5347 6679
4923 9828
3540 6988
636 2261
4389 8471
5559 9306
2874 5636
351 4423
1852 6622
3204 9726
321 8432
1304 5699
5275 8883
496 3649
1378 2854
1771 1933
109 8461
3 3984
1153 5750
5185 8184
3694 5141
273 3181
2813 5607
3011 4529
1267 9421
460 1438
2721 7541
5281 6236
3615 8650
8480 9401
2470 7057
3091 5873
631 8656
4023 8945
5540 6131
8110 8742
4720 5987
822 7146
2496 8725
4397 5064
5595 9190
3857 4121
1319 8909
4811 7316
311 3756
6164 7360
4093 4580
2296 4904
3694 8937
2010 9911
2620 2635
2091 3835
1075 4211
7188 8294
492 3671
3155 3708
2258 8656
7864 9701
210 1917
2418 4419
7265 8177
1136 2642
4747 8663
2735 5632
5690 6617
4543 6480
3218 6074
2441 9226
3148 6200
2617 7483
2147 5880
4877 6165
6446 9372
2374 6747
2521 6432
3220 9576
4684 7129
5875 9626
4092 5572
6108 6840
4770 9036
1077 9438
254 2089
614 4103
786 6259
67 7480
599 8824
4167 6989
3133 8299
7838 9970
3018 7656
1550 7365
2613 6481
5311 6230
2887 5097
4738 6135
3515 4191
3852 8807
1668 3779
2584 6847
243 9207
1054 5134
8567 9178
5292 6776
1506 3763
1857 2577
5681 9871
3220 6547
4539 5955
1079 1790
1828 7839
5399 5560
885 8692
3953 8175
812 3757
4477 9470
4615 5671
318 1069
3880 9520
5074 5235
3302 5868
2242 5459
458 2783
2213 8925
97 8493
585 4987
626 9414
4783 7999
6976 8601
750 9895
3586 8433
763 1615
7167 8504
503 6901
2193 8524
463 8488
4004 6964
3370 6552
6664 9613
8034 9790
648 8189
3522 3739
8073 8456
5109 8582
2928 5812
834 1305
4340 4644
4907 8578
126 1187
1241 6846
2278 6663
7811 7966
2141 9427
2918 5612
1452 6676
676 3186
498 3996
8974 9219
8218 8966
376 2302
5176 6341
1522 3117
802 2866
2054 4854
704 1018
4278 5673
600 740
2631 8424
290 1911
531 8804
214 251
1105 2223
3676 8340
2115 8466
1782 7082
465 509
977 4020
897 972
5718 8529
5717 8021
1302 7153
3625 6343
537 5105
5629 6868
3158 7495
2758 3338
976 8247
792 3884
5301 8941
1081 1722
1084 3064
1609 2182
1601 2569
5283 9365
271 4002
3578 5649
6732 7579
4832 8936
1326 5868
2430 6352
653 7688
2568 7019
679 8849
6342 8240
2786 3149
2127 7602
2424 6180
571 7705
6937 7717
3505 5933
2877 9083
393 4127
3898 8519
895 9275
2111 7350
402 5964
3444 9897
2804 5846
3016 7645
1073 9617
2726 5199
442 9837
2806 5360
1772 6141
6201 7845
677 4662
6058 6738
6243 8358
2388 5344
230 4691
7197 7407
6759 7840
198 2703
4802 8476
7758 8224
6127 6843
761 4817
1521 6898
818 3288
894 3949
1129 9379
769 3043
6231 7091
252 372
3426 3953
1666 5313
1323 7057
6938 7236
2861 6848
727 3862
667 3209
5324 6871
5141 8975
4545 4849
9166 9282
7784 9700
1250 6380
1705 8257
6641 7954
2395 2468
1213 9511
5712 7670
62 269
372 7883
7725 9869
3793 5491
464 709
214 801
1579 1645
1510 7072
5742 6684
8782 9543
2365 4714
2096 2487
3385 4123
3408 5998
2511 9655
2604 6129
1450 8056
2040 8396
1974 9882
1784 8885
646 9139
5625 8439
2798 7771
3 7436
5044 9395
6784 9632
3191 5101
2608 9796
435 4531
5948 6138
3579 6879
7534 7557
1709 6849
7797 8072
4347 7557
1464 1966
4955 8076
8779 9720
3338 4547
2316 6413
2525 8014
6182 7614
3970 4883
8225 8652
4087 8374
4636 9676
4626 4822
3781 6542
886 9963
69 5388
6622 7493
3474 9160
3062 7610
855 3206
2874 3667
2999 8766
7919 8887
3447 8483
4789 9010
2319 6034
9512 9862
123 9468
6000 7044
4401 5300
8821 9634
2194 5265
7089 9645
218 7805
21 3527
395 7274
1382 5760
9014 9349
1746 7943
2084 4137
3142 3318
219 4466
535 7108
4619 9960
2549 6973
1055 1186
7585 8859
4903 5980
3698 9841
8346 9378
6554 9143
6061 9568
4227 6087
1509 1608
6085 7897
1005 1649
7357 9513
1965 5360
2834 9096
1145 6943
1101 1611
2778 5003
3635 6078
661 6107
2163 3807
1607 6356
1320 5777
3761 4988
2971 8561
5526 7445
3485 3996
8475 8647
7692 7713
2324 3900
1293 4324
6967 9633
3734 4301
285 9580
1685 5318
306 4526
6210 9234
2623 7402
2980 8399
355 4120
6510 7035
192 1345
1761 2910
1631 1796
4609 9434
250 7455
2134 6700
3972 5418
3427 7876
2034 3210
181 5254
1238 6405
2580 6913
3527 8873
4034 9605
7101 8400
2820 4840
1280 8303
7502 9172
4211 8983
5319 9447
1600 5548
4402 6357
3048 3517
7351 7605
5148 7393
5570 6798
12 4499
6575 9410
2972 7673
1104 3319
179 8579
9197 9251
3897 5834
8428 9686
1124 5389
2267 6385
7603 9969
5544 8595
514 8584
751 770
41 2813
2572 4684
6145 9432
264 8507
18 5276
8823 9353
8924 9652
4054 5499
7575 9242
4137 6442
2356 6925
5640 7376
2856 7261
3938 5272
3027 5414
190 1606
2721 9536
5307 5439
4594 9082
2221 2421
5274 8565
9004 9478
3366 5471
6563 9487
5992 9335
3320 8882
299 6047
2702 3461
5720 8079
1481 4994
2092 4068
7457 8025
5276 8559
4023 8336
5784 5944
7952 9746
2247 5998
1728 5445
5346 9439
2166 3188
5352 7930
6331 7028
368 4506
2152 2793
4278 4721
1792 8769
1620 8752
1171 8665
296 1900
3423 5032
3693 8849
4482 4624
1890 9525
8 3678
2259 4293
7155 8097
2382 7456
2588 4838
579 3101
4818 8494
326 7017
2923 5015
6147 9805
7055 7829
954 4426
1557 3424
1559 7811
4931 5396
3647 9252
702 3737
301 7205
1316 6367
6435 6459
854 8416
7260 8171
1038 5466
4245 7302
2863 6109
5664 7945
2886 2988
6215 7837
1441 2170
1405 7445
6088 7791
6277 6318
43 202
7167 8685
938 9182
1432 4069
919 6150
2283 6157
1614 8121
4001 6111
6287 9349
1372 9341
1881 9891
2486 3305
3173 7022
5790 8295
297 7686
119 5983
2744 6635
4602 7642
2712 3225
46 2952
3760 9117
1356 8632
2656 8070
2937 8040
1288 5454
5676 9729
7766 7958
443 9382
1982 5096
5041 6273
1081 7137
1613 1857
1053 8379
1605 9435
1021 7463
3235 9049
5018 8894
126 9623
1677 7123
5203 6700
375 7383
6205 7305
366 8429
1675 7183
1071 5826
2005 3262
1491 7175
2165 9157
6421 7115
3513 5404
7314 8325
4698 9212
5685 7192
1220 6252
4728 6393
2827 6611
238 7962
239 4518
8217 9590
2368 4229
2973 9242
5076 5986
4040 7693
4656 5658
4114 9761
6716 9677
3099 5344
4503 9486
806 8842
1593 7641
6521 8830
1777 5320
1430 2750
1830 8375
6640 8287
3125 8714
3930 9357
5295 8159
2462 8349
3625 7473
975 8244
94 5794
5883 6759
2083 2509
1739 5235
7524 8970
4224 9098
7092 8264
1734 2317
6233 8767
1617 3321
3550 5391
4935 6467
8773 9383
5120 8027
3725 9517
670 8788
7518 7788
2197 6332
1345 4723
772 1893
84 8534
1906 6020
1977 5565
3076 9037
2894 6730
546 8406
42 1610
482 6573
1122 5112
4191 5900
928 2860
206 4554
5228 8728
2542 7080
5411 9929
2148 3004
784 3163
2074 7929
3327 6465
2243 7058
5213 5347
5876 5914
3669 9443
1098 9574
4843 8601
771 9521
6456 8798
939 1759
280 8115
1022 8678
3363 7388
4414 4765
951 1835
3637 8419
858 2473
1623 5124
1767 4407
8696 9796
1383 7291
4264 7870
3036 8403
1199 9836
4794 5126
469 5501
7503 8393
641 6715
7923 8029
2178 9669
9798 9995
4144 6064
7401 8630
2499 4878
5781 8789
3624 5194
4207 9679
725 4724
1471 4961
3581 5703
3428 8679
7102 9046
4876 8664
419 6003
2195 7915
3227 8864
2418 8301
2200 2508
2973 4107
1137 2505
3025 7773
5260 6718
3275 9522
4256 7763
2264 2499
3575 5718
5835 8938
2051 7337
5530 8934
1319 4186
350 987
29 1639
820 3233
2070 7256
3397 5540
5035 5081
6015 7708
6017 9521
307 2016
5478 7627
1238 4334
5264 9305
6667 9578
6787 7556
3399 5103
6683 7728
6838 9885
1116 5833
1627 7712
5348 9996
3400 5525
6640 7616
3052 3462
231 3153
3805 8344
2234 5780
5119 8607
6041 6127
1364 5941
3720 6468
5661 5940
5490 8271
7858 9968
206 5024
660 5423
8541 9813
5546 6525
3009 6763
3201 3332
1884 2133
2308 8800
2929 3838
3293 3498
1853 7169
4688 6984
3642 5400
4077 9133
4495 6336
3771 8236
1655 7214
7924 9884
4964 7396
9647 9967
4078 6028
1356 8050
2253 8111
8474 9115
191 3720
708 8331
1138 6477
2654 8205
3168 4190
2107 9148
4977 7144
1042 5785
4921 7243
2102 4197
4333 6704
4156 6149
4596 5793
539 4163
5773 8044
2880 9066
3602 7282
6778 9002
241 5801
261 6482
3934 8517
6576 8168
2660 4225
6867 8543
2398 5224
4937 6543
551 6926
7654 8845
2646 4325
1485 8528
2105 5043
3374 8064
3465 5772
4302 4491
76 416
1739 2003
4045 5996
6681 7013
1240 1285
4447 4607
554 8991
8076 8782
4153 9461
1845 6554
2259 5687
1128 2956
6490 6997
1533 8193
1198 1978
1061 5724
3794 6075
6552 9173
2410 8544
1336 4304
1687 5495
1413 8120
3288 6483
5231 9112
3077 8156
2769 4998
2603 5523
475 3203
6670 8398
2722 3487
609 6157
2293 8954
1447 6827
8792 9449
5759 7847
2701 8181
9660 9678
2605 5304
5024 7746
3664 9914
1064 5683
5926 8291
5216 9585
2133 6166
7447 9145
8065 9577
239 8878
2061 9322
3924 5427
7547 8579
336 1843
2655 7619
6018 9010
1855 3947
3205 6717
3214 7747
1264 9314
596 6974
8149 8784
48 6631
4396 4465
1048 5659
2284 2906
7498 7767
3963 8979
4406 6922
2333 9868
4792 8669
669 8084
2001 8537
3147 7863
2174 2652
134 7744
2911 6831
4947 5914
444 4422
8869 9085
3279 9498
1516 6595
2444 4793
1778 3161
1519 2690
1793 3406
1374 2738
1525 3510
3698 6573
2988 7870
1480 7668
1763 2269
3503 9765
8911 9102
2260 3358
867 9682
5497 7929
1045 2834
3751 4300
3388 4875
1715 2230
4760 9069
2187 3005
8368 8802
8406 8900
801 2484
3000 4093
86 3502
2027 8800
1068 7215
2553 6905
1758 9264
2825 9758
848 9712
506 7931
1682 9696
4619 6143
792 2898
3466 4201
2611 8572
5111 8786
3719 9835
7272 8677
8558 9226
2148 9206
2212 7171
1028 8776
441 2225
1501 8796
3029 5788
1511 6643
2117 5251
150 1974
3908 8229
4490 7255
2094 3242
1692 6536
1318 1884
2024 6390
4203 7548
1373 8024
1051 2658
1415 6543
1637 6897
2891 7770
5920 7268
3964 4403
8047 9636
7023 9469
1413 5056
4543 4739
348 8724
4912 5401
2839 5265
4099 8977
249 3603
1322 9511
2310 8637
522 6686
2341 3387
2671 6628
8657 8980
5788 7944
427 2039
1989 3714
7412 9629
6433 9025
8154 8657
6616 9164
247 3545
3526 8210
6574 7084
1025 7292
8469 8676
568 1227
2019 9718
8564 8686
7743 8741
7004 8252
199 526
1099 8144
8 3880
1303 9617
762 2573
5973 7765
548 3553
812 4160
1471 3237
6382 6611
764 9846
773 7107
6835 9328
1555 4848
3540 8829
5609 8026
2869 3547
2290 7496
6769 9262
564 1904
4448 5161
1948 8043
7451 8537
4974 6658
6981 7176
1913 3199
2315 9869
2927 7899
4943 9743
3095 6820
2697 6406
7805 9781
617 7109
2848 6932
3094 8806
4538 6725
1675 9793
3983 4291
4884 5654
4433 7290
1880 2153
1268 8763
6906 7446
6257 8561
7321 7380
513 689
2176 6255
4452 6673
1206 8708
707 5779
4779 9327
1234 8019
3304 4939
4854 7995
2056 7937
95 3449
2606 5033
7996 9394
5328 9253
3950 8763
7739 7967
6875 8117
984 1894
2707 8472
2033 5706
3559 5654
1586 2071
4702 7961
936 1865
2297 9763
7610 9768
1103 9229
4380 6699
5133 9208
6897 7749
1159 1605
1014 9612
5405 5787
4587 5413
1118 9199
553 6886
7950 8827
476 856
3925 8418
2867 9283
2553 4164
811 5451
2540 5773
2480 4672
3746 6389
162 7986
2090 5746
3719 9913
1198 9301
3319 7144
587 3308
2270 8747
3884 7226
3431 7949
8036 9810
3851 5751
2055 3472
2254 3227
1953 7366
6476 8496
6465 9418
6410 6694
1174 8943
2712 6065
1883 9430
438 9025
57 9679
1542 4186
583 9210
837 9288
1672 6379
1073 9133
614 1813
1848 8659
5167 6185
9153 9270
3695 7085
3525 9665
2693 4631
7944 8381
8733 9147
4508 8309
108 1121
4320 4818
4494 7671
2136 4182
622 3454
9071 9661
4408 7566
5453 6682
5147 5819
7959 8768
3343 7043
1210 2686
1085 3789
3597 6113
1876 3392
821 9497
2551 4920
5947 8495
7527 7723
1256 7244
5207 6197
1805 6560
627 2170
4404 8235
4086 7656
6326 9243
3509 6223
1552 8629
785 1249
1875 6057
3037 8100
6623 8255
2643 9811
3296 6629
4667 9884
3170 3959
1864 5675
7691 9739
2512 6358
734 9904
8238 8290
1665 8766
4887 5052
1760 6529
5083 9484
1409 3863
830 8364
8212 9917
1410 7465
2298 7423
2564 5075
1498 2161
2497 9273
1139 5582
2998 3914
4949 6982
5481 6334
1315 9097
1689 9323
685 4817
5362 8124
7475 7740
443 4162
3097 4526
496 9802
2184 3410
1585 3902
6150 9232
3927 6512
6965 7711
2782 7219
1747 6863
356 2593
2057 5748
3480 3823
12 5641
1912 5333
2411 4998
500 552
1821 6764
6574 9424
3240 6535
594 1450
6202 6876
1431 9756
4206 6936
664 4933
2452 9661
149 2350
5499 7912
8241 8784
1712 8866
4440 6287
7514 9676
1618 8904
8138 9518
1543 5087
3717 8328
1296 8862
2767 3094
5547 7662
26 8873
3222 9787
6813 9403
2913 9773
2493 8939
6272 6427
904 5046
236 4130
9231 9634
2596 3196
1807 2456
1881 4726
3277 5537
3056 3486
3674 9080
1869 7981
4877 9073
6833 9238
543 4894
2661 9976
3961 5838
1594 6912
6577 7012
3310 5664
6710 8810
6539 8905
4161 5242
1959 5417
5579 7317
3966 8478
4807 5604
938 1158
111 9681
366 7574
7608 8099
561 4323
1274 7429
3296 4146
643 6005
274 6038
3948 7765
1410 7562
6006 8674
1954 7132
668 8046
3221 6097
2199 6315
4129 8440
1346 4946
8785 8931
7914 9449
5088 6832
4899 7081
2905 5860
3585 4297
1442 9668
282 7203
3185 9597
1947 7607
3360 8864
4558 6272
2856 3477
4631 6896
7145 8199
1115 1309
5645 7821
5956 7460
4318 9526
4290 5291
742 4017
2598 5715
6529 9589
922 5006
5891 7255
2760 7878
4442 5051
4799 5128
4036 6984
79 1830
1285 4065
5891 8928
177 2125
3551 4082
961 9127
629 4904
4262 9892
1342 4307
4919 8962
8540 9611
5458 7435
5941 6806
4164 7251
394 5565
1800 3587
5754 7452
5692 9706
4975 8233
8833 9682
3899 5117
1136 3910
2028 8473
8347 9750
542 4828
1819 9874
6498 9850
2618 7536
4106 4562
4763 6213
905 7955
5341 6757
4083 6292
85 2654
6095 8715
620 3327
1435 2932
545 849
4467 7864
2408 7826
8733 9867
383 2758
2192 6023
5350 9615
2249 4740
7480 9495
7915 8229
3850 8059
3812 9127
4612 7936
869 9358
1387 9798
3833 7171
6708 8245
2409 2574
374 6957
4003 6852
7969 8697
5368 8240
841 8555
2005 4298
4493 8912
1937 6371
2351 9667
1727 7223
924 6625
1202 3111
8897 9562
4932 9949
1664 5791
451 3932
5955 6608
2163 4535
423 2015
2349 8740
3594 9292
2463 5398
5281 6859
1634 4625
7938 9463
5636 8822
5034 7148
2742 6347
6276 6544
581 1561
159 320
2460 4618
2555 7184
4031 6071
1307 1809
8217 9914
1992 4349
91 5885
4110 7112
2129 5909
6311 6421
1702 6116
2604 4367
55 8105
1639 6616
2843 4784
5714 6105
8422 8898
2213 8550
2430 6409
5454 5517
957 8695
235 8179
2991 3811
2283 3416
1889 6689
2110 8869
918 997
1361 8989
243 3252
5255 6667
3522 9469
1031 8633
1226 7094
998 1030
2934 8988
5995 6646
2087 5221
1205 7921
5106 6056
2952 8160
1652 6180
2299 2695
7149 9863
461 9800
6101 8981
8978 9901
5763 8616
2131 8843
3863 9887
1433 6125
1828 5227
3369 7204
4972 5929
4368 4764
887 5509
8064 8151
2492 6455
6633 7564
1338 3752
4415 9637
7300 9553
5310 5562
6918 8693
6250 6531
1921 4299
815 3442
3311 5970
2415 9330
2997 9463
5895 7519
1819 8570
3086 5726
5238 5333
2853 8831
6506 9737
90 4282
9 8271
2729 7939
5908 7883
1138 3023
3083 9351
1095 6919
1005 7295
435 1587
6950 9431
240 5342
1186 1436
1128 8091
3598 3814
2080 5976
7544 9471
3032 6105
3413 9154
4435 7026
3847 6576
8054 9447
2615 5848
1076 1946
2190 7615
2694 5890
5985 9783
1660 3020
6816 7905
857 4723
1616 2885
1223 1406
2215 7722
1395 7015
1296 9346
900 6042
2343 4784
7922 8737
3992 5855
4238 6169
8150 9665
5635 9654
7486 8617
6544 7774
702 6971
1827 7873
3058 9109
2966 3314
7988 9467
3581 9413
6779 9916
4534 9125
2740 4550
1287 1488
337 6044
3340 9942
747 4529
1926 6036
4745 9777
6154 9448
2866 5531
3366 5572
5121 6330
174 8204
4584 9375
7371 8036
6796 7334
9029 9560
5932 9152
1340 4297
851 6202
1024 9603
1050 7472
4410 5801
2318 2847
5886 9367
2263 8012
4540 6517
1254 8499
5100 7410
2354 9310
9136 9569
2514 6096
550 4698
4220 8186
2495 4653
3080 6688
1219 2858
8639 9919
1340 5938
1993 6472
1060 1193
1842 5756
1638 7700
1302 9883
4230 9981
2378 2723
5583 5869
989 9702
8598 8703
4685 5155
5476 5987
8201 8235
2636 9329
322 982
2941 8447
4356 9205
4307 6369
4521 6071
7356 8783
1814 8622
4966 7470
1257 6770
6179 8776
1148 5124
2107 3055
225 429
4459 4922
34 9144
2355 4950
2512 7424
631 9496
2109 9038
1800 9042
4816 9258
3837 6346
4677 7554
1399 7910
6656 8539
3078 6648
1188 8637
549 1815
7858 9921
612 5433
147 6307
3307 3955
2144 4903
30 6903
5899 9812
2823 8164
899 3488
2096 3598
1650 10000
6123 8137
798 1584
3100 4732
4874 9475
32 9727
67 6575
5901 8523
7790 7927
1041 9359
5332 5774
6376 9277
5444 8918
3315 6886
1246 8245
3041 7620
8269 8643
4819 5802
13 5017
5890 6012
3000 7035
1167 5954
1688 4969
3234 8846
160 9454
2651 7512
3877 4552
2667 4514
7450 9201
2370 7190
3740 3943
6577 8430
2010 4581
4925 6511
2912 3797
1400 6275
7547 8860
1141 1871
2443 5621
2964 9035
1518 2558
5191 9961
3832 9279
3481 3637
749 3155
7741 9923
288 1385
804 4899
4692 7280
533 2840
2638 9011
4855 9999
678 6634
1262 2692
3075 7998
4986 7706
8527 9295
4837 5493
1406 8840
75 4909
5687 6386
8382 8525
7296 9539
281 6737
4769 7055
3972 4251
2807 7748
4234 7877
1086 6471
5209 7303
223 3246
805 4827
282 6501
1622 6083
3264 7794
6891 9037
2558 6076
6959 9552
1234 5184
4984 6659
2919 3659
4392 4601
3480 8787
7354 8374
6484 6597
3548 8796
1732 8799
289 8735
8225 9406
2801 7856
144 403
7703 9545
1365 7481
758 6548
6049 8654
4412 8191
681 3768
743 7139
2307 6462
265 7626
1510 7700
6521 8895
7124 8155
4050 4776
5599 6921
1391 6821
1427 4831
562 823
1551 6415
991 3929
4446 9185
5913 9165
94 8479
434 7428
9191 9200
3116 3372
2029 9878
4592 8880
3426 4536
7195 7609
9173 9175
4638 6666
2103 7376
396 4542
1251 8649
4797 7470
379 2836
2279 4153
6273 6942
72 9000
2344 5904
4643 9442
6052 9871
3422 8672
50 2920
1351 7606
2007 7975
7839 8539
2299 3213
1488 7881
913 1773
2459 7935
3359 9758
2056 4398
230 5331
2488 6344
4972 5948
1852 3866
7368 8040
3345 7038
4411 5610
4555 7433
5178 7263
736 6144
2671 6752
1479 7288
3067 7054
1427 6270
2523 8762
6762 7901
2132 4078
3820 3933
722 3068
2122 6019
192 3646
1862 5174
5983 9497
5218 6504
3530 4686
1849 9295
1838 3706
8875 9214
5090 5113
3593 4756
1019 5290
4523 5745
1191 4018
1865 6473
3650 6330
2882 3734
3376 4963
2453 6476
127 7379
3269 5183
4410 6551
3732 4038
9059 9476
926 5309
4081 4338
6199 6220
993 6128
2495 3617
655 6772
8186 8826
5160 6876
733 5689
8447 8972
2144 6603
958 2652
4343 5896
5408 6715
5348 7704
662 4015
3718 3976
1011 5731
4977 7887
547 8022
1869 7588
913 5338
5065 7241
3490 5817
2717 8553
2570 8476
1048 9078
2086 8290
6994 9631
3603 7252
1331 7001
4500 7209
1867 8820
2541 8644
3347 6034
3368 6315
4559 5144
4909 9766
316 5778
7027 7311
649 1708
7086 9802
4995 8983
3149 8098
2609 4167
437 7143
4176 5806
7314 7951
657 2357
237 6406
5445 8130
1838 3899
5584 8202
1943 7713
5084 8289
1789 7121
310 4958
1821 4330
632 4970
5062 5935
7006 9582
6474 9195
1573 7472
4412 6726
3175 5433
1210 7642
9114 9714
2028 8911
2928 4286
915 1418
4881 8819
1986 5486
8797 9494
5667 6980
883 9462
7890 8569
345 7225
1736 8890
1164 8251
1678 6957
58 1544
2506 4383
4088 8750
3742 3891
771 8428
2562 4751
251 2659
1573 9289
4237 4883
6821 7310
1129 7980
3316 7940
1382 7242
6649 9648
2936 9994
716 5279
1159 6605
3314 8828
4627 9428
166 8345
2019 2556
3786 7720
342 6153
4934 7353
413 5313
797 4174
6190 7802
315 9464
4369 4828
4589 7904
3362 7552
4192 7584
548 4379
2475 6791
1350 3425
2295 5660
682 5486
5836 9488
8385 9938
7150 8560
4632 8420
7043 9015
833 5208
2718 4441
6696 9299
1776 9318
4915 7443
8541 8631
2835 4390
3214 4706
5752 6420
7130 7755
4279 5107
1001 1070
577 2875
4705 7705
9816 9965
91 5409
8972 9161
1017 9425
7925 9499
6924 9948
1940 9311
7449 9793
4722 8312
3267 8197
1553 8967
8641 8807
3375 8620
1548 5897
1222 3239
2227 6702
1494 3999
1026 9280
1036 4928
1342 7889
7976 9564
2822 9609
4624 6898
1281 5436
4575 6355
2161 3692
772 5188
7520 8073
3164 5603
3542 5209
3803 4585
2196 2716
4366 9113
1504 5196
1751 2331
38 1207
1836 5423
2682 5392
2204 8183
385 9328
3374 3721
6981 8908
674 1178
5456 7595
3385 7103
3509 9854
2053 9778
2112 6907
3204 3801
2365 8174
125 2924
168 8231
2819 5580
6662 6803
3267 4474
5975 8820
312 7395
1930 5237
1595 7345
2630 2957
4232 5054
4613 7356
5376 8827
799 4964
2981 9096
1961 9822
2886 8280
990 6834
863 8778
779 9872
673 5318
1518 7777
4325 6446
2670 8053
3546 5188
1879 6750
272 1874
638 8139
1197 5102
640 4094
1987 8760
2387 2521
813 3145
3433 4650
4478 7371
1119 2759
864 4761
2291 4647
2916 5732
2575 3683
3483 8465
1434 7793
3230 8761
567 6125
8324 9675
1856 4100
7214 9970
117 8830
2677 2937
4587 9736
4233 7801
1768 8173
1492 9003
829 6970
1112 5694
133 2151
3497 3524
2884 4879
4420 6612
1762 6899
967 4460
4082 8058
1096 6333
2872 6954
7638 7655
3121 3582
23 7435
263 8304
7683 8402
6245 9057
2600 8295
204 2359
3797 9673
3014 9594
4948 8684
1669 5373
5786 6158
4729 8669
8170 8515
6173 9296
6564 9514
590 9749
3506 4950
7083 7453
783 5049
6000 9482
2438 3558
6722 8358
49 1375
962 2682
5723 7259
910 8709
4364 5927
7798 8282
1457 8946
2061 9140
6209 8487
2289 3580
1339 1644
940 1780
3111 8924
2645 7937
5040 7459
377 6889
2953 5175
6345 6568
2765 3006
1432 2180
1779 8394
4025 9407
1011 5519
1013 8689
6065 9396
6404 9913
2542 9586
4469 4483
6383 7710
4266 7293
578 8141
3989 6481
1720 8004
2595 9782
3163 3576
1282 7766
4813 8888
1631 3092
1693 5727
590 2035
5303 5679
1602 2012
453 4553
1206 5158
4996 5736
1651 9286
1007 5515
8893 9843
1235 2726
5827 8469
4358 8751
4453 8021
1259 6460
2063 5311
6744 9776
739 1338
5083 6753
1107 3427
8359 8501
9066 9815
1734 3307
1366 2724
868 2897
3251 3627
5372 6578
3369 3675
2706 7225
798 8115
2829 8711
5444 6124
2460 8922
266 7542
53 8818
4663 5612
4464 8211
2930 9428
2256 7194
1224 7808
5050 7964
4756 5934
1394 9816
942 6368
892 9922
442 2204
1074 9461
6018 9974
7505 8950
6610 8534
7975 9408
876 9213
2040 6048
3669 6321
7340 9109
159 6891
4449 5946
4214 6793
233 2236
2383 5680
2539 7904
4469 8756
5232 7581
992 9615
8903 9917
2632 9709
1548 5857
2230 7531
4374 9504
45 6410
2274 5183
7732 8342
125 4229
5178 8636
2443 9424
2763 8153
4135 4941
6806 8719
9042 9251
732 5771
4860 7940
2235 3992
8322 9340
363 2382
5588 9259
148 4585
28 3697
2245 6487
4734 7110
490 5474
454 9079
6160 6607
1217 4985
1286 7763
3221 6885
8283 9648
1086 2546
1089 7674
2748 6580
1252 8421
4029 9528
3057 7846
1023 7327
220 7378
4159 8816
3300 4244
1502 8481
6526 9028
541 2982
4523 9142
776 2978
4147 9604
6007 9216
2066 6285
2732 4021
7155 7838
1370 8440
840 1512
2169 7483
2060 8392
6121 6449
3089 6928
1672 7350
1949 2411
5421 8836
2321 8929
9224 9947
593 1246
3126 7947
8874 9192
5230 5977
175 2755
6386 7100
1531 8425
4217 4615
3290 8711
157 9675
2011 5921
1990 4727
1155 2505
2674 9941
2333 8268
2923 8809
3165 9398
1633 2465
698 7094
2374 5227
1816 5455
7768 9183
2120 8900
968 6810
4275 7400
139 7182
4292 9379
754 2406
9124 9579
4833 5903
1315 3758
2496 8388
3968 7317
1276 6713
5665 7977
4330 5737
4869 5635
5 7191
4866 8545
1584 9899
3138 9915
615 1301
3753 4598
2785 8886
8927 9363
2487 7582
824 7902
1581 9001
1111 6786
986 9823
2933 4018
2480 7723
579 7406
5144 7974
895 6843
3946 4649
2580 8932
4012 6066
1333 2189
3746 7515
5884 7109
347 9524
2983 4667
4113 8152
941 9322
1039 7742
191 9494
3854 9710
3496 7631
3471 7665
4262 6134
3248 8979
359 1455
753 5216
4295 6660
1149 1582
7640 9694
5001 8346
6745 9330
2803 5172
533 6952
7365 8007
5407 9451
610 6169
4509 6920
1767 5743
1170 1811
1887 9714
820 4304
698 2075
681 3173
6408 8930
862 8372
4553 7279
2190 5533
355 3188
2089 7626
1038 5836
147 4767
2543 8311
356 8013
6584 7490
2265 5554
959 5470
3295 4881
1778 8466
1803 6387
3821 6562
1060 8712
4064 6270
4916 9875
7782 9480
5202 5853
5886 6438
5700 6090
3225 4285
259 6792
922 7580
1627 1654
9285 9895
8333 8738
8203 8508
456 6628
1618 4559
135 6444
2800 9635
1547 5368
6660 8696
6518 8921
6359 9866
1227 1439
1835 4755
3084 6825
5214 9310
45 2093
2179 7555
1117 2787
7099 9644
3313 7153
2889 9253
3759 6136
5782 8211
3276 8678
4376 8622
597 4106
210 9946
5814 6758
1770 9239
153 1447
2961 8250
61 7069
1632 5749
3224 3464
1902 6234
4683 8633
407 8113
1203 3652
2236 5548
790 3409
4565 8162
7032 9688
4427 9284
5765 9417
2339 5366
5402 7173
7254 9272
7418 9716
5267 5287
337 5025
1046 1150
502 2288
3421 7497
2563 4546
4294 8155
87 9029
1971 3922
4445 9906
1903 2184
6132 9683
850 8020
4566 9455
3171 5016
7928 7970
1733 4798
560 3991
7724 8874
6690 6802
5647 7585
855 2338
5240 5520
516 592
5314 8231
1482 9659
884 8624
5710 7876
587 7504
3843 5537
1323 7307
5927 9293
3692 4048
1400 1696
4017 6251
280 8387
1300 5671
1719 7170
556 5378
3463 4028
4778 5541
4051 8518
2982 6774
4118 8401
1020 4532
931 5513
2043 4656
305 6170
954 7890
5091 9747
7989 9175
6768 8890
5867 7510
4351 4363
1368 6772
2078 2311
565 2783
5338 7119
4451 5099
3286 6722
2297 4478
3722 8051
2328 5300
2899 8383
9791 9801
1701 4060
5551 5936
7079 7183
5110 5521
1955 2914
1468 2272
184 9021
5058 7879
6013 9072
4516 5587
19 6793
9080 9163
1473 6621
2954 3856
7009 9658
2357 3371
2987 9538
1540 3174
7958 9607
654 3164
4620 9350
1530 4707
2252 5909
7329 9754
3888 6155
3429 5656
5489 6584
451 8344
2117 3978
4705 9368
7697 9342
5629 7397
4781 6069
1679 4671
7473 7724
2680 3607
47 3786
3695 8215
1212 6642
2683 9179
3644 9457
2501 3830
2681 8680
6875 7546
1078 1284
3450 6702
538 9543
2381 2941
1332 9912
64 364
309 3861
1431 2664
3543 7374
3185 8907
6365 8269
3039 5434
2876 6956
7643 9155
88 875
6619 9064
4808 8586
756 9121
4515 8057
912 6489
371 8804
5355 7278
4437 9939
309 3139
960 4633
154 1580
1180 1741
464 5487
6173 6901
3139 3614
4663 8764
368 6040
343 1299
3658 9491
5493 6017
4582 7494
1859 8095
4258 6817
613 7487
289 9380
4504 6035
4132 7248
2922 4345
3824 5061
6058 6300
1801 3285
4560 8987
7211 7407
5841 8114
6151 7329
1873 5175
3142 7777
3479 6534
1957 8548
5319 5431
4999 6243
3519 9883
2837 8237
1408 7618
8140 9422
6262 8592
3418 9906
636 9573
1003 4003
6086 9369
1713 2348
7122 7538
2217 8062
1998 4976
3679 4821
1247 3256
848 9234
2353 7343
1545 4595
4269 6878
2930 4289
6258 9657
3274 7556
2262 6186
190 9861
1087 7972
4365 6614
4658 5334
6201 9370
3684 4694
4177 4368
1722 1732
5804 7008
900 9805
3555 8549
8133 9662
164 4400
3633 6678
7624 8167
1113 7831
1430 5846
1901 3555
4463 9165
1788 9166
3238 9975
1967 5851
3500 9867
615 4710
8891 9650
473 5683
322 4287
2949 9886
963 9770
1203 3086
5419 7875
3919 7331
2525 2601
730 5748
1165 3626
981 9111
1787 2993
637 2157
2827 3028
5095 8791
7561 9667
4482 6426
6541 9807
2338 8477
2323 9362
6081 6494
2614 2888
2123 5156
1240 2921
6380 7911
7896 9039
6021 9980
2 2158
2901 3378
2281 8611
2880 9350
5576 7698
318 1179
2252 7539
5143 5877
92 5460
3446 6374
6964 7860
6383 8011
1289 7600
4125 8158
5036 5078
5843 6251
3665 5099
8025 8580
7580 7909
2271 6840
1213 4024
9760 9803
2587 5380
2371 5494
748 5098
6899 8083
3501 9496
2699 4317
6344 6608
4498 7989
472 2832
2625 6246
1703 9907
5585 8970
4376 8206
2390 5916
1653 4744
8665 8775
1556 8658
803 3306
934 5592
915 1351
557 9533
539 3257
3165 3226
1092 2251
1677 7067
6487 7403
4824 6941
3303 3356
2610 9566
374 4748
1423 4934
6416 8706
8317 9263
1743 7836
2300 3295
806 6753
9326 9695
4127 8720
3921 5449
5284 5937
64 9072
5432 8834
815 6893
7185 7740
1886 3657
708 8986
4337 5504
3981 5186
7660 9928
4053 5911
7147 8254
5285 6800
3607 9097
2806 4537
4586 7925
2633 3834
5424 5484
187 3619
1097 5266
2417 6432
2186 3612
292 2311
2884 5260
4889 7554
2632 3503
4873 9554
2978 7205
2959 4994
5795 7895
7394 9196
6389 7369
1196 1290
901 3441
1045 9204
1867 3239
917 8361
5905 7005
2691 2992
652 7862
2854 7973
7992 8532
3577 9417
2442 6923
6872 8163
227 8298
136 5190
2054 2626
1293 8390
2345 2680
1085 2989
3779 3858
5307 7884
410 5477
1228 4727
5168 7800
5580 7537
4924 7420
3241 5961
791 1478
8308 9135
3073 3363
2735 5563
701 6604
6795 7426
29 6255
2472 5443
863 4911
4568 7781
565 1389
778 3187
3828 7832
3461 8909
3490 3528
354 5387
5069 9263
440 5559
6335 8452
1596 7856
9468 9823
1449 9360
1725 8233
2044 2502
3413 8818
903 3352
9525 9635
1381 2491
6883 8219
2729 7276
8106 9299
4853 8554
11 6381
932 6851
1749 5297
46 2177
6600 8116
1707 5679
2030 3563
4567 7832
5814 7786
8699 9059
6721 9432
660 6501
1837 1941
1176 6171
2925 3021
3927 5189
4352 8802
735 6778
3360 7164
1483 3448
277 5991
186 9820
7375 7857
4875 7757
1608 7245
3160 4853
2413 8629
8705 9206
8552 9181
3974 6497
4436 4912
331 1150
889 1040
6724 9711
2149 7627
5045 8944
5382 9032
5860 6523
6215 7431
3894 9180
2346 4536
2006 9701
4780 7669
946 7824
4674 6378
2285 4614
2921 8018
4654 8634
1754 3660
2400 7262
4288 9731
278 3333
3135 3245
8209 8304
7421 7903
1744 2907
3402 9706
3255 7210
3297 7003
4206 6935
2155 6647
7416 8576
2325 9446
4823 9246
4840 4946
3915 8243
3987 5367
6450 9804
3405 5702
6187 7141
825 1489
4887 5698
1311 7181
530 8392
582 3477
7697 9959
3334 8753
1802 4929
2569 9405
3816 4457
5198 7933
1910 2175
4185 6239
2537 9713
2439 3263
5245 7427
4077 8103
2036 2969
1683 8132
7655 9476
3573 8659
116 2881
1142 8172
664 2179
1273 5942
3860 9039
3860 6579
7287 9074
5063 9926
903 9477
1097 3485
559 2383
923 3075
4601 4824
2683 5922
2526 8547
6280 8314
4975 7454
3243 3281
5049 8365
4227 6428
6364 8068
3529 9291
515 8673
9027 9759
3831 5512
6892 7680
3459 7023
699 8031
4176 8615
3357 8960
4030 4375
4563 5726
4431 10000
5269 9987
178 4115
3873 4600
2719 8002
2181 9588
3820 5820
3069 9256
4154 6360
873 1633
6181 8122
6960 7687
965 3132
3621 6483
2873 5867
1726 5079
8261 8809
6423 8453
2286 2396
8589 9191
3656 7823
4219 8292
16 7114
1044 6756
3440 6992
2872 9719
3337 5610
879 5550
767 5280
5729 9239
393 7309
3099 4413
1197 6735
6955 9561
8559 8977
2825 5808
4731 5089
4874 5623
5217 6119
6121 6916
4356 6983
1932 9106
6117 7892
268 3387
3419 9076
3716 5848
4235 6931
5638 8519
5180 8883
4141 5160
3415 3939
7507 7893
2416 7828
3622 5912
8213 9342
3995 7002
8557 9367
4121 4510
5407 8166
4914 7453
2792 6779
2661 9619
2354 5861
1735 8187
1565 9509
7039 7786
4846 7461
1463 3981
57 2326
2464 4693
3262 6403
2155 8562
1029 3580
8697 9754
693 4196
134 2395
4425 7714
2384 7128
637 7494
731 9853
1266 2232
369 3628
1630 8193
1888 4284
3813 5509
854 3210
1612 9659
2853 7972
5940 8814
285 1080
3845 4147
7764 9329
387 596
1970 9057
1914 6773
3727 6089
1376 6796
1616 2794
1814 2185
842 6670
1925 5002
663 9137
7127 8272
1496 3051
7484 7762
4118 9005
1083 5850
2273 9529
1030 6225
7851 9839
6158 7213
6256 9959
1713 8640
633 7663
749 2845
2068 9542
478 9929
5340 5410
3924 7372
4984 6683
687 7322
1708 7247
4202 5022
5165 5563
5225 8708
7022 7241
1577 7031
325 5975
828 6237
3417 3864
2828 7794
1791 3154
2780 9775
658 5129
5494 5536
3106 3244
743 3712
4348 9382
8676 8905
1794 4522
5841 7969
7010 7160
6508 7509
695 2391
5604 9610
3784 6528
1966 9873
497 9953
3425 8577
7409 9731
621 3798
3472 4838
3841 4605
1715 9687
3457 7646
766 8168
3610 5054
721 8223
1591 9474
3098 8317
5812 8870
532 3599
4930 7984
2707 5647
716 1237
51 8055
319 1106
5993 9075
5542 8417
4675 5566
1100 6718
4427 8033
4136 8390
1313 5163
2287 5915
4184 8416
935 8380
2517 9935
6289 9726
3441 5616
2975 7643
3554 7574
6067 8599
4578 9881
93 7275
4425 7572
586 1658
4351 9060
2620 5116
2607 5885
4009 4599
6829 8815
3059 8241
7530 9391
255 7375
6615 8024
293 6586
1591 7657
5471 5728
3753 6842
875 2844
3846 7278
344 1718
4386 8638
6919 7088
6830 7010
601 3069
3253 5457
110 4512
6168 8329
2733 9751
2942 4989
5014 7471
5977 8464
131 2533
2586 9526
2798 9766
2008 5571
201 1578
8339 9732
1946 4349
5910 6453
1497 3152
1402 4809
592 6838
6674 7537
2065 9103
3586 7596
3688 4440
2601 6589
5104 9270
4551 5503
2771 4923
5915 7239
741 6135
6647 9860
3575 8412
936 3583
1963 3084
2489 9390
924 5000
4971 9448
8720 8876
7531 9523
748 4534
672 9312
3280 4574
1843 9108
713 8547
2182 7159
4129 6303
2471 7634
2777 5988
2452 6601
1868 2012
6321 8389
6993 8739
3628 9378
2328 5056
1044 6865
6804 9292
153 2704
8287 9668
789 9500
2436 7210
2559 6159
597 2548
527 5844
603 2663
6525 7233
2474 4234
5296 7522
4390 5109
376 3634
4855 6650
5410 6454
4039 9898
3335 5974
647 4611
1806 8087
2188 7622
2815 2949
616 6436
4991 9195
1874 3004
1979 5805
1036 7387
3988 6430
5089 7747
1194 2876
1850 4965
3180 8573
6217 9775
1445 2065
1469 7343
8250 9864
3543 4260
1846 7953
1872 8264
953 3941
1521 4123
5025 9888
971 8087
4282 6107
1189 1279
5678 7648
7387 9584
795 7596
396 7003
1216 4925
4952 6671
941 6045
2268 5734
3024 5452
1369 6680
1131 6669
3007 5531
4652 5081
5003 9690
3709 8139
248 1059
1358 7087
628 7529
655 8408
589 2335
4117 9207
7386 8310
4746 6001
3874 8879
1429 9640
1264 3085
506 8858
5118 8074
5335 6369
6606 8722
2257 6082
5101 5725
1526 1783
5816 8424
6958 9315
8277 8698
4274 7328
2818 5214
1277 4660
9011 9316
3914 4468
1367 9555
6464 7980
2439 5052
463 5803
359 5811
5165 9873
3574 8596
2216 8563
7795 9281
2585 2947
4941 8753
2970 6881
1717 5598
6040 8772
2422 3998
4839 7454
428 4785
5327 6801
3896 5352
9519 9840
1983 9340
2309 5807
3883 9440
4629 7942
3364 3438
1089 3623
1298 4001
8844 9116
3608 4215
4101 4198
3012 7395
3985 5422
2651 5793
1952 8787
3564 7691
9451 9777
2719 9962
5888 8952
785 3055
66 1120
7745 9146
2795 2980
5849 6571
1259 2386
486 4688
1679 2983
1354 3712
3769 3904
6241 7061
3008 5038
1507 3917
2547 4283
7828 8746
4102 4939
2630 3476
2545 3238
827 2473
4 4660
2781 4644
4021 5094
4172 5106
1353 3469
659 9492
454 8511
2901 4144
5383 6248
3771 5473
1766 5957
546 9457
1574 2722
459 2986
2321 9658
4157 5012
3066 4748
5822 8343
6823 7733
2067 8248
9925 9968
78 8114
735 1623
1377 6695
7934 8854
1195 6167
1375 5326
3195 7271
3799 3827
1208 6148
1233 4341
6489 8178
9897 9946
390 9501
499 4216
5738 9034
6991 8248
4079 8774
2129 8953
3252 4655
1192 8965
4076 5384
4204 6841
2738 3019
1898 2149
5447 6077
3704 6007
3081 9387
7337 8876
3615 5018
2817 7427
292 7545
4243 6394
3724 8658
79 6711
3057 5103
2162 4598
4345 7443
6411 6913
2859 3594
2640 2720
163 9610
388 3650
7535 7616
7426 7577
1501 4183
1211 8439
4511 8707
5421 9536
189 7902
9051 9571
3193 5999
1463 6731
6916 9218
4210 5179
8008 9847
8533 9339
2905 3124
5617 6850
2708 2915
3547 6032
4387 4842
1151 2135
6115 6466
2755 8142
762 1284
1824 8042
449 7450
1055 3973
676 1841
3987 8621
925 2150
2255 3420
4126 6391
3343 4617
5365 5824
760 2535
106 1682
4641 5488
4771 6079
5224 6763
2519 5682
2837 5897
1552 5762
4665 8455
6441 7132
6856 9215
172 5506
4472 5220
185 3621
3379 5969
5060 6598
781 5071
5505 8674
3922 9708
6372 8923
9007 9565
2785 7974
1066 6091
5794 9844
573 8102
4257 4779
2420 3088
1057 1229
7125 9122
466 9691
1640 9266
2746 5827
7429 9987
4162 9958
8009 8852
3298 5837
5581 7517
2966 4890
1324 7252
8675 9089
2787 6188
6638 8980
188 6725
3463 6165
7170 9086
8681 8984
3127 5007
2322 3493
1379 4704
1749 5652
69 8716
3278 5657
697 2518
3754 6260
2210 4570
4418 9319
3931 8594
3680 8598
1082 5047
7077 8531
2294 9918
752 7490
2183 5446
1010 5951
6080 8625
2022 7476
2749 9693
5761 7661
5020 7194
2597 2805
4044 4243
1625 8111
433 4013
2678 4736
4573 5115
290 5030
601 7358
939 1915
9922 9989
4781 9586
7347 9943
5174 5223
5716 8568
197 2624
989 5370
606 1271
1958 5864
6239 8419
1873 8128
4339 7718
2250 5924
4052 6348
2166 9030
2269 7257
2862 5766
1820 6776
6062 6992
6492 9858
68 2536
6493 9862
4479 9700
3082 6566
5628 7821
566 4808
244 8569
3250 8595
7967 9755
5095 7852
2807 4612
3171 6485
6388 7620
629 9412
1742 7318
7358 9232
3445 5077
3774 4364
657 3944
3430 6713
7271 7813
3912 4858
4194 9009
3002 3278
7135 7200
2611 2912
552 9244
6639 8389
8554 9910
4940 5719
1519 3659
6232 8682
8757 9470
2286 5504
2924 9734
1236 6768
8502 9607
4506 7324
4358 7597
944 7796
2290 6546
2896 8765
52 3416
501 5208
1053 8512
103 4338
7857 9575
3968 7709
5038 5248
5415 9473
8689 9054
4319 7862
3642 7384
868 3893
1805 8906
766 6267
3417 4199
7432 9161
2132 4908
3872 4224
4434 6227
1424 3703
3268 8712
122 9655
3815 4014
5722 8045
1221 2159
7991 9355
1465 6208
5244 8081
9321 9338
8847 9067
2915 4159
5707 6731
5394 5514
2554 6346
2063 4616
2708 9357
5027 7619
3132 3763
270 2211
2730 8726
4605 6704
139 1181
4402 6526
940 6428
286 3135
1757 6837
3952 9386
2720 9162
5575 6030
2428 5187
523 2678
928 8811
8736 9708
1817 2461
890 3675
1948 6869
1853 5312
3325 3534
1418 5527
3554 6039
2968 8752
2841 7800
4409 6686
898 1101
2534 5039
1756 7186
156 4073
426 8253
2479 8075
5763 6631
1354 7773
1834 6299
3400 7261
3013 9193
4731 4913
302 3976
8000 8197
3759 6914
3115 5965
3439 7865
4676 8266
1589 8961
2790 5960
2490 7083
560 1960
1919 3344
6674 9685
3560 9338
7401 8016
1442 2771
2015 9440
4245 7113
6602 7523
6073 8626
1180 5058
1475 9880
2191 2756
1698 4032
3784 9919
1798 1982
952 8500
6987 9221
5651 8590
20 9048
9147 9540
436 9196
1500 4087
5772 8546
2964 7207
1392 1980
6623 6889
1390 2431
9503 9891
5569 7801
6081 8613
5092 7404
2628 6839
488 5048
857 942
4019 8516
5143 5979
7425 9710
1544 3353
4195 8654
1347 6966
5130 5700
951 1650
3453 9209
2275 8916
1762 6440
835 6378
6797 8832
4024 4205
4283 8703
2754 5990
2048 8828
2319 9305
3608 5575
2754 3103
535 3702
7336 8270
2275 4735
4737 5711
3834 6256
3018 4504
2059 3341
774 6780
1477 7592
1783 4552
1437 2458
5008 8748
718 3311
7788 9053
6792 9892
329 2069
2527 3578
510 2088
616 1204
3277 9250
112 7872
1574 3707
5408 8823
3219 5611
2686 9645
595 3993
48 4750
8472 8509
2257 3478
3479 8698
3331 4561
2116 7755
2830 7815
4920 7486
1603 3303
4568 5365
5164 5587
909 4868
4859 8263
4983 5616
2271 7520
3997 8307
3097 4699
724 1437
4754 6139
7320 9092
6392 8540
2229 5159
1306 6466
2020 2390
4935 9909
3177 7804
102 8998
7594 9583
6780 7107
6854 7882
8221 8278
6292 6437
6265 9984
2431 7277
2282 5403
653 2878
1299 5988
1958 5215
4555 8615
5409 7630
4681 5898
3289 5522
1696 4328
6444 6864
7213 9221
2685 7174
3382 4963
8082 8299
4936 7030
5758 8474
398 9416
267 2050
522 1731
3445 6238
4111 4389
5157 6118
2023 3346
7675 9788
7935 9506
4170 7689
6269 6353
944 9593
975 6626
2441 3412
5791 8640
5273 5716
6736 8805
5632 9934
1402 9240
672 7913
8329 9222
145 6995
1355 6482
831 2975
8707 9434
4590 9518
1130 6961
6439 9625
2734 6903
2579 3707
4930 5131
3584 7391
1776 6424
6316 6354
3380 4714
6490 8433
1728 6170
4322 8091
130 8298
4548 7632
4378 5283
6783 6902
4753 8934
4768 5705
3570 8378
2887 9657
8311 9517
6708 9724
212 9837
1121 5008
1403 8925
3197 3294
5315 6993
9257 9474
401 3671
3323 5608
315 5033
3313 6991
4366 9720
1549 5524
4019 5502
3346 6757
4393 8616
2350 9506
1054 4642
3909 4128
4253 6811
4132 8003
2108 4145
2312 4774
4821 7846
6932 7286
3430 8067
2977 9320
3079 9435
3925 6008
205 4647
4872 6189
7496 8119
1310 5479
1013 6943
8086 8930
4267 6813
563 6008
1066 3979
5129 6267
624 6597
4200 9159
3300 7879
284 1091
342 1928
3484 9684
3673 8884
852 2920
1920 3991
4673 7301
2688 3572
414 1012
5419 6738
5132 5774
120 6051
6975 9268
1537 4501
987 6224
8072 8503
7722 9637
1919 6046
1560 1670
8844 9544
6224 9137
8350 9557
5416 7260
6612 6867
1764 4953
5981 7916
1551 3344
3211 4131
1156 7916
1935 7477
4739 7823
2022 5146
6721 7276
2280 5067
467 3911
7532 7961
242 5339
7354 8238
3755 6719
4730 5046
973 5874
8165 8898
2784 4486
3247 6787
4091 9101
8175 9405
2773 5642
5943 9309
6536 9107
4572 7984
6735 9890
3990 7998
8626 9794
2137 8553
4237 8770
360 4252
4745 9718
2510 5169
6200 6514
363 6988
2497 7224
7050 8723
9397 9728
3015 6177
8491 9024
2561 4061
4893 8335
5415 8754
8748 9811
1102 6868
6015 9300
2207 9120
6996 9628
105 338
3223 9596
2855 8841
5059 6395
1059 1907
3183 6062
1526 9707
5337 7159
2043 3489
7611 8396
3538 4878
6714 7011
5401 6027
5271 8434
2462 9870
1049 1637
4096 9696
1487 4239
6815 9888
1355 1960
4300 7911
422 4416
6614 7045
7047 8701
1597 8450
1499 2471
1146 4580
485 3031
173 7394
6475 8283
6217 8884
2456 2713
3462 5138
3647 8852
2910 9203
308 6673
5668 9210
3861 7577
3200 7920
311 1575
3273 8663
1244 5073
4916 7906
1312 6794
6746 7885
7136 7744
5755 7071
5769 9847
1143 2848
3770 6480
1468 6858
6059 7886
3523 6306
826 7898
5382 5508
384 6133
906 1914
559 3431
5014 5064
2811 6610
5470 6038
2101 2653
7301 7408
576 5690
369 7866
948 8725
3467 5879
2749 4085
1529 8929
4971 4989
1536 2281
4207 7750
3053 8557
3035 6756
2376 3802
902 3549
2838 5932
1303 5048
945 8357
894 3701
3800 9972
656 794
2909 3921
3774 7297
1362 4195
4677 8865
1730 7397
1765 9126
3367 6149
2427 2551
5862 8051
7344 9213
4926 6009
1352 2507
729 3365
6917 9986
3920 4178
528 6322
8806 8902
3504 7157
3101 6411
9819 9956
2011 2836
1896 8300
44 328
3645 8398
531 5182
1344 4148
626 7738
4051 9285
300 1452
3481 7785
1680 9036
4775 5519
1539 7567
1602 1964
6349 7816
187 703
504 2515
2337 3182
3118 6766
5646 5822
4489 5917
2467 9750
558 2557
2165 4370
5717 8495
6094 6357
933 1352
4218 7162
3065 6355
1324 8746
2437 5622
2831 9149
2222 8405
276 7905
4951 5731
2538 8948
2127 2917
5161 7361
165 9105
1256 9698
3939 7399
1764 4249
581 5706
1467 8077
7273 7479
822 2113
634 4271
893 3292
7249 8190
1398 1849
651 7675
7219 9369
1659 6515
551 8789
1155 9896
1898 8801
4577 7523
1550 8099
1858 9300
1384 7193
1397 5145
8065 8887
2103 9641
3348 4432
2585 8803
1808 5684
167 1582
5294 7095
7650 8523
4035 7060
2639 3926
1735 2214
4261 9995
685 985
5878 9964
1304 2037
1575 4045
6047 6882
1795 3950
171 1336
1294 7970
6538 9960
5842 8793
8037 8172
295 6829
3878 6694
594 9556
2160 9930
1642 6668
340 7123
1934 6956
4902 8404
2258 5923
161 4042
6395 8499
1991 7968
5606 8666
873 3168
3595 8446
7120 9519
5294 9851
839 6282
1292 2642
508 1461
2483 6733
3393 5666
3502 9085
6350 8239
5252 6167
2532 4652
7869 9753
404 9973
1377 6294
3306 4873
502 5734
5330 9159
6299 7560
119 5924
819 9051
1506 3384
2961 8575
6685 8964
240 3571
861 2745
6788 7442
1461 2572
1111 1535
1727 9493
6011 8749
2158 7587
929 1368
3027 5816
4348 8108
5007 9073
5574 6271
2434 7033
2851 8903
279 4174
6120 7514
4208 9843
1388 1485
7129 7589
4692 5264
3892 5299
3649 6470
3229 4668
1024 6502
914 2254
674 2668
298 8347
6539 7750
7688 8779
3915 4858
450 4394
1105 2429
1458 4259
3116 3492
37 9488
5492 9225
2902 7377
8145 8274
923 3460
216 6133
6253 9345
8116 8515
6774 8454
3128 7790
2700 5813
2301 5642
5825 8030
6485 9767
456 2079
89 1494
7482 9555
2537 6319
1928 4160
4104 4651
4268 7281
3533 6847
4737 5800
1736 2931
2140 9074
4004 9611
1823 6266
2227 9748
4918 5765
6522 9713
5557 9744
3902 6359
3724 9841
5332 9453
4611 5994
642 8570
3096 7815
1916 9005
856 919
7752 9908
5086 9988
2419 5436
4773 9806
3456 6760
4140 5030
4826 9531
131 2903
270 1188
1763 3421
6963 9623
228 5597
1453 3749
4270 6288
480 1944
5723 9976
8268 9078
8035 8399
6941 6968
411 6949
5280 6636
5011 5084
176 3849
542 2440
934 1487
2663 5535
3151 3887
2621 6971
659 1451
5248 9118
2925 8075
1656 8522
877 9572
832 4640
1217 7835
6309 9381
4172 7308
622 8393
412 6183
227 6810
733 9580
2128 6268
183 4635
2589 4111
5693 6301
3354 8705
966 6352
185 8484
295 635
4569 6687
3494 9650
74 9445
1755 5336
194 760
6269 9524
4130 7674
5113 5799
3115 4063
8718 9043
885 4928
1412 7422
2731 7672
4373 9584
4353 8265
3250 7370
5661 7792
7756 8413
2085 4801
6506 9043
4545 9279
6159 6375
7064 7617
768 5882
4398 4657
5917 7737
2781 7199
8555 9791
392 9298
346 8621
471 8910
7987 8959
4798 9670
7313 7404
2576 6997
5881 9407
609 7934
6727 8355
8288 9772
1254 8210
158 7370
1016 5385
4357 5483
3376 3840
6822 9406
4943 8572
304 5571
4008 5114
465 5775
3636 4570
3916 7589
2939 7198
2649 4528
7584 9187
2389 4415
3661 5696
2399 6430
7101 9745
2770 6946
351 6729
6556 9347
6908 7684
6512 7339
3347 3386
4670 8563
1809 9420
1189 2260
3531 4114
5268 5947
786 8342
3389 3683
2942 7947
8987 9479
5740 8005
5952 9990
4567 7139
6 8973
1956 2384
3242 3442
7621 9142
544 5919
4241 5727
7476 8998
358 6094
3736 9905
1998 2014
1976 3667
3202 9983
4133 9377
1417 3595
2703 9622
2053 4072
6861 9481
1035 3148
796 1586
8645 9513
4708 8380
2849 9977
1065 6904
1312 4952
3322 7017
4834 7791
1802 7981
1508 1684
2244 6812
6130 8236
4375 9762
5584 6026
5118 8992
7624 9087
1370 9924
3047 7517
5951 8410
4541 6939
3892 5502
2948 4417
1562 5476
3236 6433
580 5713
846 5786
851 2339
1156 1923
2629 6304
161 5466
3089 8169
4327 8858
5304 6427
6310 7683
5789 6976
1272 9522
2027 2543
7419 9813
5984 8735
4355 5633
1489 8106
7105 7861
3436 4610
1266 4701
1365 7028
4303 9189
5220 8921
6719 9478
3777 4666
4388 8312
2013 9769
525 8288
6620 9945
2347 3609
3870 8602
3711 6652
4115 5536
430 3605
2176 7440
3791 8242
4312 5544
2448 5400
6296 7824
3345 7662
650 9241
7061 7802
572 3520
994 5370
1446 9618
388 8158
5021 8468
1691 5438
5305 5618
3179 8486
200 5825
7014 7957
5744 9779
2332 2524
731 1366
1079 1094
6198 6399
9012 9041
1578 1826
33 403
3182 4576
2689 4562
1428 9303
4680 7601
5277 9822
3049 5475
5187 7544
2413 2616
96 838
566 6555
1110 3301
3453 5806
14 2698
1671 4759
4354 9577
3342 8927
4418 6493
4309 7113
3591 9388
8548 9333
3285 6638
1957 9978
446 9613
7522 7865
6565 8599
4551 5894
3855 6249
3772 7042
4980 6553
2125 9821
6368 8851
4068 9998
58 2963
137 9642
433 2108
2858 5608
8565 9842
1781 4020
4712 7390
405 6567
8331 8667
5364 5844
6749 8179
608 2138
739 2926
3379 3766
188 4196
3298 8880
4789 5119
1969 8041
326 8881
6072 8780
741 2064
6436 8014
3869 5936
5953 9601
5809 7564
421 1195
990 4825
1643 3175
229 6288
6475 9861
3420 8228
2425 4391
1378 8334
5507 6962
1496 6855
2974 6496
485 532
977 3687
1863 6163
8620 9094
3414 6276
1181 3817
4276 4856
4848 7659
6229 9887
2809 9937
6613 6918
5871 7352
4257 8660
6456 6912
427 5393
6399 9371
568 7715
4836 6896
2857 3747
2173 8848
6354 6452
759 4062
3945 6625
1508 1786
4769 5893
213 5405
481 4896
604 1954
1912 3574
2742 7198
7588 9952
5823 8351
2868 7439
6841 7758
573 6986
1579 3773
477 7985
1640 6663
7231 9904
3157 9004
2316 5212
4795 7895
3967 4428
3579 9774
107 819
5108 9052
911 9936
5656 7207
2098 3514
4576 9153
1537 3162
40 5387
4291 4780
2802 6831
4790 7126
6211 7542
1078 8491
1190 5329
3662 9845
6970 7330
4002 8889
1833 7134
2195 7124
3840 8061
2241 6892
7131 9827
8109 9954
8769 8894
3504 9364
809 5232
914 8639
1476 1495
439 3452
2351 9398
7760 8969
5553 6230
2389 3589
2709 5066
6986 7698
8449 8470
2530 5918
675 1307
1942 9198
2524 3012
6207 7733
6203 6946
7880 8216
2113 3741
1263 2372
3137 4880
2883 9332
6216 7764
7721 8202
4906 6624
2645 9500
9095 9466
4600 5736
3232 3384
195 3964
6782 8458
70 6392
4518 5832
1084 3571
1047 5944
2436 5928
3100 4292
3644 6370
2509 3335
1959 8481
2128 2378
4746 8188
489 6494
6152 9836
102 5579
4697 5182
3350 8882
5255 8704
6211 9857
4811 9209
2078 7501
1592 7437
6819 7538
2851 3205
3940 8518
4408 4835
4265 8592
6227 7070
272 9605
143 4544
6833 9552
2447 8441
602 4190
5226 5596
1925 6443
5464 6873
1590 1741
4203 5615
4272 5450
632 4380
2788 3247
2172 6532
3244 4464
4527 8506
6636 7872
4461 9135
1967 7411
3895 7338
588 8409
4622 5446
5582 7419
3682 5437
6228 8590
1916 8313
1075 8686
320 1674
6329 6425
6748 6764
353 8003
1686 9673
7034 8137
2404 3209
4859 9199
1265 8651
4442 9016
6680 9000
1200 3501
78 4316
158 3478
3190 4795
5689 9548
9006 9134
4908 6495
3253 8955
519 4056
4653 6098
1936 2739
2062 4949
5012 5335
1286 5574
2627 7362
1585 4373
6244 6761
5190 8088
689 3024
1405 4791
2272 9827
3254 7050
5589 6231
3818 6478
1837 6208
8326 9638
7051 7417
4103 7321
607 8803
9136 9759
1172 6871
3566 4724
2935 6307
2974 5815
3058 5293
144 8188
4857 7062
8709 9839
6457 6590
1752 7212
6313 9662
5040 7300
4089 9058
8604 8946
3514 5796
979 6033
1866 9963
387 3793
1745 8080
6750 9325
7038 8498
3951 7348
1913 5590
4681 8150
5741 6221
3617 9185
3364 3654
2641 8189
6877 7479
1280 1840
5125 6117
1178 3015
3912 5667
1322 1446
1269 3686
1657 2888
524 2197
656 7189
6805 9131
2570 4279
8454 8747
1600 6377
1052 9849
2448 3829
1130 2305
1877 4473
1387 2890
6900 7550
1425 4046
909 2173
2220 6743
2091 4025
6921 7398
128 8729
1746 6050
428 7316
3466 9916
1831 2344
3283 4261
4689 8413
1477 1934
7871 8722
6940 9608
5919 7029
1517 9317
73 9564
999 5159
1769 1791
2706 4080
170 9151
1951 2041
899 7639
4336 8015
4329 5217
5634 7592
3280 7298
1215 7545
4669 7586
1587 8318
2000 2405
4530 9452
6461 9833
75 6698
1807 1889
4579 5990
2466 8730
327 1245
5181 6659
2618 6293
7484 8004
2435 4100
445 9247
4189 7658
2644 5830
4988 6874
215 1615
728 3908
2105 4223
2215 5285
3078 5158
371 7634
7469 8141
3060 6518
4050 8956
1249 1505
1220 2239
2531 7070
7730 7830
4782 6306
440 1676
5306 9533
926 7412
5681 9201
386 2780
5694 8895
2123 7448
2284 4385
5925 6358
7348 8497
5323 9283
1065 3800
4081 5397
5140 6697
3119 8981
1811 6799
197 262
3681 7172
7342 7880
1831 2238
878 7774
2659 3891
627 1751
1020 3336
2805 9013
5478 9423
992 6777
3999 8808
7066 8833
3857 6857
8391 9582
2294 6337
5464 7318
3768 8281
1583 5359
1663 8349
4290 7449
6068 6175
768 1114
2265 8560
4548 9515
2416 8249
612 9505
1985 7812
586 1022
5153 6447
1032 4967
7080 8444
4715 5241
3662 5414
321 1363
2397 3678
2617 9903
809 3471
344 6152
881 1417
4360 5930
1516 1577
1906 9531
2071 5541
7165 9348
6022 7333
149 9017
1662 4626
7922 9484
3932 6514
4305 4847
1714 6705
6245 9972
5577 8356
2209 2940
5219 8634
2397 9614
7570 9008
8364 8635
2146 4922
1343 2082
481 2737
8010 9809
107 5896
2965 8315
725 1001
1348 1625
3351 9438
1367 7964
3324 6137
1745 1964
1211 9535
802 4542
123 7104
787 3974
4743 6402
5833 9570
338 790
115 6351
2552 4846
5057 6665
1158 2660
2881 5156
6254 8385
1927 2026
288 5328
2481 3900
6340 6414
5643 5864
6681 7328
1177 4475
591 1090
3405 9452
3317 7782
4732 8096
3664 5639
529 4550
194 9785
1328 4654
4520 8228
1049 6391
5111 6214
3947 8055
5621 9663
17 2582
4034 8152
2839 4957
96 5737
146 3620
1027 4990
3401 9961
1595 9715
175 4762
2218 3937
223 1712
3807 6775
737 6445
2362 7368
3513 3876
4682 8377
3848 5652
1999 2626
7122 9245
6372 7971
878 5762
4620 6366
5302 6712
220 5879
1968 3524
600 8754
5139 6825
525 3013
547 1774
3743 6742
5010 8627
1466 1604
4343 5889
1528 3383
2743 9402
3286 6212
602 3195
3082 6343
1495 1784
7156 9598
6712 9703
3187 8282
193 2770
3368 3469
649 8196
1994 5013
5686 5809
7534 8543
4098 7704
3145 8812
3186 8475
9401 9814
3361 6419
2544 3677
640 2631
5295 8514
5708 7310
3510 5193
1290 8281
4252 8715
646 2459
8744 9356
844 1017
3263 5691
523 6767
3901 8831
4982 7687
6803 7988
6723 7526
1277 7641
1460 7508
6799 8963
1062 6944
7283 7868
3231 3414
6119 8256
4954 7068
613 6550
5019 6400
1443 5708
783 5577
1426 8835
3511 4752
5783 9156
1363 7335
7327 9597
5892 7594
1695 1895
4122 8161
489 4962
156 2325
853 2944
8134 9228
1314 3596
2303 7438
111 1221
8910 9430
1292 9021
6845 9606
5112 6189
8713 8738
3051 8840
5050 8604
258 5628
6458 7259
2763 4713
5044 9324
5252 7212
556 5547
1120 2060
6240 9167
572 9360
458 8278
6837 9100
3978 5440
2458 7095
4728 8494
80 8127
2747 3358
7834 8223
4565 9441
1168 6570
1321 5068
1515 8606
3606 5321
1261 6469
3251 5239
982 3769
6363 9119
2267 5022
2146 4970
4687 9654
7081 8832
3137 3354
4108 8600
5063 8577
2948 6327
2675 3464
284 2205
2812 6285
3989 4885
4066 7377
971 4401
530 8538
7409 7500
3109 9747
618 2408
2655 4778
1154 8486
5715 7926
218 1270
3600 7274
5205 5797
968 7593
2116 8920
3403 6010
1385 9502
3309 5930
658 5807
3890 8935
2421 9852
4138 5393
3113 7768
3982 4267
1651 4315
3961 7548
5488 6320
3377 4487
4241 6198
6969 7492
3411 4788
1653 4736
4836 5465
619 7807
2037 2308
7223 9732
1766 9600
7218 8892
1680 7881
3272 9228
777 6808
5903 8477
3465 6588
3308 4200
3437 7357
540 1527
6925 9093
2201 5363
683 724
6737 9114
3074 7158
682 4414
3104 9064
2477 7324
104 3783
353 2360
5152 5829
1193 8002
3093 4892
3491 9840
5925 8891
4924 7664
604 5268
4228 9848
434 9880
2276 3451
4520 7372
1885 9301
2589 5564
2914 6259
4563 9171
3136 3398
5525 9894
8535 9254
2106 4010
305 6615
1359 6377
5795 7353
3980 5970
452 2520
719 7712
6785 9831
1744 8855
4458 6076
1860 5600
7689 9408
169 8867
2186 4880
528 1829
7772 8110
2312 3026
4232 6479
2077 5798
5589 7352
4695 9940
3705 9269
9268 9745
2429 4492
712 9571
486 7430
151 7817
346 6569
1114 3561
3570 7315
1384 3632
2772 7441
1440 6120
1401 4284
4381 8334
1456 8363
105 2180
7941 9670
764 3787
1568 7082
401 7086
4867 9353
3858 5406
3741 8062
4968 9902
1523 5359
1440 9820
4690 9001
3783 6744
5515 9821
1486 2522
6308 7898
3488 7549
2679 6342
3815 8664
8975 9337
1453 9088
8108 8373
3847 5459
7111 8310
1012 8586
3052 8607
7430 7719
2934 7637
2672 8985
6455 7568
3130 4919
5568 9630
1317 2985
265 575
644 4917
439 1710
1050 4222
1624 3825
7048 7330
114 1003
2831 8261
2939 6563
687 6620
3796 3878
2050 7227
1729 5170
4074 6507
1016 4544
1750 3098
2997 4845
4856 9988
833 9006
7230 7924
6183 8100
6382 9692
7569 8273
4062 5320
677 2565
1844 5094
1938 5152
3728 9402
5465 7528
2214 3677
3434 6261
1023 9776
259 1703
5950 7056
2386 4122
348 4177
1619 9778
8706 9076
8781 9920
2234 4450
5246 6558
6710 9502
1803 4029
2031 7245
2958 6909
1414 3736
1742 2619
6100 9558
1475 9627
7309 9879
1513 8635
1995 2634
7179 9691
7228 9400
4803 9542
1228 9314
2243 3014
7138 9690
118 5357
4459 6061
1002 9572
976 2556
19 2643
1635 7485
1515 8230
970 2892
3597 4718
6600 6644
74 9624
9238 9941
6305 8966
3764 4315
2139 5893
1755 4476
1225 9509
2479 3798
2590 6942
4895 5789
2870 7771
1834 6691
580 8951
6124 7383
3923 5097
4761 5431
6920 8468
145 3929
7658 8532
645 1980
4689 7220
8320 8862
4054 5684
3512 8415
3568 7389
2018 9699
286 896
8122 8496
1486 3309
2393 7355
3292 8219
512 9414
1301 2984
3747 8857
4302 8837
4851 7392
2193 2622
152 8195
3568 6598
1380 6953
201 4209
137 872
751 7322
3645 4016
3046 3153
98 7228
1688 3284
8071 9562
408 5202
6367 9427
2255 6977
5805 7926
