1000
924 985
926 985
924 987
904 926
739 904
912 985
685 912
67 926
620 926
77 739
77 860
635 926
900 985
551 924
900 986
53 985
402 912
73 985
432 551
113 987
648 926
265 912
737 912
432 759
432 823
739 841
549 823
145 549
724 985
40 145
767 985
429 648
67 936
444 900
245 860
265 304
429 613
46 245
40 490
549 657
545 985
265 967
548 924
685 866
613 621
221 685
760 767
926 961
459 613
266 912
674 759
7 739
760 833
516 724
436 444
700 759
551 690
584 635
952 985
732 823
551 780
81 516
174 657
40 664
46 535
419 985
107 635
402 761
419 772
67 276
99 516
313 635
108 860
7 990
121 432
245 882
345 882
304 384
74 657
621 950
94 419
151 221
302 657
657 949
436 471
700 820
454 674
464 882
759 883
429 595
465 987
113 258
933 936
364 841
289 949
338 820
17 685
587 648
396 990
772 805
6 245
133 535
121 337
780 945
603 621
56 304
302 803
94 399
453 961
76 648
399 996
301 900
358 648
40 183
629 986
653 926
620 973
713 961
223 732
345 755
453 546
70 990
409 453
788 805
313 500
813 961
345 391
516 519
244 459
113 303
736 936
35 674
222 900
16 289
689 945
190 967
767 953
59 689
489 926
200 465
59 897
335 603
514 860
562 933
489 676
305 841
300 303
7 834
67 327
381 674
145 172
329 767
17 461
46 367
660 961
595 727
772 811
384 511
555 805
444 752
150 300
77 336
629 790
580 761
99 558
161 461
17 744
297 620
169 760
216 245
445 866
810 833
601 945
444 970
135 690
760 832
465 821
112 113
84 587
907 950
426 621
700 766
724 784
177 364
10 755
453 927
444 797
279 461
99 416
306 489
247 635
430 813
453 901
35 291
124 621
207 901
620 623
207 408
562 639
222 672
76 185
29 996
20 384
73 997
507 950
197 297
354 784
387 409
306 463
521 883
257 279
214 303
561 970
76 123
77 315
132 354
121 274
639 994
297 480
81 738
133 138
73 501
19 384
76 972
600 790
167 961
35 344
77 735
345 607
148 639
133 330
725 953
245 250
387 585
344 571
305 888
814 888
284 291
164 767
983 986
396 661
663 970
575 663
595 914
477 952
313 773
674 765
440 663
755 962
197 730
215 672
116 724
969 987
20 526
73 503
73 238
238 932
73 144
465 479
214 605
134 301
823 839
548 873
128 419
208 969
170 690
124 696
73 638
602 674
152 526
140 503
455 953
278 765
389 580
337 774
206 607
26 215
644 735
390 936
672 861
26 165
605 898
471 872
36 501
376 465
408 799
580 604
549 791
294 562
530 639
472 558
476 535
548 563
56 318
244 414
476 542
764 883
58 514
404 676
362 813
459 998
329 438
646 657
813 875
17 747
265 334
161 246
150 184
152 874
468 674
63 503
297 838
140 964
123 895
200 475
108 158
41 603
265 394
82 284
157 519
645 950
181 274
935 972
146 907
252 933
108 296
182 200
432 495
343 964
726 952
250 881
96 969
476 921
15 646
112 980
41 710
34 116
49 883
123 974
216 593
33 823
338 523
485 759
681 821
920 961
221 236
276 682
249 639
465 702
116 196
121 363
289 510
28 419
4 258
65 702
463 960
320 985
447 897
580 705
32 702
161 851
312 402
519 753
707 713
501 666
282 861
99 948
523 569
184 231
90 738
63 287
194 832
138 916
58 515
318 401
93 661
182 353
136 895
478 548
44 821
51 571
387 944
14 507
98 948
460 563
112 981
575 624
284 668
384 559
524 875
516 781
381 656
639 836
584 734
124 295
460 711
3 881
305 610
298 873
758 998
274 691
217 883
238 634
61 82
230 752
402 884
404 659
164 525
165 769
611 921
291 576
523 992
276 517
727 793
276 789
216 694
98 729
554 613
114 455
212 306
221 978
164 850
183 677
632 820
350 585
772 989
786 834
956 998
118 682
568 933
315 756
56 864
505 760
204 690
153 634
310 936
770 953
297 906
83 926
4 919
208 421
187 460
471 887
729 844
15 947
160 510
116 802
573 725
687 936
134 982
345 923
687 878
271 430
486 767
263 438
213 327
372 851
134 709
755 816
40 120
248 789
567 987
451 833
633 759
601 842
251 881
783 997
715 974
488 705
66 747
29 317
66 934
268 881
300 469
67 365
95 610
475 822
223 812
602 637
185 339
82 382
158 849
462 967
751 812
561 618
194 622
93 586
23 223
89 607
629 722
649 836
440 902
149 475
91 99
450 576
148 235
38 514
238 422
282 963
619 985
129 289
63 456
551 913
304 491
69 774
264 705
190 369
270 461
245 579
434 950
622 718
430 556
24 802
546 847
173 983
232 472
782 961
239 391
333 551
285 475
145 564
364 975
342 690
425 760
77 210
851 858
30 295
118 778
412 713
32 903
693 974
457 567
387 437
486 749
18 759
26 226
499 836
454 494
644 771
240 702
832 871
70 234
23 262
269 814
308 353
98 442
568 675
362 824
259 694
448 898
239 332
546 846
227 832
145 368
283 730
327 938
260 376
22 165
29 509
793 865
439 623
594 838
194 552
260 925
251 577
563 795
471 815
15 999
216 565
475 680
319 927
71 936
130 230
370 600
292 990
550 646
100 350
638 918
74 435
451 482
474 872
99 366
70 626
487 639
61 378
155 882
443 975
146 742
165 176
455 977
110 705
67 125
89 553
499 589
85 680
212 273
211 535
510 922
639 647
208 309
665 873
84 806
799 859
19 706
318 984
568 819
152 678
497 961
142 524
275 860
370 896
422 965
471 787
104 833
238 592
270 560
170 531
345 572
41 652
147 619
93 417
410 766
659 796
205 305
640 945
409 467
679 722
519 828
432 886
421 826
247 544
48 604
414 583
139 722
479 856
644 746
163 689
215 588
35 625
349 429
314 985
367 502
439 615
761 818
302 667
613 671
385 396
26 529
27 134
768 938
186 772
183 993
762 921
81 590
428 996
321 766
15 1000
845 993
461 809
479 890
18 360
333 650
279 728
17 807
438 877
564 574
706 831
546 971
45 967
423 521
111 320
566 767
704 982
5 332
348 967
277 948
359 970
396 835
267 367
268 929
77 853
34 496
190 852
622 794
769 957
305 581
58 311
237 935
534 759
219 637
79 629
159 759
406 516
543 646
415 761
9 63
371 567
684 736
831 930
256 589
358 792
569 776
280 927
414 470
512 824
367 374
276 654
776 941
150 683
606 788
285 641
78 584
229 553
319 876
213 712
524 596
301 979
85 869
356 677
25 753
20 62
393 559
243 409
46 642
359 424
827 869
641 643
539 850
701 872
190 395
311 407
290 488
97 196
492 718
200 879
416 854
52 259
253 876
576 959
935 954
398 663
886 966
509 837
11 116
654 908
500 785
122 715
143 390
283 763
628 652
459 891
282 655
353 848
63 101
418 424
190 241
630 959
211 716
481 903
212 254
868 888
154 514
449 926
741 874
80 929
448 863
667 991
356 484
694 995
373 635
741 940
865 928
55 370
594 915
117 858
852 910
540 701
673 992
630 703
132 614
4 522
94 958
64 838
180 461
255 552
761 939
413 839
188 415
144 697
251 578
452 529
229 411
527 921
444 804
242 763
103 771
397 986
406 951
143 506
12 973
479 532
719 766
433 575
528 902
233 525
55 547
2 505
909 979
203 772
75 122
106 512
21 409
328 971
202 421
109 159
50 260
166 249
114 198
107 403
194 325
131 525
92 548
212 405
266 400
47 569
518 655
623 627
446 874
427 922
39 123
346 677
391 692
743 953
155 293
402 750
152 905
66 86
417 597
286 755
49 323
183 225
412 662
127 920
3 609
326 469
866 937
495 867
386 939
550 968
946 950
73 748
288 886
591 783
656 840
37 437
178 444
443 493
550 570
520 979
341 475
716 976
473 929
351 603
87 338
324 624
88 643
8 972
306 740
607 801
177 617
800 869
699 780
196 322
194 307
195 985
374 779
329 379
504 751
53 68
432 721
128 714
189 657
77 102
361 740
34 261
124 855
23 43
143 686
332 536
199 338
176 388
16 105
500 889
151 599
192 773
198 917
144 894
892 939
4 880
141 653
281 677
13 111
355 702
209 844
159 885
616 648
191 302
40 830
238 942
540 943
313 458
375 386
162 761
508 869
175 937
538 812
620 670
54 386
335 608
649 723
117 658
458 466
420 950
137 372
218 700
610 733
93 708
392 712
32 777
669 765
57 182
270 316
361 911
745 861
354 612
101 582
335 829
352 426
257 340
272 473
420 636
695 723
918 931
817 874
68 720
156 480
513 918
422 717
115 824
357 584
757 871
132 862
775 776
228 761
144 377
31 873
140 201
214 498
206 631
119 145
193 367
533 634
334 380
153 347
441 882
158 171
828 893
383 770
111 857
541 583
129 598
179 755
126 658
72 845
784 798
402 808
224 676
431 999
42 164
677 754
220 933
608 870
1 366
825 995
609 988
690 955
729 843
651 772
899 900
60 923
331 786
310 688
101 698
406 483
557 753
537 747
731 929
299 934
168 757
