1000
699 958
255 747
423 986
879 883
195 595
213 955
53 739
400 613
164 902
129 969
107 931
221 386
582 815
783 974
774 842
451 899
1 932
214 929
254 533
107 624
73 638
74 739
9 960
31 147
214 669
289 675
291 867
244 638
352 543
250 846
129 542
871 998
267 793
182 782
265 315
573 901
482 522
401 482
284 744
483 586
85 691
378 416
197 273
17 380
737 989
68 671
117 283
170 664
365 546
786 904
54 305
229 996
670 947
338 504
48 727
120 630
174 852
498 586
125 487
111 822
283 644
352 992
188 472
835 922
8 502
55 461
163 861
127 530
248 333
171 239
137 138
804 913
606 748
307 563
68 116
502 828
362 712
141 399
173 237
712 867
827 897
531 737
265 837
771 1000
313 855
456 941
514 656
251 782
407 777
571 854
163 570
425 968
110 227
270 966
337 643
294 656
135 496
378 631
2 342
47 86
960 976
76 825
513 942
170 762
711 984
22 327
44 768
411 703
198 342
317 868
253 811
488 634
98 284
51 135
148 849
452 501
584 665
84 706
16 43
400 726
140 427
561 972
30 397
13 480
698 974
408 758
738 752
430 568
185 938
6 899
372 717
11 325
142 373
135 485
438 561
35 435
577 963
448 849
443 890
653 915
4 915
573 604
26 520
745 881
813 919
567 596
416 811
533 824
572 802
134 898
459 534
315 675
346 621
103 913
296 908
662 952
23 320
39 50
331 845
333 579
524 752
937 985
601 621
54 979
186 639
422 477
467 947
231 874
190 581
449 560
166 646
162 600
374 491
125 563
540 807
56 302
229 430
945 974
106 862
171 727
276 997
2 987
468 700
67 770
333 467
234 689
290 891
536 552
157 466
203 826
556 834
460 544
291 903
327 942
120 733
216 289
255 671
645 818
328 347
251 280
110 933
398 699
53 458
2 475
118 171
280 789
345 585
446 991
797 903
321 767
617 697
99 616
66 942
223 772
121 892
210 420
325 396
252 635
14 495
538 759
38 404
108 183
172 603
321 338
168 701
82 838
284 504
181 301
425 529
288 316
97 444
717 871
609 634
38 737
339 730
43 460
152 699
684 856
403 844
293 324
531 553
231 492
488 994
382 822
146 858
11 413
145 736
660 910
512 753
569 616
29 614
219 596
255 298
567 574
114 430
196 708
4 985
394 475
115 855
434 462
34 898
593 979
559 766
396 826
400 997
273 688
714 805
122 571
281 759
124 381
96 766
499 589
263 953
199 325
750 802
113 815
842 970
25 330
484 977
455 710
77 695
93 267
317 565
151 348
181 236
899 992
539 734
10 13
373 614
82 829
175 452
42 595
162 202
549 727
509 956
651 835
622 634
177 585
227 587
228 925
58 508
489 633
550 635
584 722
254 571
191 973
506 975
616 980
209 397
297 947
876 911
459 540
610 632
376 970
69 582
718 873
369 806
143 508
537 576
196 412
909 918
144 445
65 396
528 790
839 850
349 897
771 907
669 879
318 473
176 916
130 380
7 392
264 595
391 922
709 948
24 666
514 719
618 688
829 831
136 142
413 547
780 978
521 544
223 491
515 668
123 763
474 882
132 692
862 999
112 201
529 936
338 443
37 929
49 653
92 147
260 551
583 710
390 695
117 724
189 992
52 570
608 715
366 668
220 782
714 869
123 610
14 677
91 602
501 546
78 316
63 184
463 796
98 644
651 743
43 787
748 756
847 876
184 842
136 632
183 312
539 741
480 768
754 961
153 355
581 773
987 995
323 535
409 499
20 795
263 469
414 639
416 712
536 935
65 340
173 914
211 668
492 891
450 934
256 804
437 973
731 916
64 735
24 999
518 766
585 993
367 746
659 929
29 409
627 833
729 862
602 732
10 513
39 167
282 770
168 238
19 329
133 869
159 940
488 514
81 366
775 781
238 286
17 505
446 765
141 264
450 966
133 272
233 647
584 719
254 552
503 707
773 906
710 866
45 935
389 562
882 997
624 785
21 922
375 761
164 976
309 572
423 512
66 271
774 915
520 932
795 923
311 994
221 346
433 912
252 975
193 691
385 983
471 531
507 598
72 736
522 870
74 537
107 260
580 944
87 322
299 848
594 948
212 713
12 643
554 988
178 341
94 178
159 941
574 747
503 548
81 399
262 456
87 429
473 785
317 770
586 775
497 805
516 844
490 688
384 466
103 485
217 707
46 744
78 326
95 526
717 721
144 570
557 801
720 775
228 248
190 660
65 200
495 552
561 879
663 792
685 943
198 576
489 649
180 402
675 855
19 851
54 293
557 788
351 852
433 519
435 443
644 835
764 977
447 697
409 856
632 888
230 424
521 685
52 218
57 551
264 691
863 908
240 545
61 645
535 953
156 327
204 725
554 939
209 591
794 826
512 652
906 950
83 829
113 657
565 819
401 537
431 935
70 316
554 990
326 481
104 188
59 573
121 397
368 638
626 838
19 414
768 778
485 897
159 377
784 838
492 787
231 877
735 744
148 976
75 885
108 132
834 943
45 62
462 757
119 355
166 636
243 381
167 273
11 748
767 841
50 865
440 529
238 787
627 803
470 689
336 420
68 889
201 527
227 246
705 853
347 731
72 860
287 548
214 725
84 578
683 957
521 618
330 917
814 831
685 797
46 199
48 484
365 745
24 769
911 968
567 919
376 579
875 883
548 637
90 212
184 270
493 869
758 896
386 432
667 672
577 673
16 708
380 996
350 898
268 895
201 750
52 345
549 687
352 693
388 660
663 734
121 893
84 821
362 602
32 187
185 476
283 383
476 989
611 676
357 569
291 656
63 871
435 479
89 611
294 988
249 667
167 259
605 700
241 527
163 232
245 985
190 844
359 961
60 267
149 196
363 960
371 711
5 683
39 330
143 426
281 825
890 967
500 763
868 907
442 916
406 565
38 629
530 949
367 926
45 339
1 946
587 833
130 650
642 944
477 832
486 526
257 817
117 900
345 608
148 303
212 233
1 242
413 564
530 907
62 343
123 955
449 686
797 970
448 536
280 310
373 802
361 800
337 982
151 169
888 958
773 973
18 781
286 704
140 796
179 753
405 532
497 544
620 669
603 604
131 890
281 779
132 393
166 431
389 866
504 546
452 905
151 655
652 812
218 318
82 689
158 904
698 761
250 716
320 810
321 507
596 791
198 927
895 951
48 579
385 486
130 354
125 779
749 771
58 98
560 944
134 376
449 809
192 707
296 959
140 251
463 903
326 640
285 807
261 525
246 277
146 793
457 979
105 526
401 941
189 257
4 790
320 425
679 998
450 798
209 604
591 753
309 420
62 139
33 144
228 379
112 964
350 954
188 913
590 780
30 690
427 700
169 697
402 478
523 817
735 834
386 658
17 269
344 891
695 706
347 886
142 556
702 948
168 511
119 439
334 615
456 920
16 672
294 569
170 988
392 501
308 374
728 845
88 223
551 836
222 361
83 497
358 959
208 499
258 477
495 845
270 932
146 575
653 848
63 560
279 736
587 624
318 399
292 475
169 342
226 745
808 811
161 549
407 793
460 591
64 448
179 904
80 293
822 966
576 618
421 909
66 335
513 734
654 763
30 857
334 490
681 807
383 417
205 539
276 702
298 402
224 423
153 486
298 306
694 839
29 706
588 955
244 750
137 366
295 533
415 860
109 545
427 577
820 873
230 719
346 419
491 574
674 853
266 374
36 493
489 708
503 927
484 645
197 252
141 337
206 418
133 319
289 628
502 833
165 806
555 761
147 229
40 183
535 887
421 780
361 476
55 872
962 977
385 723
83 647
206 840
86 303
639 843
389 864
206 518
464 954
365 853
431 462
100 804
286 619
777 806
702 839
126 378
15 110
480 755
194 954
309 367
356 919
467 703
751 982
274 662
446 523
58 421
225 781
134 407
463 868
34 752
250 931
120 672
581 620
825 971
541 608
518 572
314 885
490 720
275 651
357 678
79 909
908 921
683 931
259 557
162 523
671 852
315 731
607 959
181 615
306 410
357 965
493 599
153 774
160 487
641 711
305 414
13 94
187 362
482 873
522 625
78 197
339 454
823 882
597 759
178 878
179 466
777 885
102 667
832 895
64 837
136 257
108 610
74 832
742 814
302 615
187 894
355 381
517 603
185 776
790 884
643 928
758 958
303 956
647 815
395 755
119 465
173 233
221 796
129 911
525 799
86 924
720 953
53 441
428 987
72 927
247 635
459 682
10 785
248 545
334 540
805 989
260 795
648 767
278 848
34 433
592 906
230 680
981 994
81 698
49 494
155 652
473 556
128 998
830 982
563 566
265 276
27 956
387 392
112 696
113 623
747 837
714 866
779 849
207 860
383 661
263 612
817 999
371 662
302 332
28 164
97 510
103 867
371 888
94 611
370 856
364 520
215 627
87 244
487 816
49 760
453 582
199 305
353 663
360 405
614 968
218 996
300 883
304 814
558 703
46 620
739 961
97 831
41 50
154 306
101 507
189 296
259 405
859 876
150 246
527 740
235 725
930 975
436 755
14 880
71 143
55 350
3 137
508 525
