999
4 606
471 679
109 662
37 337
428 467
55 507
153 749
290 582
507 546
85 186
173 669
110 277
465 469
216 796
711 877
70 943
69 415
72 150
33 62
222 570
148 776
455 569
304 982
451 625
275 531
371 737
441 479
290 715
258 356
967 981
61 848
191 837
205 251
805 896
757 797
131 262
323 623
760 861
60 901
195 411
139 230
228 607
503 766
240 252
364 396
865 896
204 650
298 824
51 457
198 454
513 905
833 842
59 295
250 656
644 648
453 525
861 867
751 919
417 498
244 347
488 621
502 650
79 594
627 680
252 392
114 993
564 990
449 630
174 750
759 959
65 331
120 487
38 638
45 295
342 793
400 778
403 635
263 423
149 172
405 500
6 221
409 640
370 893
387 968
387 752
385 804
42 560
458 696
271 855
552 990
284 518
577 676
442 697
137 298
37 685
164 633
716 905
412 955
292 579
335 584
26 733
334 873
171 485
16 989
117 196
732 980
206 811
946 963
148 315
29 643
219 695
859 966
87 552
808 922
395 765
93 704
247 537
146 335
87 667
389 733
118 317
527 750
165 549
33 177
383 421
762 779
414 843
549 963
599 887
527 892
775 815
186 343
805 997
201 694
42 207
426 494
834 952
76 419
274 797
182 603
428 505
380 951
149 287
257 554
105 138
609 882
221 803
303 838
129 973
383 741
647 923
184 445
502 898
376 720
750 816
128 761
782 887
538 809
105 591
734 803
358 783
337 638
605 722
87 113
391 976
213 312
585 759
640 731
477 993
161 182
682 886
945 975
652 925
15 200
197 390
371 741
242 994
448 665
205 523
61 911
142 746
42 944
250 924
368 616
197 850
586 615
558 648
76 934
486 711
81 530
166 693
26 449
231 405
80 119
455 575
506 966
270 818
493 686
546 607
482 701
717 826
506 575
893 963
351 425
343 876
11 348
630 972
497 592
141 803
433 771
459 539
404 423
349 622
1 152
437 854
11 651
188 267
29 939
330 896
592 930
314 435
163 318
360 497
357 620
188 306
276 511
595 970
108 289
117 367
101 353
26 871
549 950
668 883
505 801
657 932
630 853
556 861
490 732
300 889
297 968
160 653
192 620
77 260
687 764
821 953
328 764
103 598
169 334
398 793
1 184
179 670
299 901
263 494
704 767
97 782
268 270
35 185
354 895
403 664
291 939
550 783
477 566
541 856
482 980
167 321
100 766
301 712
75 411
159 378
561 665
597 996
475 923
605 633
296 536
267 341
322 655
582 810
117 345
214 874
238 262
285 709
477 716
725 811
14 897
184 511
503 731
126 566
130 156
248 824
437 754
501 754
485 899
82 596
423 642
134 995
526 808
447 795
119 610
418 677
23 290
207 846
638 688
287 767
247 615
112 605
446 669
133 306
258 949
172 256
436 640
25 63
157 465
670 875
59 906
315 833
130 359
97 209
434 516
677 917
115 241
56 616
471 521
277 933
37 873
574 730
445 813
399 428
135 271
547 925
400 883
577 814
419 770
305 809
315 337
514 581
312 947
73 82
53 894
146 316
78 740
128 825
768 871
8 700
61 425
67 456
756 791
39 548
500 943
696 983
586 974
391 537
280 757
243 928
332 841
70 643
345 718
354 542
578 625
405 807
529 785
75 419
522 590
351 652
232 888
751 790
738 984
18 295
179 734
308 806
350 653
592 807
62 274
194 904
425 456
104 660
376 406
260 628
28 236
187 924
546 643
32 977
15 742
784 840
107 511
784 940
107 921
131 472
25 943
180 637
770 926
499 553
280 593
431 833
81 334
5 760
328 333
51 964
195 737
202 973
319 756
273 513
261 410
837 957
393 844
377 946
51 852
772 789
296 659
529 641
407 444
95 155
308 489
41 510
393 524
729 942
129 526
403 864
40 498
215 230
332 661
231 991
321 702
140 795
878 953
936 937
121 941
111 156
231 753
876 991
256 570
656 908
238 461
620 900
33 270
63 171
590 731
215 353
73 627
77 465
381 815
233 876
650 765
422 906
361 975
219 567
388 488
526 847
46 657
166 551
518 802
107 183
495 913
747 980
480 756
636 845
177 948
183 533
125 413
355 925
69 823
259 954
393 758
915 947
406 796
284 881
76 96
614 759
144 445
699 793
864 977
237 332
809 825
571 577
801 822
649 746
755 915
339 666
484 839
94 847
372 863
39 476
463 788
443 754
599 746
284 971
222 481
363 970
506 730
566 618
316 747
420 953
17 628
120 619
233 316
27 229
505 515
176 878
357 575
444 822
250 718
214 667
148 211
229 623
118 374
695 739
256 788
212 625
20 41
537 892
636 678
306 611
98 513
245 846
314 386
390 685
123 844
259 521
10 333
624 916
212 918
444 799
232 552
175 320
186 369
382 924
947 973
65 705
188 294
94 863
257 278
322 734
2 412
43 311
74 778
64 939
212 326
464 669
586 836
667 978
195 608
348 970
380 878
287 406
412 992
163 986
354 429
655 825
171 779
27 737
710 829
553 745
246 715
596 738
408 778
92 380
320 735
143 507
169 512
259 828
34 629
214 589
655 936
479 817
555 621
384 690
104 151
639 890
608 768
227 795
84 333
264 450
122 264
283 607
365 424
510 544
106 598
263 326
385 563
83 348
1 849
510 593
463 712
581 674
262 593
466 540
313 937
63 983
571 996
108 800
86 121
716 871
54 205
604 883
271 885
294 407
71 641
850 982
100 785
587 906
157 565
100 799
714 850
14 843
483 913
242 729
36 258
486 902
75 805
90 975
27 59
218 990
961 999
289 433
109 844
868 882
484 909
123 129
346 623
200 503
166 855
265 700
632 893
154 797
254 633
85 358
540 568
321 357
336 907
34 286
711 792
208 460
539 998
62 932
158 292
329 932
219 985
128 439
190 658
235 783
289 752
411 802
157 488
204 486
385 824
275 832
181 892
296 698
697 706
164 455
232 509
254 379
378 922
9 183
280 591
799 991
88 298
242 697
430 978
71 279
542 994
894 987
170 834
324 978
150 460
65 168
377 858
170 665
116 690
78 945
308 410
545 770
23 223
598 931
38 777
493 841
531 666
54 570
369 410
619 857
223 347
471 631
494 601
254 910
223 606
274 994
565 616
733 890
473 515
362 688
518 882
31 594
383 402
154 752
21 790
534 562
781 790
663 730
156 811
57 838
427 897
13 715
300 311
105 571
255 282
138 534
221 935
375 584
707 996
203 534
145 583
204 930
596 677
19 946
127 977
272 789
345 594
311 424
520 541
389 965
14 516
858 870
113 718
226 962
452 936
446 622
111 852
682 903
834 945
468 694
388 612
979 999
314 741
19 326
812 962
210 360
648 852
3 452
120 617
108 576
22 717
652 694
36 197
329 726
532 712
125 253
261 572
719 897
600 902
666 769
569 976
325 808
102 751
169 774
452 763
336 773
327 732
47 997
44 918
11 89
243 940
789 983
30 115
504 820
138 320
989 992
282 713
41 634
83 841
50 989
351 414
447 653
15 723
700 905
364 673
257 857
922 957
535 622
376 743
347 830
584 835
264 880
182 377
94 608
153 862
39 463
181 540
685 807
657 969
121 907
294 907
155 519
453 957
159 366
189 714
914 993
54 636
73 277
688 920
115 614
656 958
779 891
21 517
307 658
504 839
374 478
38 543
387 682
539 641
400 529
222 224
146 614
372 976
266 967
239 453
470 728
278 736
28 202
388 724
28 249
753 863
248 855
181 838
69 210
149 478
515 819
35 708
176 447
343 952
782 901
12 787
344 482
484 884
52 329
81 124
220 765
176 766
193 837
581 995
224 310
659 916
199 456
229 583
91 854
141 851
786 937
24 858
122 923
292 358
658 767
449 498
111 390
243 528
97 860
335 553
606 960
582 684
119 179
583 626
113 391
843 992
372 757
637 827
159 748
72 497
43 760
492 915
319 709
269 627
267 831
72 328
21 675
493 580
496 890
485 613
373 554
619 690
374 962
12 66
573 921
474 502
5 683
705 801
780 796
106 788
177 691
210 470
286 325
527 717
714 744
699 802
414 768
352 764
155 286
602 738
125 645
68 704
478 645
599 999
309 544
322 569
727 921
132 590
325 940
866 966
136 275
369 864
916 929
217 968
692 997
894 912
12 695
481 646
131 672
225 261
469 500
739 930
401 846
252 645
82 785
276 469
659 781
407 887
710 988
565 913
198 927
282 378
440 470
794 902
23 952
544 869
118 293
83 822
637 705
25 43
416 696
77 839
588 982
85 215
198 987
170 967
247 521
389 956
58 433
364 615
5 703
446 739
104 699
29 710
48 504
123 207
70 781
109 432
278 681
319 873
36 904
122 360
302 336
234 784
460 689
721 904
141 147
621 671
99 516
34 338
106 153
134 178
200 815
7 130
394 628
230 462
508 554
276 857
78 288
424 654
397 729
353 872
541 542
164 995
202 479
491 918
312 340
134 798
71 879
371 987
438 854
154 248
162 670
300 938
163 260
238 559
19 233
35 150
49 224
281 481
557 709
531 591
437 747
172 847
