998
578 799
239 379
574 944
162 854
488 673
592 951
406 525
242 920
54 826
181 417
481 607
523 711
580 954
401 975
883 980
334 903
574 747
137 324
462 817
36 392
753 787
58 741
519 756
14 290
67 398
355 602
77 687
661 910
143 782
385 577
474 687
577 934
499 613
108 766
155 707
553 956
60 117
514 991
456 538
619 878
368 552
681 868
283 329
71 434
343 857
71 75
118 510
175 960
451 996
167 851
103 483
178 435
106 880
463 675
259 416
6 564
524 738
957 984
142 500
60 342
219 969
77 928
441 926
334 580
531 772
163 257
328 668
578 797
106 181
119 134
227 794
204 725
669 705
59 253
181 535
175 302
2 427
249 267
90 217
454 711
11 319
340 689
555 900
398 544
283 895
495 956
232 810
715 909
287 561
22 646
123 364
59 94
239 979
82 184
546 790
230 637
135 507
558 956
323 909
83 166
73 417
610 946
672 779
769 841
107 614
644 863
509 741
391 780
308 902
64 712
661 739
418 812
242 562
299 306
197 947
531 739
99 375
356 830
419 498
411 875
127 239
49 819
545 926
241 764
183 813
337 473
158 896
747 856
321 412
758 946
13 808
47 455
414 952
750 863
769 916
157 518
169 659
9 642
321 417
792 804
529 894
411 584
204 345
832 958
444 771
72 581
815 947
293 386
568 691
631 983
344 941
364 696
215 284
46 618
440 641
40 509
188 625
375 623
333 603
225 493
333 704
364 830
308 796
62 594
85 279
257 719
13 704
246 471
527 952
634 963
224 946
121 589
75 941
598 964
326 702
161 196
14 433
184 939
5 501
345 436
160 229
450 588
20 486
149 743
26 36
176 498
566 903
481 497
204 425
51 477
714 903
273 985
238 682
165 561
608 667
699 719
103 671
340 704
866 994
721 855
56 226
62 446
557 941
693 903
119 214
105 278
208 410
897 980
168 435
260 753
209 712
93 800
354 463
387 865
747 985
67 456
187 867
576 781
168 440
13 75
66 256
39 102
111 601
572 596
493 802
645 963
380 596
514 789
217 397
183 930
153 193
251 827
481 637
673 897
72 315
784 878
58 139
85 666
157 276
87 968
41 940
533 694
83 613
15 487
137 962
299 983
814 997
968 981
647 856
386 805
448 643
119 296
41 170
632 855
40 792
540 968
15 220
102 341
91 230
148 515
62 839
844 978
890 896
351 492
90 95
864 936
73 844
183 549
269 725
738 809
183 605
102 575
725 901
151 661
376 827
505 919
137 983
472 918
52 513
278 403
159 505
349 821
78 242
294 343
146 246
218 416
213 505
121 464
109 963
108 565
48 355
472 960
256 988
448 539
814 895
481 874
173 701
372 709
89 620
628 850
108 801
371 391
177 491
463 648
12 918
95 773
694 744
338 529
6 741
494 551
191 925
12 871
630 947
262 619
389 694
143 830
62 670
476 857
67 578
226 685
809 969
334 498
855 873
35 792
181 410
811 851
19 530
462 995
373 652
348 731
149 314
311 853
702 808
198 515
579 652
364 438
355 860
107 185
218 754
744 896
2 837
172 633
530 558
421 450
206 923
424 956
361 580
462 727
173 745
412 609
41 891
500 876
241 294
97 844
214 626
329 631
264 906
570 711
596 813
514 741
319 335
125 307
398 583
736 872
80 521
415 719
649 754
240 844
808 824
788 939
437 958
684 969
824 904
814 935
283 669
383 406
393 828
22 79
96 916
149 490
57 928
430 686
425 809
651 669
164 448
58 280
218 256
409 865
404 748
914 939
478 633
73 650
401 857
635 848
42 140
393 517
111 783
28 161
718 926
177 653
352 839
784 805
854 878
534 952
238 833
556 619
339 340
457 867
24 228
319 637
107 559
210 993
157 787
189 496
899 977
515 979
498 537
54 786
356 813
531 870
457 509
194 476
366 868
512 957
418 935
612 819
186 650
382 576
629 998
282 884
140 313
358 694
787 827
40 328
157 458
522 639
603 618
863 905
19 555
771 897
232 541
12 68
71 836
254 456
284 746
129 803
166 423
36 479
114 119
86 778
60 394
61 613
279 386
374 587
81 430
47 823
138 884
49 367
179 752
278 680
161 378
387 957
418 915
394 576
405 430
55 843
230 730
195 824
221 728
74 351
600 769
656 821
271 856
568 921
45 951
85 104
220 450
111 300
374 688
803 830
277 985
692 896
733 889
352 532
192 308
266 449
490 529
440 516
637 819
222 790
290 411
101 214
136 886
89 816
456 482
232 689
717 849
366 413
309 476
169 643
576 617
726 821
201 961
229 569
510 768
188 695
184 430
393 722
252 372
12 285
125 678
59 332
350 616
320 574
110 661
49 501
131 680
100 256
339 821
299 922
47 50
542 769
154 652
295 959
363 650
369 535
188 258
843 972
650 683
19 89
673 825
509 805
343 474
489 771
131 858
191 305
249 604
27 850
737 826
608 945
570 794
842 882
351 759
286 928
284 550
2 582
20 53
90 597
395 917
395 457
83 188
98 851
311 396
18 738
322 776
1 343
748 834
33 555
287 800
279 568
340 394
103 304
703 771
626 916
23 794
428 980
182 448
20 54
58 381
475 854
274 865
391 820
59 808
168 348
301 680
624 707
521 603
7 106
235 552
140 868
95 485
408 994
570 652
316 941
275 776
76 633
886 967
318 839
755 779
374 750
699 959
522 559
761 868
106 526
108 989
255 507
152 964
131 387
680 950
257 292
536 792
827 835
228 813
295 422
71 931
84 993
814 979
777 969
442 843
126 879
88 410
203 622
228 303
226 744
15 700
249 935
284 457
633 828
311 390
179 439
740 950
325 451
319 986
4 973
355 643
443 826
629 677
237 779
111 797
753 898
207 230
449 797
289 318
375 791
665 712
279 728
451 763
858 964
681 822
530 612
490 578
328 723
115 994
3 189
674 849
503 568
264 453
333 766
293 629
393 846
325 958
508 964
72 132
217 543
14 297
294 552
153 581
51 205
563 872
216 596
14 847
281 301
144 166
90 510
401 664
244 318
639 712
6 484
107 330
585 899
459 879
2 77
339 473
179 480
137 171
334 631
411 655
263 519
472 799
461 939
204 238
365 994
611 800
82 747
356 643
933 957
17 95
102 848
676 863
642 982
689 961
753 965
70 372
729 889
466 681
25 950
89 357
190 352
608 766
31 850
415 520
394 850
597 895
554 590
122 226
229 294
346 629
401 732
246 265
603 872
101 547
295 762
63 950
660 786
362 616
96 663
20 943
548 561
51 767
431 976
790 818
229 248
65 450
719 909
879 937
749 867
336 507
51 828
298 800
631 897
288 473
513 953
431 983
1 191
490 993
360 580
790 918
351 809
622 689
463 639
169 774
36 960
329 626
75 462
577 627
130 521
239 595
29 711
113 153
468 867
291 366
465 728
619 716
140 202
175 893
143 245
367 992
506 529
776 858
38 493
640 748
909 966
705 805
507 750
328 713
180 535
918 973
329 699
19 879
43 101
612 705
472 744
635 838
120 702
101 233
287 886
77 849
1 889
618 795
865 912
259 283
852 993
561 734
310 531
287 699
375 735
882 997
143 636
131 259
174 886
177 218
290 707
92 125
412 621
179 387
887 973
124 754
73 947
399 794
231 348
96 757
149 662
211 395
10 514
858 899
803 859
220 784
44 681
232 504
223 552
331 513
449 793
153 913
406 840
22 400
261 854
147 985
214 779
416 750
590 658
133 398
103 766
452 608
325 425
290 761
511 951
257 638
626 739
758 761
86 829
250 535
431 697
570 687
217 591
60 528
347 961
374 938
21 551
932 951
388 864
115 590
431 949
418 593
642 819
191 599
212 803
67 377
54 597
220 577
199 412
83 687
22 997
384 618
698 980
317 946
150 754
728 798
857 963
173 592
30 173
971 973
348 885
345 615
82 259
574 708
311 916
519 559
156 555
622 724
241 987
425 895
738 770
761 799
493 997
249 877
395 970
206 293
406 959
597 791
115 125
651 704
141 521
112 826
184 884
551 935
241 312
161 293
333 828
145 958
843 878
115 530
72 353
473 742
189 710
356 612
522 848
616 845
848 952
927 961
739 851
41 758
416 839
758 864
367 760
435 892
116 169
881 882
592 926
6 447
519 955
177 236
573 786
707 974
86 559
505 558
8 278
366 679
301 657
474 651
242 979
96 775
415 888
467 635
470 856
551 567
1 855
325 748
37 864
32 889
168 784
16 500
720 725
69 613
432 510
706 849
590 907
824 942
49 924
370 928
500 791
86 243
407 515
234 318
189 959
246 581
635 908
128 622
440 690
13 787
206 445
586 899
797 968
247 295
270 352
391 960
299 862
372 558
377 831
228 807
435 571
327 673
359 642
786 861
166 469
40 121
513 639
476 948
415 502
238 654
264 402
417 705
460 872
301 929
367 785
451 869
410 751
15 34
175 420
345 560
806 884
272 449
308 791
321 616
429 882
85 765
82 581
651 799
386 592
121 606
264 339
377 911
206 426
474 522
377 990
47 321
200 702
268 776
