1000
335 602
369 625
642 923
142 782
32 55
504 657
48 636
57 994
397 961
66 642
922 933
36 691
603 961
790 802
486 561
119 179
10 459
547 930
370 954
427 594
53 735
17 642
348 980
516 861
710 860
597 948
691 974
230 804
15 119
276 321
211 425
169 597
213 691
611 636
117 879
140 445
288 895
129 745
438 745
12 421
119 774
469 517
276 302
519 683
325 877
335 810
323 335
117 331
933 944
576 783
691 824
409 745
340 696
389 560
340 888
790 876
203 321
486 628
12 226
461 578
597 924
324 891
671 861
480 581
284 642
503 584
490 769
12 276
370 565
768 816
560 831
404 417
241 862
206 866
308 967
290 486
271 462
512 537
735 822
854 862
117 650
192 935
65 894
480 798
224 748
36 861
193 711
211 506
642 937
120 790
168 424
374 998
507 538
462 626
374 784
47 417
23 597
140 704
390 790
55 667
319 947
298 924
36 417
286 735
302 623
486 741
36 319
429 804
201 410
4 95
261 348
447 538
329 701
89 561
657 749
206 498
519 629
500 840
326 363
3 168
595 740
410 846
176 501
100 138
474 961
38 319
307 887
231 321
78 211
576 757
237 997
57 135
273 887
861 915
740 848
138 502
119 372
206 674
356 552
301 329
206 263
309 961
324 347
30 55
138 836
895 957
12 184
21 971
33 217
881 933
511 887
417 751
501 561
112 860
641 748
576 708
591 596
792 816
374 386
68 202
537 902
88 860
348 490
619 961
561 816
140 847
93 210
374 730
166 833
140 360
153 745
596 865
240 983
574 933
669 887
142 582
361 370
457 479
221 462
140 637
486 653
635 740
140 585
235 578
319 809
356 571
96 887
747 889
166 403
861 871
340 953
444 816
65 812
561 887
482 642
720 967
329 622
267 636
840 874
832 997
596 807
310 889
427 651
193 233
973 997
111 712
490 889
736 861
173 930
64 519
202 968
62 895
108 870
649 840
298 305
636 916
339 560
410 612
335 490
353 410
462 837
576 897
159 861
168 821
294 804
29 210
656 691
254 933
319 996
211 395
829 877
78 769
329 920
190 935
608 901
391 889
816 892
206 670
748 995
65 490
167 486
295 329
700 901
380 912
202 276
298 680
624 895
154 889
142 440
933 956
89 446
89 695
385 692
202 508
211 484
369 398
89 949
302 357
561 860
178 193
445 748
644 961
374 481
519 617
501 919
636 668
145 202
330 379
6 108
738 877
537 924
329 592
769 924
371 684
111 208
33 328
348 885
316 576
161 405
31 161
531 745
21 445
369 951
36 769
72 427
78 385
193 655
49 597
369 478
330 485
166 534
373 735
330 666
33 693
410 785
168 924
92 578
228 636
211 733
340 759
862 934
266 330
21 545
240 753
538 845
503 841
211 986
335 336
657 985
350 840
371 776
89 789
332 754
567 589
685 861
87 560
518 567
315 578
530 537
119 194
766 887
81 385
211 529
142 157
322 459
148 834
117 998
5 57
477 862
332 343
41 997
222 503
26 459
57 149
745 942
412 462
150 380
118 935
84 329
57 422
91 374
462 954
324 493
138 189
924 961
22 840
385 926
445 769
321 890
681 877
324 795
467 804
119 801
161 218
539 735
12 69
642 963
385 936
117 615
358 479
838 997
126 148
362 537
538 717
57 675
227 480
191 567
148 605
479 572
370 555
109 596
73 933
417 593
371 515
71 596
765 860
152 321
883 887
55 198
212 636
137 319
52 321
141 240
927 930
385 731
378 860
4 989
220 459
330 907
387 503
436 596
240 416
740 758
33 954
483 657
312 321
445 930
335 388
148 867
857 961
206 987
78 560
240 300
356 418
50 816
335 568
193 978
827 877
330 941
385 872
281 380
380 830
86 560
117 943
293 374
155 469
544 597
380 697
394 935
166 998
186 469
37 302
278 691
471 537
520 861
108 540
745 856
111 686
548 860
691 722
521 597
895 998
138 991
536 901
559 560
36 840
640 840
74 935
148 164
160 519
561 657
240 607
185 657
134 326
402 745
479 688
170 427
578 940
407 560
65 579
11 567
279 302
142 162
274 417
296 469
196 371
127 202
428 901
326 954
599 636
543 889
895 952
57 707
371 928
563 596
65 869
236 479
567 662
258 486
366 735
320 567
20 161
748 909
356 453
406 997
117 476
246 369
33 893
369 981
148 998
490 933
535 877
335 828
298 433
297 657
587 804
239 340
567 924
631 889
210 763
642 654
860 873
2 538
21 175
501 677
111 490
298 999
877 903
371 826
469 643
105 142
694 860
280 657
690 967
480 620
501 714
76 967
740 975
229 371
737 930
554 840
108 770
34 324
206 819
875 887
119 497
106 417
818 862
57 652
371 964
45 576
561 877
636 843
165 166
193 616
452 877
202 223
469 726
778 816
161 451
36 862
18 193
111 146
319 799
533 636
168 918
459 863
576 793
479 777
321 570
210 775
385 577
168 337
356 586
632 930
33 709
116 503
193 911
560 764
104 469
411 895
102 889
488 997
80 596
276 596
627 691
718 935
420 427
324 924
501 633
567 658
12 817
678 748
148 665
419 748
889 939
332 575
486 672
304 335
519 771
459 638
509 901
78 329
187 501
276 371
459 618
417 434
168 886
103 745
55 715
117 454
298 955
110 117
319 813
519 706
299 324
804 929
4 413
57 466
163 840
348 787
537 825
4 156
748 977
417 820
211 376
282 486
480 610
396 642
326 760
330 814
318 887
140 392
140 415
42 202
445 745
302 448
348 513
459 970
111 969
277 895
209 895
335 743
55 794
142 724
108 465
324 805
55 806
326 601
456 935
469 982
97 538
108 797
369 729
961 984
56 138
25 111
329 598
139 298
202 256
721 816
901 904
501 505
634 997
569 935
108 401
769 954
40 935
329 468
181 371
510 560
168 354
541 862
180 790
367 537
147 486
247 330
33 780
202 896
121 537
285 967
276 735
740 998
374 408
57 78
161 207
790 791
427 954
108 276
33 600
558 935
204 790
561 769
490 901
804 993
55 858
240 262
442 538
298 976
314 326
463 519
480 496
332 868
804 988
111 122
462 713
573 840
338 410
340 954
202 283
326 800
111 557
24 302
113 211
63 89
182 321
380 490
130 142
348 676
161 773
491 930
215 480
12 333
427 664
94 302
352 933
144 740
4 998
193 255
781 901
75 119
70 567
289 486
330 431
214 860
219 410
691 752
383 967
340 551
21 85
119 445
538 924
4 811
78 193
249 967
117 962
326 882
55 954
359 887
860 921
114 321
166 499
131 691
14 462
393 642
89 630
161 177
1 369
4 931
39 142
240 250
195 326
107 862
36 138
108 852
355 501
43 479
4 188
248 319
65 661
44 370
19 462
210 639
526 997
327 578
4 966
427 645
735 835
28 111
472 519
311 370
302 590
348 524
287 332
335 556
65 906
168 716
380 532
140 172
206 460
567 728
324 842
410 561
427 742
171 895
111 1000
99 538
324 808
61 790
245 459
519 689
614 930
410 682
140 549
332 470
369 566
119 492
435 877
270 356
140 272
332 849
16 370
211 990
210 364
351 740
340 880
427 564
292 597
12 779
441 657
259 348
648 933
417 844
385 803
117 365
479 561
380 746
33 158
381 745
33 98
326 958
380 851
469 954
108 291
340 646
576 954
385 703
89 839
82 576
269 356
537 992
341 380
225 861
276 935
210 972
567 719
769 998
151 332
462 905
302 430
161 423
132 961
319 925
804 998
804 850
597 960
257 967
125 901
501 604
101 119
930 979
371 744
65 414
9 735
298 772
240 375
377 469
380 900
924 967
356 609
727 748
206 494
21 660
210 489
321 583
437 479
78 240
748 767
503 884
242 374
33 344
445 636
216 596
67 298
370 659
788 889
7 21
21 90
455 816
36 356
124 804
349 790
901 965
21 384
161 490
58 427
232 410
326 687
27 148
938 961
385 553
400 930
332 445
13 597
264 933
786 816
369 998
21 705
138 200
330 769
8 735
138 910
12 143
410 796
210 959
578 732
750 862
174 537
374 946
399 740
755 862
12 913
480 527
790 898
54 861
334 895
51 166
77 503
514 816
691 761
276 480
65 260
458 538
917 967
479 550
166 275
55 432
251 348
78 142
503 562
46 332
193 449
459 954
252 889
369 588
330 475
329 950
243 356
332 346
205 930
166 621
65 734
89 522
57 128
89 234
138 382
445 642
60 166
4 35
142 313
268 748
78 503
469 542
36 519
735 739
528 877
115 462
597 673
197 596
495 862
240 699
253 340
503 823
815 901
417 523
210 546
348 698
303 356
136 480
298 525
123 370
374 450
459 859
657 663
206 238
166 464
59 740
12 79
578 762
183 479
560 945
578 613
108 345
36 578
199 340
657 702
133 503
342 997
276 769
473 501
317 578
302 606
148 368
265 967
161 932
324 914
370 864
148 439
740 756
206 445
306 370
538 855
576 723
790 924
55 426
65 679
576 580
138 244
83 319
480 853
168 443
168 647
487 998
840 908
89 899
148 878
210 490
21 725
78 997
