10 50 80 4
-66610775 54321
-51714569 54321
66822467 54321
-98768070 54321
-65322728 54321
87093234 54321
-46782416 54321
-83441680 54321
42037863 54321
42415504 54321
-80735005 54321
-45311373 54321
-52041933 54321
69039381 54321
74795305 54321
11699205 54321
62686218 54321
-97355638 54321
-82839140 54321
2302117 54321
36303397 54321
-96827852 54321
9242084 54321
-88303455 54321
-90391532 54321
-57080319 54321
-63951049 54321
-64356605 54321
98892949 54321
39990425 54321
-36084354 54321
-89468172 54321
40815206 54321
94611248 54321
49701272 54321
-67181842 54321
78220669 54321
-58243843 54321
45764764 54321
-56009154 54321
6429517 54321
-87480702 54321
-9234121 54321
-28801013 54321
4211079 54321
-45404978 54321
-73392874 54321
58693321 54321
15188358 54321
73792144 54321
