123 700 1 1
-130217424 130178396
983638709 951624594
-705968414 -584363904
13397284 -264504876
542587735 -308733346
-725129540 617076360
-297045783 -657399802
-419571135 -100163679
709956915 -100502349
685096022 110787513
-919031164 -115362050
-565393527 -644276267
-699150354 -350670646
829034378 -368935164
-424879207 -854700263
-107706017 -333931406
150117402 -912660598
101572860 -383869871
582493347 61535951
-147320293 124015305
193974298 -368293540
90489620 -749550070
243507882 -6758886
369414150 -408264167
-221350990 98199210
-181246242 245718724
-133404538 -929855488
-552470030 -230337700
-736502371 647292121
980060480 194121780
790526386 -582008930
54890054 289608363
-131780465 -197749971
-953849519 547002691
-972371611 -913787387
-761303669 -681434187
-628643899 -132451375
-75146238 -613840555
-943309684 629653695
161679791 -914029935
-379322020 757441428
-796559229 -265125959
244795073 758574085
-90559514 635183922
-854975012 468445186
-46029767 491172471
-335281716 -540588353
-820813091 -356608741
12646475 732507678
-660343496 -907155351
694984798 607730764
-244769617 -21178853
628365915 -621580140
698547962 -2535810
253134659 -73215110
870263706 -439693175
-661690927 -995621048
-167303344 734083925
-683698901 616933114
-444557407 933814669
-208505359 173162670
870996006 -799052032
-330185873 88986472
65778540 -271378383
913640067 729017560
-829151839 -228956943
-13366429 212515883
910608184 -913696802
536885814 862109427
-551711721 439932250
456578077 174364103
861754392 -752545631
965230245 -108698539
-988671240 -958233763
489073175 -647304219
99424927 -296215562
-400900067 -426445794
-370035320 -70938987
351389715 355855586
-166062414 -420401265
-649804419 -54847609
12864321 -59891011
-419796087 771682983
-612046731 -415260802
972947286 -862426145
-969636073 766492742
785050805 872913091
-457590654 643403286
127349675 380626209
-492052395 733409195
454716331 594838928
-855416922 737646229
899960547 -727651683
882494978 -837106813
47820486 -382307272
264533216 395606971
-566915984 -564718338
-883525793 -82965142
527048632 -402021734
-334742950 -474281514
-274366667 -13270772
-247728854 322045859
462880926 434661464
-502953295 -730423555
-275642093 264091041
519667426 141693857
108481358 931467318
90152153 686739340
-434092003 102016365
-236866193 -585309780
-431961082 250233068
30641911 278453752
454082575 -476842737
130076565 864736412
-419725738 -492166364
987111268 643257793
276831661 -824921170
-428550391 20259723
25099075 -979173994
-479011351 338883427
-744867637 208944313
-726115838 430576107
981700322 111024445
93475519 880467937
305649910 886118746
269449803 517163648
529523604 -691973270
771090161 205234598
836973963 -282586146
-553979743 -322434772
267283129 222320533
-453049509 -38170523
818086760 -236986467
443020599 -624996304
-816129236 -747189091
-81360593 533173897
145780487 -684220722
240361786 -867958482
-908951573 -993584199
459737912 56167892
-867817741 927213568
-91992315 -389261666
-631139756 -490922833
178292266 -476345483
-516301885 803583008
-60041478 650140218
-305490515 -330093108
934016588 -622491117
427181242 837823980
-368796517 72702500
295890057 -444838243
196765304 803307615
201372319 298674074
952136860 568936547
-553966687 -932904841
-895617343 -764786073
368042373 -927962442
-602707529 999446198
831592229 912994876
-645153075 -361017188
-87445597 360139896
-84779893 -260666116
-378367740 605606312
-602069183 -765488982
-206144211 18508219
140187513 -828735810
63167306 -508845516
-21805567 -349617170
-694452886 -667703345
458806888 940292391
817947935 337945449
255124147 -275533528
-941274830 743985543
-364423707 373534388
-11394660 -545739130
116345116 -950131753
355758966 -254055201
-579180959 946587164
-298498111 518143262
-437817367 271032523
812717173 6229507
895136781 944614922
371594454 977730302
-671128466 644567775
700134524 444526962
315292831 -389004258
-945088802 -290896817
81532925 717664822
-591887487 440026982
770967485 -571339519
133857228 669009012
-675682494 -508367295
56233965 530943071
-808832336 -408524617
-289881434 -639922111
-544484308 492873821
113195029 -477985015
-151317644 -871461908
-391190710 -465301561
79296914 -139705888
-990222211 -950965728
-889102954 -391878708
152861598 -193441360
400141786 -305823507
-966450160 710940716
101642523 420497935
-903588402 -671379542
-626140589 138228976
-715902225 -378397954
502024063 -316912141
-994172932 473282856
368674136 -264239779
958970204 -138373376
474039532 -649198849
573023688 253574744
545737078 716680932
878030129 190514336
-530868699 -509319994
-206411433 550083525
768510152 -514117489
-243598675 447732823
131992378 409332818
561916767 -929390059
923922892 -569267437
701365151 190839377
719660409 179017445
-716089097 -992541900
61342191 234276874
706628479 -304452723
-347901239 278678767
265369241 -83979530
-603515818 58757599
-701516602 -259828868
-38650473 26382300
-321198225 -43285832
-130159244 -261870197
536582533 -221088080
-870395871 -254554705
-954082207 -45432041
-255550158 -36565721
446596775 -182185223
-796871522 612323977
-441294012 -445520494
226484192 -872526885
347996515 722052432
788272374 960110765
98753261 784095229
-152713710 563751697
-686207835 -626039722
661432092 -282638881
956929872 -170880253
-436569044 -915199799
-172615462 421867369
-28120184 -407699079
-61242795 -33623176
-636453068 640090655
-869244077 961458026
622881273 519788510
867799450 -196217733
-17194159 -880143336
583194939 -739323907
604615769 -670537488
278532763 -937261983
137694512 321465622
702891090 -172343595
687159959 -717349153
349838661 984124100
-879982660 209443450
-505358327 668768243
-470883249 674571030
-628053883 -985929337
-388187955 668928337
-237380840 -507169232
-254801596 -258007606
438321536 -289375786
527470146 -618599000
230098349 482387993
-882411979 -119556598
440972881 586756909
778677416 -149199500
-940682620 -825613081
529172843 701674041
220403865 -153854508
-571948977 274449871
194955476 -382493230
-100859042 73875886
689351096 -319732391
126518622 965491412
-636621129 -147620309
-382713456 -228427068
-702228855 -147267262
259802464 -512333965
-756994121 114656906
722844862 -941233633
-203402273 -180690695
731852903 105898086
-179638887 93047046
-895570098 874051491
-922338971 -311548809
334256783 67730326
-1983188 847575950
635079880 -571298517
-786433266 -303221702
-363754969 304603389
-252958328 -839163684
311494319 -484464373
818437624 -761375296
-439369294 -218863029
-503182964 628623239
849972391 -730790248
436542733 314988856
594141317 -931754146
990441213 261420817
280683574 435027465
588172670 565018611
-650456595 820281582
-757281785 416419425
637014733 50744968
-81584035 62844535
540022190 178604647
345667773 400376856
720951967 -415770172
722544192 507741711
-665066265 -278282496
84309816 131693801
-178821378 -134600539
913098592 -392092463
344276398 -461036728
-932278104 -741645469
112151200 -463045831
-760967689 448046455
-881233036 -729985120
531149649 904169756
446074970 584777341
-460441722 -479535475
-211552022 329430333
-24655277 83405949
-493932978 576141115
-939609183 696050614
-533679228 577803115
-554576589 466483420
-10689509 -162993989
896901885 -216297796
445874853 -207094893
147019804 960147496
-312701137 -273390434
872369386 -709520028
-501751137 -536072476
114443181 804254376
-320394726 -49429740
291199009 860800577
-173430653 -520412795
159665711 724833303
-400989683 -998895441
439481438 903325893
-830700706 -650421989
-321363275 268488624
189164648 115864265
146490522 734483932
-565573724 489957156
-74652015 -524728316
-117010992 498744075
55868386 -44036953
-77931851 -923982016
742714422 698172499
952397936 -131072597
850301731 -598140707
942805626 324140549
658887103 -330309224
-157398843 189698651
-361224339 251673655
-978270320 752293201
-613488939 -632365706
219114181 384638192
997309140 -101861799
-857443409 228970956
925136524 -569546255
-244259461 680687775
934960889 -605951451
-494364841 9327309
53046767 390978849
801964920 292563473
-433760393 -841117590
856580598 302435340
-219219863 585851535
-746725622 687480485
330802568 -851837363
-517452872 -925289365
-767462906 -539971844
358058517 114776370
-345798417 345576866
834404432 -714837956
421638132 -730264139
779654345 -352034592
703047185 297206999
-666720099 822087133
777565200 662804539
681096722 -520282782
17498048 -940147774
284473607 -422778872
-792065554 431498999
909380474 959740264
-13326796 199506638
477342978 -984015473
-511361392 -873012215
-461018742 -202167508
-253237034 445464187
-27444315 925725837
-839065735 123931064
123919829 -475993063
213964410 -30207346
-173346133 -828663840
-643975749 898973785
-698374879 -780864267
-60870437 169400800
-454082553 -163902669
78448634 -191310302
603494024 270931004
-88670558 248054642
918686819 -531323799
-220715333 398606469
-840424061 -559625123
101128051 -555553208
-292134010 -717904493
985425728 554686732
-431529127 374575094
453950911 628684725
-436446237 -343408406
748821275 -854122524
-485521486 -767502072
-773442375 -544736803
610573444 -523777820
239528001 813647457
557544130 -243632960
-897244657 986054761
-679905106 181696793
-847409622 -769179798
-46337300 -423526414
-604026318 -889743530
542408193 -274615798
-881028097 588710754
-731884540 -732334085
105471256 -876594330
46806311 -493789663
5652186 439611972
-134861419 744473050
354921857 -592448265
404737590 682363651
253191602 597573981
-904470301 -63605454
662321528 -974944061
-743937590 603644485
984228193 -319815593
853951871 595534527
-466883307 305884385
277931211 216211309
-770960469 924966451
59440190 -246817437
54525176 -685352590
-189539006 -318720974
383192677 284083679
582420306 950122808
-209504029 820650223
-659798143 653589971
908034722 635907828
-840823216 -297928156
-181731263 -279118869
-776948251 -487877630
515612942 -745789762
825940908 -938968761
-79712269 -62868853
113094984 24104926
563079948 -792509310
-308843569 -884989754
863069835 -168130293
-760457921 547567255
-396070989 -667050487
140244613 860200774
696766339 165413088
-329915540 179959669
-743816954 -644358349
-23766945 797650357
323499877 -26746537
472237535 696205439
99692229 -893305707
610785292 -945629503
-895350153 285264623
-214415833 -116024433
-478669234 935460001
-321246906 -171687396
944133774 781145820
92564166 936159888
516330264 -794478781
-475521789 495720862
-779670034 235707410
121175986 886016206
624465330 157301889
-964476943 680997946
-936435294 -231454842
5753982 456126630
-673643987 421461022
441825308 -104070858
54224988 200517553
828223347 -889775891
13522846 -42779047
892737634 -313356110
-369451914 -890014559
495698500 -388592831
-192918902 -449922099
-833994720 -641869912
-277289476 113866388
379519366 -149708318
-407180581 -961306559
513885038 -904264983
-523137871 -130479701
817895571 107593649
76011500 601774039
986085801 957936683
-267915383 -285061931
-361797746 -485522835
917100112 -782672835
-77480597 -185717931
308966043 -797552659
416560402 -190190471
258503310 203851987
-964119551 -155820302
183652537 -209889549
-707044224 205955816
461133901 388651990
174161425 650833841
504368513 -816193839
357712794 -761289906
154946411 -370305481
-929607977 -816898571
859009461 655797598
-518499226 719682312
-276289414 -602990825
658129206 156835480
-944960778 -450829438
444745761 -362419585
48185581 -596814500
-614118438 948378513
-641363638 279010295
120445315 119258320
218489658 -280045448
565458544 -804176758
959765922 -730291504
-224078130 -75383957
741842924 292776802
689069893 584021154
-596742410 915382753
455884863 659176827
159294972 591185433
290901054 -383530568
-727898824 -568769454
290628952 -817716261
-886954608 -965914818
33032160 -502290584
845345111 515267030
987587181 568608659
-952905801 872138143
122747231 848015469
978923736 -637234191
-968399649 -274985110
-236525339 365303739
-976322106 108498619
-129946969 -246680952
-825645928 -132951102
-418015641 -252949645
999055181 612000303
390061744 -131986403
-313295368 413938845
-987023509 131176387
347284039 679441893
695549032 920463
757759186 -810614142
613461828 -55236729
417579483 -356837367
-205720118 -310890446
-654253454 -829457312
436166033 248059387
321476799 891590730
-413290324 -722288095
-614691646 48116085
-230618273 -593630918
-713717114 714818437
284893830 -764829993
138349055 -826059200
-134303604 941914288
-808264816 584304339
50717626 -155883422
-274861974 -367162784
-310911262 -745128107
-777341354 -510768660
481050858 -869920251
70662413 -538075668
-210815851 -93422496
-268731145 542980219
491022895 -457145042
718582010 842546933
-39308120 804360082
-524901835 -909327372
199541774 224836069
184778125 -405201172
-110300463 330721076
-813657667 -976314487
951303164 -752382659
253451481 302955953
-112368115 -80093561
-594796234 120656824
995768208 797437447
312980590 817791530
211900112 138568198
500874599 -95255180
-63258492 947819735
77715339 -897093475
-599164901 -901438345
-68820621 638524513
383193241 -650889390
-670399349 -684654287
-485970091 560631757
-175834130 -373028736
-418250967 712254488
615945335 628851282
854798528 14343051
16837780 690833432
-352189829 -843329210
415449457 -136639831
560059995 -236261745
808477489 -561732264
925233561 -488792499
818648369 -777664346
-774564130 638714243
-504847958 -457397169
345006392 -581873230
-619593546 931147242
92458699 378214100
167206734 544888889
-482587621 -76457006
283370715 -209324954
-928908176 -367807479
505903332 367478814
-71759099 337038789
-75917122 -222706095
-429715266 87750254
721693619 253546431
970270890 -74352401
-770089378 -405197845
-321252686 21706913
-796045510 -843149631
766216963 821490869
124520651 -436993259
561675042 652067322
-74442089 -541140504
-95518983 -859306018
-18720240 744995771
657444550 -182476852
-854555045 -599744194
-350932925 196139544
-817919548 401285671
333028938 500738085
-513280656 -588892559
-492353076 218371046
952799565 -900267034
671169551 -15491284
5020650 -264582578
-337999661 -228664707
-845246512 767992939
439001721 984067562
416666723 162134755
-867591153 726520953
-377431268 513698536
-345591266 -880557620
-409734772 -138156509
647103268 733149500
-696368140 204473115
283886855 600471276
-42185108 43048748
55863788 -648043592
-485802670 882243704
798581682 677341279
477273445 -768770114
367389812 349939624
-351523033 -908558019
-831607574 461602379
-276324172 -332628335
718588193 -883188884
-378529383 -847195393
-986014314 99493638
392265651 -901069314
5884406 -945005816
125048580 163035510
463056268 303447852
-916806674 -213881137
-366284963 473443028
448565380 -42004409
623213748 634576097
-639356734 284770340
-728438068 -368526468
-955657860 -51728681
