50 50 0 100
-121587612 791174126
-125163976 -719412986
-407037515 -956245822
492803155 -317493695
-210080658 -39086682
-776432439 -934796497
985604379 -237203072
295029306 -336075564
-736744824 156771743
-105459969 308040089
-753379106 -739598927
899521584 -143473313
-381438827 -704518112
11687257 -103824105
-526810277 631724815
252633922 666697872
819313681 -427127620
372295595 -72414849
887895536 760306117
108851298 -74070473
-375429134 219945039
878850639 -405387162
228242974 -90882335
743279267 -402863570
551973803 661851712
290413100 -55884874
-261018934 -651508890
-729623573 -882521518
137730667 620547868
192752148 -901004752
482853421 439790140
-688974410 93927345
842710953 -567035752
-321492193 -734682768
4588701 -917781079
-919563567 210530841
-117516755 144197063
-504413879 916207201
551158920 988243310
-354530266 -893862241
-227773396 690261077
480597407 576259002
-395075022 -818641504
975966644 856469342
13280908 -202155139
-483974071 946010657
-222741319 -705584408
365541440 -457719098
-243020619 191396694
-947381225 -82436111
