50 50 0 2
0 69474256
0 57785761
0 32598039
0 -65299831
0 -3070853
0 84570631
0 31492570
0 64233030
0 79996478
0 85805700
0 -5437708
0 -64211008
0 83171956
0 50340312
0 28086532
0 -4612958
0 -16108181
0 10644005
0 91229400
0 40164386
0 81206026
0 20618946
0 25794990
0 58666350
0 -24678408
0 -38951299
0 10631929
0 -93974275
0 46244621
0 -14607063
0 38160384
0 75039191
0 57212918
0 78649892
0 79135860
0 70246029
0 -41860966
0 -10867149
0 85821660
0 -21864204
0 58422204
0 -23068655
0 66607543
0 68066536
0 -95979226
0 59746355
0 78856834
0 -30907115
0 45332499
0 51591817
