12 50 0 2
0 28048104
0 -8467471
0 -41651666
0 67025876
0 58231311
0 -74994292
0 36648393
0 1108601
0 -70275425
0 96664743
0 77557995
0 -25316817
0 -2275083
0 92922931
0 205895
0 43012349
0 16079122
0 89438956
0 18308627
0 22248348
0 -95771409
0 13022944
0 20272985
0 -83972086
0 12147531
0 -76915869
0 81975809
0 70449821
0 52103487
0 -66859421
0 -7318486
0 50911627
0 -50888472
0 16522484
0 -42935242
0 75918500
0 3831587
0 2459104
0 -26899603
0 21864180
0 97174643
0 -91092781
0 20261668
0 38688267
0 -54473532
0 -80447820
0 76150245
0 74708294
0 33932292
0 -26675183
