1 50 0 8
12345 -18063270
12345 -51204222
12345 30282753
12345 19061622
12345 -90245144
12345 -45667640
12345 59274033
12345 68647922
12345 -94251557
12345 -56450113
12345 57375149
12345 95230279
12345 98648706
12345 62944363
12345 76699917
12345 -59649858
12345 -46983277
12345 -1688007
12345 37161388
12345 74852931
12345 -47851966
12345 80335519
12345 72252289
12345 37254323
12345 -50125245
12345 79826157
12345 2848214
12345 -66139242
12345 3297007
12345 37164664
12345 -92102359
12345 -42715846
12345 78306305
12345 -34975871
12345 -5969007
12345 -59314924
12345 50471394
12345 -85078056
12345 -19431255
12345 50611782
12345 -19314151
12345 62275699
12345 8870516
12345 60591934
12345 57347311
12345 54442230
12345 13640198
12345 -7411877
12345 -54943648
12345 78505598
