2 50 0 4
73679274 54321
-30213595 54321
-60842856 54321
94397588 54321
-31544032 54321
31145700 54321
-12618413 54321
69436170 54321
28711063 54321
51372127 54321
-3237903 54321
-54488492 54321
47884427 54321
8722758 54321
60922531 54321
-16836728 54321
53144703 54321
95012090 54321
17063930 54321
-25234891 54321
68464642 54321
-31243061 54321
11175195 54321
-52846341 54321
-15670051 54321
-87588166 54321
96384390 54321
-46820788 54321
-37528253 54321
75740080 54321
-6071876 54321
22112611 54321
-29159303 54321
-4055884 54321
-63131051 54321
18720387 54321
88078514 54321
42622407 54321
64126040 54321
75747530 54321
-78591999 54321
-25684752 54321
-86481733 54321
-19470670 54321
88388140 54321
-8466949 54321
-95450015 54321
-60581683 54321
-16633282 54321
-75993592 54321
