10 50 0 100
-131331792 41553200
-987028164 -163873146
655780327 -808387394
723685091 342960165
-219782033 105505246
76768284 -564863178
268362621 -367827473
515908807 -158856836
496905781 -995842163
129412638 272642325
515908805 -158856837
-212155166 -221612727
515908806 -158856838
507046683 481819703
922473794 -111177106
-49281307 47307134
-45896526 -809545381
-867908651 -371296611
515908807 -158856837
744748667 428239686
-126126962 -223289556
91062489 120629362
-34717182 -35753893
153652683 347369680
-116857547 -632438745
515908805 -158856838
805414113 -33988737
443590240 211043066
-799111658 -590619820
515908806 -158856836
-279622895 842995664
450740616 209219128
303377819 816449129
3235257 23339713
473874453 -14743479
-588891243 259894568
72912692 -745594342
-841759878 155644763
725853999 467180936
-600596307 -264908718
-486025014 432918402
515908807 -158856838
-402489339 65682655
-680092394 463979183
515908806 -158856837
930615753 127149296
-48317418 588933578
515908805 -158856836
-293202928 565958151
-844780007 -905407244
