5 700 0 10
702658729 11135512
-124010709 -600645971
942200188 -649105757
744484963 763044799
-974446068 584921074
574018251 -75983468
105361021 -738848581
188022072 -784233312
923981512 585711185
176663777 464773245
104131733 -666283396
-917887477 -283162533
986702632 -168634039
-848199891 571540004
545368935 171860645
-68205809 100218289
-78045586 -432858864
990070081 568818758
37365988 666809644
157169062 321437230
906660331 326566644
-174556494 886280436
-702940280 80654286
206948680 727307044
447275012 752999989
852626456 526497458
-136401310 -85769237
-968895315 50386469
528356517 -209429855
862149746 930478048
604447457 24241612
-114059392 -771863618
-528187089 494250263
-990619205 -625159807
553099398 744124407
-14461362 -215233104
5334645 199957469
594335711 -824893442
898503064 442305429
-73459190 728993314
-181800445 -50243588
-136571485 -712498079
-405917158 875899941
-162500028 857246011
-113886897 658324662
969475795 -798778033
16032322 -688354184
-169468258 -546859543
-45860684 -508497479
-13755061 -807982075
643994034 -495521355
-996388961 271447355
44534926 55153892
-641205105 -370194693
-806842718 -676426976
515119242 -274489303
117846539 339636927
-602082466 -895713667
-771229023 757978036
203116255 -471811581
525245052 131215025
-800373416 258139135
-137563810 907498426
-41653136 37488351
-595153682 -473827853
898088861 -30607409
-336319708 -696664567
-970890676 -415238785
-436262836 -231795305
549149354 508335308
594969002 -175726930
199161040 -363627868
-662145209 -4361742
-358191603 882498057
-678344268 -141328660
-761636298 -438002550
158291735 773174423
772765753 -818781904
233082217 -161454748
-967226808 -259221319
-70848134 396541993
-224958213 381099506
515947595 23564746
313645284 -475024324
-164497053 -322569862
167314783 160704072
-184959587 -615552146
-274766737 924712824
-115823294 953721222
446742040 119908458
247407256 586495452
954077978 468244520
326988947 -946489130
-642181650 107507463
451970224 -58281495
702281309 689652825
121419936 125849836
-6760792 -179877044
-515669958 -699976996
-304945179 124355554
-986628837 388346727
-753817093 -540239972
-99417248 -441300965
-543258951 -157994822
-368133078 309607704
-267595776 380025386
-744157046 -748699483
-718236694 127532641
-556598686 -813937375
-558492215 -148792421
-795121385 560993718
-792844224 943553199
-49386457 -510248947
630238594 -432716941
-479283221 -425322016
377069384 964514509
-639722321 224969893
651439875 610295580
-963005978 -230016903
-312210546 921068297
434160743 -953077510
24829124 680026401
-481096107 -296201656
-975633038 611243728
-296386580 -939620853
159255592 289860505
-365973858 57476077
-104850837 -350036683
49113597 748528568
447961656 -894370160
-354552713 -610361371
-471981824 -138868037
796624153 -494997657
-528169195 56458655
-780987313 -754887684
935047885 -843881260
-964037678 -749662725
-588981944 905425082
-8719347 426316309
574040059 -958998225
163216557 172595886
-478394203 -390688340
-59907594 -103212513
-808690506 -849486486
252241453 824271855
811132003 -190562864
435410378 397665829
484253802 320008852
-66695188 -63494668
290653421 -143155904
10626994 456983474
765386543 978477868
-194454051 -828739186
945372658 16206565
889530666 529995198
-118398478 -214262739
-342305530 -441389992
772837388 838647123
-793981601 -936210825
467534740 29523756
-641349905 84354545
-603698114 314982845
-235773004 182908981
112494985 556762157
183840329 482590679
-63419419 249892785
-115613697 91067379
950069807 -985531177
239620444 -632358121
-550296525 -689335383
136644787 -904405549
-625220266 -301700954
-27501845 -722384634
-217631174 85629147
765957756 310728372
331938517 -462197742
-11899514 -392057589
9639924 -123629740
920087229 -288550317
952314261 471994340
828295261 -614420487
-312338022 -900583278
273502993 -121507197
140497471 -333162565
56995092 -771614275
-733790140 492405126
-40128306 562392975
-348342391 -506875088
-976256389 -339344719
5590406 931238624
-707660684 101365944
105858589 119145892
171832390 663161503
489859449 -737824095
-874006943 -42395061
-857217635 -165195205
-762289511 622996835
-225310641 499867485
-313541387 -455914848
486876464 -373443463
81071816 -984990395
251527086 763207583
181567077 373529121
-584939636 201918566
150289657 475939672
-412009978 -129209063
-182311561 -443278895
-365487116 848126142
-756521223 14827248
718832409 517804130
-562853367 92287550
856887282 711564467
389575690 -894057232
534842748 835934706
-482624905 483307099
200331224 -9320897
-333546326 48134552
324392436 599900942
-197092387 -334878675
564412963 -232686590
577270738 825985246
178517818 -44641983
486012491 529961903
361530331 -245441159
259902814 -796424974
-657145518 -871413870
-558113802 -444585186
-725412202 -184446117
327765831 -323143348
452527312 -539182913
-821270240 988111947
-368721653 -789697079
-803844758 537208871
-739968748 445794668
385166045 -817374525
565340279 -67058978
954383458 901620730
21190504 447667910
-179234496 -71415116
-682605430 -897348350
-386304309 -369413994
449697230 -858946936
-958050518 -377781670
-761758140 533439291
428323551 -841529842
500147077 804129959
-527643356 -409060359
521200204 595011576
-135039598 -612124165
567547043 -723601022
296098016 256136895
491538933 -219442790
400490211 115653959
-880306240 884106459
-820204759 235277888
-15843082 -312927352
-640069574 -683031698
819548480 311738838
833660447 -806810617
425490634 -2067843
698460773 -325957535
-150825024 587176817
494109119 727982685
-979593036 987185926
-41230626 -533735248
-118614034 -777336987
648459811 -651123323
-391578496 149936759
-21730012 -483420814
896366261 -722793267
-128571400 -771323056
-975579579 -899413253
-130610689 -494866086
-495258852 -699967982
-767307550 368260946
978351063 889162060
512625660 -33285691
-353777777 25543306
288680956 -160944906
951380140 977403799
135829134 -908833034
-715025344 200143123
688610577 169825935
-642170134 -116423632
200629002 -559000002
-550809959 303298273
-856434136 318957023
314613613 630533451
255204921 789720484
149266461 -194745748
-777500670 -332516425
-461580208 -201561367
-465138729 569523371
537514279 588124818
437096129 874224344
758204984 460595651
-346085017 -457364488
791420431 -611309210
851749515 93156364
-650314265 -416417381
-430155309 -362356511
907272657 -441829956
970944199 -553902161
175593152 -838759668
533507815 -875273920
52372494 -520783002
-33251848 -10205529
-339327990 -137086119
601766724 -950343004
-456375697 -498819291
-269988391 -453909446
777545758 31565493
-373068213 -423602684
-603817760 -386469678
-152484946 449520911
-265167247 -262368259
767146116 568704721
66757583 -713378460
-601812725 -844469736
-782960182 -107613802
-707740598 -29720545
-922781679 68567913
-855194782 -414736514
-132284542 892648779
931841792 408840301
130421844 -958807589
-995589030 -276823632
217225388 102629443
-157878312 -424458858
29234961 -410060851
548554253 699270175
418448634 303331692
-514119667 -228325943
-341341275 502026401
742651395 -950205916
-856175505 716070238
448626947 -704650793
579743690 789570970
296722597 806186110
385660653 48300399
266213106 -887668081
746209394 22694403
-97809290 134309442
-620513061 889905561
390349306 332482747
-717452658 522697840
-527254823 -695544667
-13929137 693071201
291873209 584044863
-931406809 -992068571
819864512 89075294
-298703763 894306980
78965899 -522035363
233750285 837637232
300813603 875055133
-774617519 -97599859
-449709273 410970643
-357014537 -765190219
497500832 178979606
-936683573 -835293766
396044986 -214078843
-565179285 606904275
-566843018 -121231853
323194249 -713167208
-330323561 -918302585
480849081 -564150845
373334151 -843308566
676982889 -603089406
823091476 -51390316
-458311025 64158238
703828018 59914755
-354922006 -55220146
-956490849 197474724
857501819 424488259
267375774 -929888460
-856584288 -583290670
-579126642 -376506732
66385124 101414532
27283765 -891535720
103929020 983683943
-572161235 143982845
-264100692 185087222
664296151 -863053526
-432269204 -725802373
249935739 -120442709
-93996768 -91186230
-885516963 866912998
-764628339 291591431
120920185 261922993
460476005 638731977
482006586 -780514713
-997944646 259984649
932205085 283133466
-124891260 -680223598
585599855 307582736
277344217 -64916751
-502104399 -562552388
-935686796 633270510
559953388 290693977
368390977 120264390
158522613 -537803409
-511761552 -798997786
88790828 949976901
828686713 652686051
-358986588 789122430
-820731997 -70343199
-195089317 -757360293
-800409339 -283434988
-313472497 -168513199
-46317328 -586728589
245442277 -599446602
-44010937 -343508207
-851567931 -39637091
116024123 849422641
664740876 -588910572
22407833 -673143355
-187222973 -295088015
507091921 -46409042
-537585182 565749906
117514666 640490890
-380239469 876774319
47338673 -873446099
-309378586 712107921
539876069 -399959140
-652136704 -480148151
41644958 506646958
594090032 975031514
-452047022 -897684678
650776234 -261629949
-28991453 -596793270
257990313 328260062
181002137 893857778
292335366 285649168
-572044511 79542913
-694914433 462268280
536518678 -548576302
-867163908 400361385
965571957 524518045
-322893853 -627574023
-804963378 -460321284
80341995 -446619140
-414679664 -472857419
-881731430 -981285791
709364082 703118829
-484298255 -10852571
-769116843 -511820648
752264230 517756246
645632502 -378417515
-857943376 -689634401
-191827835 -555800032
135908437 455489793
921773038 30506663
687785242 297427245
-362866146 -811204449
-974273028 -758984552
840854277 -481170254
-22304347 101159874
-121931260 258806606
671134948 118873092
-464164082 668206531
489943171 160920653
-455625350 566997733
-927409634 237538407
-931438694 -957021552
36009345 -403688776
-807505441 -632131244
-416784545 477039184
796037680 606092108
378314836 -149552943
76352987 -682136323
-399275164 -843777712
905697802 -682833780
62975383 499950878
347266319 -641933801
-538592751 130725418
264547249 -267308556
721600388 -943958331
406089649 927702430
-89129268 710644173
111190402 739210263
-614750022 490013182
-365921035 597849279
-632552143 -903020980
466281238 485484276
797084136 -350506144
792538847 691487930
-227483479 -339956620
732041450 537885903
-1004474 772805658
-422391249 -138027079
-995526976 289828570
-368947192 974136751
749611354 -336046802
544466023 147348257
702140963 918295956
-494519021 -765390801
-38787972 -189727097
265422582 795453462
-809351815 131460005
-743002120 -310527239
415531101 370022247
-945959240 761869253
-691575612 -636151946
790269342 171298836
648380441 455626448
-728604456 790497069
476927880 577911736
-662711547 -879136554
-342202875 -389469149
-361404437 421909317
-421264960 118980998
956627290 -913302262
522166994 -22520107
905815122 -877097654
-923207204 256192703
-778447627 190065017
-575839751 -118436626
-304564788 -386962656
352326917 706662321
-320605765 958002630
-112069242 470412962
14560463 -936415204
479654435 828638274
-364084720 542393786
143131476 234243543
-648158973 -440968544
98998836 -788081845
-842626012 -232855646
856167742 829161207
525076894 267961922
-14034753 637801310
-988008841 109047575
989365267 -392244247
621144984 980482577
-992036309 434024202
735687576 628045003
573769465 -461742055
571391331 801805657
-889942699 371868217
-203506732 -984533680
23166228 410702812
-236859499 713505235
220554430 547762125
523273133 308902862
376833625 944326980
-208677741 -564837828
141097145 802911382
103473801 -232375915
350594812 866202398
125898675 -380325070
-695392486 786887831
-688348303 109597035
201737147 763766234
-894849981 -680528267
570069634 923622323
457986676 392761003
919893947 247339825
331169456 -661456899
-431976048 357733203
-863238104 682574168
546566966 -923181558
-716792459 -155903979
-59771254 -804202201
64266182 20124760
-591880979 -500753666
473591947 -387404903
-848612662 367164021
31154431 -597802305
792560789 -996545779
-319569122 120697205
-699953192 -23109074
-539107444 623567324
73864796 954703392
748500863 881683427
482640761 853176982
-118304133 605401474
-385318685 -165503748
496690841 599526958
-828289284 175737342
154156215 107282436
-137537425 670906466
370303679 591097968
461147130 543389747
123414013 -275539425
-906151407 412449563
-721018871 -493723448
-491041659 889116284
-891495534 767984784
-478254433 -389298158
-583033521 -417476548
-973057902 845418042
576648928 3956298
-373980437 826529888
938897786 894788303
406554559 797289609
-235297587 904602314
-488251089 -664296793
490356677 -320287430
248305926 394557053
-788968963 178640307
-224855192 875933991
138827160 -412524342
-806977366 -812900779
-54749850 891785255
-163931262 924983933
-43541931 -675063717
-173011293 673070685
623529958 546031427
176118661 276319997
402442832 -640736364
-480144204 64715174
315016870 -385776885
929802727 335565830
290337879 -549953620
925448080 -566661293
73388384 -72227767
-797558172 887410952
-375658641 -681787905
-699591473 -889037218
-253931388 -738047471
793559767 762325888
-450943141 40154363
-486077487 366462657
920245163 685810245
172821504 -854373204
-969634728 346862186
-148632764 480208995
850270037 65705792
54121631 994047317
597567750 -267067982
516809497 -681749343
-794721925 -430723
149142849 851201692
562020832 633544179
369340787 -878514802
650499590 -925353504
-436389056 979039884
-281739843 461427270
-848372760 75156235
-929251147 768964515
-59864663 739858163
-282319163 -654974488
-977463709 -887583603
123647875 -240370603
582279410 555101523
738857249 184042504
-228259880 691171505
-355512197 -850629104
932917801 -975221899
247228460 -590357234
532671098 -474010356
-109372082 875546849
-729950035 -576915788
-702904295 -404918387
530797088 -417955373
714340708 454936786
855225237 535858475
-441652636 739194749
-263348135 859271596
-521626518 -994174867
190491434 125035283
-128119866 -332915358
577198184 168028113
648793721 -699339482
128039807 996146247
396969336 -759855975
434899329 440758156
109538587 -829467777
-138256088 252637421
-865587515 -50403262
176253179 717229731
-860426493 -308054172
222037970 163499329
-948294670 402996665
-375804880 963388635
-192554402 -506173676
-384123586 13281260
-421978841 453235957
-738937127 -276901410
843003121 -710212551
-123159171 -659423690
-148042025 686109511
-934620362 463421740
-294902199 -184782321
-341987520 866031851
-741231417 -125870235
-993795521 -415044695
-513733700 595124439
667835826 -682484756
-463657040 667998338
-614397346 -448105942
-458451347 551276843
-22433770 -591356528
-705549820 123243400
336049122 551516212
571740313 -935742827
974178592 576225338
-393784466 701171838
-677275353 713186936
-729933819 -146485161
