10 700 0 10
52007610 626362142
630156188 -909721284
-883173214 992428504
-639720269 -873948866
664734623 -434975359
-77332405 -619121282
271107520 -191972058
526949269 891860523
-341396557 -189238602
-897465230 952625062
-157365512 -670910719
867952368 44097972
953246956 30823085
-791793279 948379447
774927393 -522646508
-559863877 741302709
348933173 -162034593
557611042 349018934
-197824446 102784582
258874132 114398684
702100360 513066323
-554002717 416200291
-412649175 64036002
370817594 619095152
-401538870 805521394
-596282815 168225392
-291984696 -118807264
805089088 -954109187
-853659354 -262305045
112516580 563424296
-159985756 607028609
42849854 165546518
469715582 609193625
-25804717 -987926308
426786055 -750372257
-177260322 -253724793
182191933 229608894
-433878155 -965969777
-833450821 66652261
841544075 -560082458
-715627911 -91398456
-587837649 -207618759
-625980 508341872
-298803970 -473362155
-751493819 -2986011
-16760052 406835256
-88841415 -127660046
-314110256 -144401879
-546221113 -379111427
-886139944 111669226
185845599 -789036116
844493752 47054303
-952740420 -8910972
-957651774 514923862
-738436772 -582464278
45073777 471396820
-223973027 -90878089
21595365 956047458
-826381328 -46368280
-70692373 564981655
401157127 164806929
-280659363 -281667465
670678615 -472140350
-459937262 620277145
-62460890 -205090392
-929814489 -551042631
689551689 872468673
-154462560 -236575954
419707676 175239822
-723515469 119057252
660744191 -967223260
-498112515 -71504731
491093002 655242846
-708462071 100476566
717772681 277753843
-893722651 813084896
756828040 -837495147
-33452631 154109204
527509287 156988492
-282560357 572865768
790318629 -966656137
-479405442 -221018520
860790269 -172187300
819332500 -182373061
-733258958 -380652113
-972333794 -940363064
14025259 -878151657
-159773700 -163139318
941724582 77547833
-217032515 -793246963
-53580561 407011515
-537336421 914168348
662925569 553324545
-815771856 -397099151
54151517 -340825302
-767755807 611760003
-803818676 988930480
879679178 -844645525
-235936334 988710861
-607774138 -598252318
415434630 939410076
246729700 919281012
-617031389 256275395
990272057 58116284
-812063995 -347450325
-511470836 991964269
224319784 176697717
663535895 238749236
-16326233 -162746271
58292069 -434937491
-435202587 -382169824
-267957998 805451426
97266330 -926173827
160271892 -538499106
-957491999 334222903
-703130810 99989158
-135658440 887350869
155458404 513822269
-387424966 -956586672
806541446 609900641
-611078931 729181970
397011850 -189153601
132912753 320687085
299035676 57398782
83744784 -172284524
703971034 69954596
125362768 655085126
-780106685 374418607
936904908 -834265139
-263427363 -268755591
-197798206 -29557659
241952955 -690550283
-791519477 -924567700
-790931160 730947933
-495940262 -722063226
102224710 -912863599
845620310 -217267287
-635680904 649908939
472242019 -485411178
648550112 949530249
-348298406 -384388474
426073070 -892661505
100508154 -443857956
-701086987 -297457056
1339572 -604455067
229146210 -972028464
372731210 -336022800
748643488 -771124132
105712993 400983132
-467469737 430933702
106985868 -202351419
795863563 -187154799
-956325632 975300927
-887527755 40521904
934047615 672416764
-869972387 65968173
-793969246 -940056083
295680082 -376639934
-334339854 884098901
644619770 329707853
-556497259 185609182
379623163 616208478
543543311 591450532
668157753 245469556
-231646583 -948836291
372165191 14961535
-378379384 -496000192
-890021290 -807573646
-181017921 441465904
907446792 797377366
57614599 -233885073
-245350687 -342802060
471298849 -65148894
572488038 502631952
446144361 703328247
-683111924 -195488393
588444425 47845504
-801218594 -701738106
-370259159 606872870
222435939 -881543790
479847379 -554748539
59327031 673334399
361418774 -115192055
-645420468 107297731
976488503 656563371
932531474 -524960716
-756777176 -463612782
-786661021 78581353
740227039 -682273428
439755375 -401141898
-856003226 85572885
482593409 361728191
-27761200 -334003669
918435410 -440365694
-364525654 241506391
-934856778 -430168778
-896954295 -629432061
-111349967 -861610504
-846615066 -341238632
699465245 619025141
-361091449 -404441965
855810567 280236555
-170003349 -58527049
279780036 975246718
-782905102 -846833077
-190531694 705291544
-495187100 -631883446
19829575 326115002
-54292073 869178723
-451706636 386743751
214698945 -19330694
-159578990 476144148
501369906 64832548
-145106693 -46235642
-98238692 -20072999
119663779 -61475858
263314008 -960887233
227837630 -635597010
834089393 -363580954
654082597 222960504
-695019772 740578232
133270991 304389787
91953513 327556928
-782508921 -182796187
-963909741 -350763081
-921122054 737879019
-852125028 -873235811
583737093 975146538
-436637791 -76401669
240399247 -887380185
827112477 -649738796
-790401551 721690825
431124056 -781462987
-815555100 -58914848
453136990 223487791
-981309593 -981955143
-711265198 -123313918
175807466 650813280
-769474865 514284568
787369953 433264489
-241729426 881358071
960760357 130428609
-834718943 -910285790
-337702856 205442444
-339844339 302323535
419375918 65437046
907192350 943142247
86724337 -531853833
188406885 487702512
-533892209 -487049339
32212493 -73778642
842867053 -223523256
-424792692 -693698615
775259991 -14999918
567145769 -97224511
274295821 -193528091
232515669 -603435200
-51501221 641085022
-851331378 -598319225
-557376607 -827063974
241441855 970473260
-656367594 -222020088
47789155 458869800
513937088 475429690
-808451330 575209180
80633233 899949205
609048738 -407081024
571410759 -801594686
-977500331 -346849034
667895380 -625176385
-522785916 -524190512
-855148103 440399154
157512817 702240471
-476041090 751966525
-77364624 -783407461
-252303673 -285063562
741190202 -160942362
-147504926 406507465
-347092023 -366381627
-7273709 320721264
963803507 884772906
-153004791 766274155
416664880 335772016
-566471423 714512952
-326135286 -544663235
934818215 786065144
105064876 371288753
510741613 261264286
435668675 522069652
230659059 -969041145
-917938785 -594771541
-195449459 -234512244
-612632820 76087857
-830966509 902284594
319015728 -615275492
275294900 106580599
-741505033 887305568
832254435 273895743
-581248318 -795394209
-68115125 736003156
866323507 -520999636
947239290 528472530
-955402208 -125485353
477022432 839504721
185326182 -32358901
-644051868 -4022208
755841616 52053354
106187975 953687213
132157133 639145983
523478839 60408964
-175393086 -278831745
749446605 -43247862
-736882555 721391421
229638329 373402180
521854275 204357215
-680944600 106162000
-433075113 -914236836
961437280 -952486585
695036451 -887870835
548924850 252895011
158330974 820414371
90547910 24139718
201640201 621662056
-724831987 -770260468
491302809 6705966
-176472685 -762107212
-147889120 305004715
-644906696 -549029864
-648393175 -506502025
520602998 167751258
74654519 -122408006
992621892 533774249
-948805534 -967411355
131370977 -291811421
758170935 740673066
261632043 510160794
-328015902 656710326
-874521024 611501725
-240130376 -131830814
247294887 -791528603
-777993955 608736411
-554936063 162899299
948924228 257357091
757153300 -68019067
128289652 944872805
-114756864 384986054
-833549661 391472453
875719424 556029415
-138594818 -917968716
826616930 -653630541
663898214 200418645
746714190 -782227722
-160093568 -722716427
941571398 63753599
573138820 761550781
314409310 957656388
-168635639 -484968805
419323892 76720273
356982776 -977139633
833452075 -865402456
747888191 -697021822
-44418373 -878533683
-789673403 -806598769
358960776 -841463070
100036746 -827922973
-665221899 4271263
597648396 907675846
547534954 857668577
715034595 -893994697
677903864 -984364727
62089486 -294177626
-223068088 442156185
-846223660 -841169580
747573625 650623563
872716100 523981698
-724034929 42396368
-940085596 -556436378
524873986 826203882
-640184213 256467211
-591868231 768238582
-646997203 -867276929
749004970 -11409153
-933094947 -975152733
-631332795 110637070
-198926870 -137977092
-944525047 239941529
754011129 -38737585
792121649 663194546
97260488 -474977782
18633503 -136437777
743391075 964471313
375737099 149746611
-521951541 -994799534
878278599 178539789
29901780 578055603
-170712827 -330138112
516344692 -864029475
669701522 11779488
462397655 294076048
986561467 600482585
825821188 -982707228
663207829 200788369
-902433314 163684177
-797828360 -818552917
221316575 -365792830
312420721 303601730
583002452 703614725
53880500 750557543
-882461288 231090109
704371064 925004646
676456123 -675571189
-964119511 -682036675
-293416955 855917367
-522202021 -511141027
663282107 54696077
-150255897 734989305
521219525 -368690255
237873775 797679346
-150177503 732836813
-222300080 -763620419
-347777945 816834247
-690907089 -261799002
-338618147 -109413892
297126940 789749524
-148117084 903267409
297151489 307932752
396084372 83517796
257271402 693662433
431609051 -586105919
-995144575 514358106
299572990 -953397365
-891235060 22690965
-388618192 -109620995
-477293285 -244254565
-944606672 -929184739
22848788 -948220924
-293063252 -963699873
-385576574 78564276
-315747170 -23796274
371586433 414699424
-411819681 -786139559
-690965261 84516054
81948507 496430341
705327530 -107067050
-291522162 375484295
-715862213 266881213
884619295 -881143323
-946100629 20609625
812583905 -163495410
-762662424 498338229
-688982232 -495405290
603125307 837643684
858473561 -141287573
452641912 145463964
954143131 142107549
-649768665 31279057
-734484767 -234264263
390834139 215008521
-640197327 86380497
591441273 254608817
888643834 960314093
315493292 -822309260
-140967188 -224269387
872994589 93628984
-464514477 369594133
775963699 -422762438
533415990 -677725391
661096415 -288770226
7674997 -320102091
-657626240 711869730
-508128122 277104926
83155556 791866809
-162878352 -334175151
-99463552 408975246
951184990 -983504113
781929963 -709815144
-504421335 -268724395
-936602455 68449097
269476074 520340560
-256835334 -730909796
115959444 600094460
716547368 893474174
508991773 380164757
-631387842 -257041234
887945067 -528584156
76181913 225792655
-811934614 -903101787
-684911190 46412324
-974795017 169859674
199579146 645580663
-180597981 422912880
-313968857 -350787374
898206116 -345808679
921660308 38577844
483203580 543672775
227883785 894588531
-476930904 -350201955
381673337 913979318
-595464817 -524998754
-913944096 363576383
622777458 303709595
-585324035 -336426201
-224839353 -675434585
768630492 2463866
-994284770 -237078622
-593455810 -206954658
672163665 804548661
624254726 799409960
-844537885 -243166256
943898547 393980554
-319448601 488128288
662640833 798456348
-283507537 235702952
-442814890 -235539371
-779389998 -381004192
-293877911 717824586
-388496340 -693624286
866486785 -748108719
79846561 831871978
968089923 897956558
453555913 802584648
363486763 665747588
-971034261 646537444
-467993603 -438178208
564742316 -171219667
-141291641 299011822
243715088 865771558
903043676 -208955335
-874597230 293268334
552383435 -651517341
-481187268 593909655
440613446 -21786040
667939681 147524743
-282128796 865417310
-171623193 284864930
868097860 -389935238
364743590 465330290
419527402 -176394814
-445273859 -898976475
-977548373 121695795
393348558 -408711284
-510780036 875038197
-823884436 -917495678
-750521983 -420501930
-965037563 -184883993
-29858949 606413351
-680172950 -279139126
-66439282 716777185
-901745415 738848532
-682473835 830311471
578639353 666400454
-522341410 -176964703
-378848380 902325767
986743520 137618042
543492755 192383291
-402507539 -174174092
56401053 -160915117
-696967654 728061955
842148831 590035729
-293506127 331613318
767181108 -471107193
-44059870 551774816
653316561 180900000
-807287516 -61667845
465863142 -995238989
518066972 791138401
-327023395 -140015709
567515811 210698651
260204072 -767810855
859435221 547473017
702424006 36206229
-295681936 6964763
-162987708 -803896677
-431480454 570226037
-653436870 -907139513
-29305989 785427815
769994697 122173492
-376712701 -303149009
-575762160 -759945473
-114778201 -125696543
150057842 -141001990
-976126688 -477194476
-67957484 75436031
-896147080 -486305530
839435213 -448251156
310972926 63793469
-469474038 -60283367
-13936812 838418664
626766798 -825847797
-808371606 -54841786
344724793 -481853209
405675159 734614695
-50081508 569567546
778450683 -704094284
-307800026 225568413
487359674 -412423739
-282710061 318562909
-450371627 -609423597
-649564472 554776501
471292249 62030694
-949843673 827475214
-663170451 -867152891
737180961 571222997
432425391 -492610818
383495506 -848885976
386201532 -441424418
859318192 -364199494
659171099 -699407098
838141475 -49170728
309515193 691855290
-477520339 824322015
-244824526 19050189
-827949003 688636000
-512252488 945470882
729405083 -76115807
47208723 870249814
467906866 903925346
-788651166 -312635319
849064312 692505509
764585084 573936766
-206491113 -673373938
-30086435 202095455
200816915 -622234566
-298569208 -769236394
-725185167 510084609
661141633 610976825
462383104 -826200654
-99131583 -250746530
56536473 -980206565
-752884415 465784286
-903135086 222542664
-518663020 842172674
-600128501 -368556387
-599699564 -713062325
-314541598 861866350
-75544304 525191074
188978142 -958828349
939112362 235505189
-547514349 975844912
618011536 -581823955
612253017 -842604079
570676717 334669218
-380147743 666599140
-449265403 -296377825
-308394399 -354580384
-747428353 -992661283
-468491941 63033670
731913186 -736013050
811882118 -450325023
-755766736 594194648
-165001885 -58137717
-442319605 3323363
-319774204 942586948
519529000 -726908267
-360999368 437520875
179512320 -902983392
-1225703 511389482
-789483327 489011653
207658338 -511753138
-633639558 278524724
404672607 -228370896
-852974218 275123374
-577843098 35427892
660748689 877215374
157344714 -720771092
771692097 -376909385
59124955 666254028
171065611 348274572
-366589444 -325811355
-576881922 101553327
27702517 -105960883
820606710 -804191855
-203410997 415169994
622266565 -768601936
544112337 -936775502
317689835 -255413438
-864855534 -957579429
374350426 -37227153
619563174 -754239797
-106669989 338871681
-388527582 -666417949
38765916 571494044
417733040 -199776166
210785295 929929225
388699184 255689557
-890616756 -656413027
-366194740 309814513
-67420919 -264759561
32879934 157385404
49068508 -62027526
774888072 661745316
241761583 -499137159
-321656112 -724792
518554976 -806021028
275630704 700005805
-920798531 608479917
-728005011 279609160
302625061 287565452
-801211973 653434693
898124083 -19308752
