10 700 0 2
0 -94399932
0 41574017
0 -56725239
0 87953955
0 -35611732
0 -16839102
0 90115981
0 28671354
0 85104677
0 -99375926
0 18083181
0 69420319
0 30319219
0 -27687678
0 -21930583
0 40903276
0 -45172603
0 -86360791
0 62039823
0 -89567794
0 10040899
0 -27122913
0 21088787
0 71342834
0 -82049769
0 28597696
0 -78038472
0 -40092939
0 66337784
0 52645169
0 30343521
0 -560726
0 18713480
0 -60324667
0 83044672
0 45282236
0 21538451
0 31545347
0 36822594
0 55702709
0 7909910
0 81867413
0 -27469114
0 21060656
0 64978232
0 -85833471
0 6448058
0 -71592288
0 89039916
0 56182413
0 -63601136
0 57644301
0 79264659
0 -87176282
0 -54599113
0 -64618841
0 38415595
0 -97623066
0 -39853303
0 31756480
0 95770496
0 59764713
0 36773364
0 -11768991
0 -93461655
0 -12575293
0 -94960538
0 -52229782
0 98675491
0 68997054
0 -15409039
0 -93697868
0 -74282291
0 -16638623
0 52695233
0 42202320
0 91528382
0 33128315
0 99691749
0 85290374
0 22362158
0 -16100178
0 -61867501
0 -32675984
0 -80509808
0 69050812
0 -89204616
0 53433143
0 42614423
0 -51572040
0 -4229346
0 -56886529
0 -17919072
0 10772684
0 -90528130
0 -85917971
0 -58635607
0 -79219174
0 -73288772
0 52905045
0 -12560404
0 -6071918
0 -69790239
0 -98843894
0 81560282
0 -85220192
0 95896545
0 -64553465
0 -939511
0 66500486
0 -73481206
0 -87303699
0 62297479
0 85879059
0 -96030187
0 81563683
0 91600273
0 13633715
0 51803074
0 62327914
0 -67549389
0 89773224
0 18225965
0 -95588619
0 19634881
0 -71323516
0 70350584
0 71363868
0 90904219
0 -98511020
0 -98354328
0 5721338
0 99642959
0 77308499
0 -40287082
0 54836424
0 6824427
0 7769256
0 -52535089
0 -46061003
0 -89810358
0 -29450817
0 -44160063
0 49026869
0 77306140
0 12113279
0 76944888
0 -87558747
0 -81185937
0 -50326660
0 -6658403
0 -85521266
0 -49296276
0 -50397321
0 -55301113
0 3302858
0 -19523150
0 -73088329
0 6314206
0 -55530663
0 -54723498
0 12313130
0 -22229224
0 -19424013
0 -94796412
0 -42687761
0 8074916
0 -8411808
0 179100
0 56894563
0 -94936651
0 73151899
0 -72278599
0 -10034315
0 57827881
0 13386143
0 24118423
0 28389296
0 28544676
0 -99138054
0 -48560622
0 70904219
0 -25080776
0 84046087
0 72583984
0 -83175425
0 -16175801
0 -79985913
0 -47618875
0 -17860414
0 -36237632
0 86003144
0 91626398
0 28663811
0 92470149
0 -1286131
0 67730787
0 -90968141
0 46998939
0 86221277
0 -73594228
0 -28487141
0 75082092
0 -76785937
0 62766048
0 37704442
0 -25986647
0 -27662382
0 50973326
0 27885338
0 -68697396
0 -43243249
0 -8457754
0 -32419654
0 80231150
0 -41747408
0 -18540159
0 72184649
0 88462801
0 47499589
0 6753769
0 95454184
0 -60224783
0 84593585
0 -9697025
0 2995574
0 90432263
0 5535040
0 79286833
0 91634386
0 30838475
0 54793739
0 -45113700
0 -13570015
0 59597603
0 -91347316
0 19927393
0 35532895
0 43612702
0 51665457
0 -61788958
0 86783422
0 42912829
0 -58561103
0 40026520
0 -67900197
0 72061335
0 49962935
0 52191232
0 -86941614
0 19020781
0 -94886430
0 26968742
0 -67945329
0 -42243611
0 -25839544
0 18144312
0 -29640076
0 -81076486
0 96930287
0 -50552968
0 -17253286
0 37458649
0 87943396
0 -81777262
0 12703993
0 49008113
0 -74164404
0 -42571521
0 -44436095
0 23606965
0 58026778
0 -78719102
0 30310884
0 -39800843
0 80687948
0 98473223
0 -94589828
0 60107544
0 -50237392
0 -45549424
0 -17152451
0 37734777
0 -67004194
0 27562131
0 3874872
0 70248375
0 -98819357
0 -95249525
0 -77258140
0 -52990584
0 -46863359
0 97535699
0 -79269607
0 16203451
0 88119052
0 -97577229
0 43047001
0 -6583796
0 -9051442
0 81807674
0 -64861295
0 -59208585
0 -9745326
0 20728994
0 -85724989
0 -87621719
0 -13654017
0 19718788
0 182467
0 50540454
0 -18648212
0 -97132305
0 -61975359
0 96690528
0 -90827990
0 27546670
0 -69545597
0 -93782071
0 -34718412
0 47522564
0 -77989936
0 -58327444
0 70159571
0 82827818
0 23791876
0 -16116847
0 -5176880
0 54612172
0 -23021754
0 -84091385
0 35041709
0 -91520005
0 -37435076
0 5260873
0 39008256
0 54386149
0 -70927551
0 90404364
0 7482098
0 -72876112
0 82867585
0 35023144
0 48072147
0 -36665257
0 -56025876
0 -29076391
0 21337448
0 62426584
0 -42354724
0 9948077
0 -70560171
0 67113923
0 -55922062
0 38979
0 -47179359
0 25322263
0 -46119290
0 2378077
0 -98991897
0 10909368
0 -94095586
0 -58400298
0 1951924
0 73339391
0 -17232917
0 34761815
0 64791979
0 -30625407
0 61467085
0 95514297
0 28349359
0 33874653
0 -95373438
0 -5133582
0 23815032
0 17552681
0 -32052861
0 13776748
0 -44748093
0 -30137036
0 -49542643
0 -27460373
0 -21673575
0 -98670961
0 -11153592
0 -34879679
0 -76078722
0 10157821
0 -82206585
0 21363560
0 21040642
0 23637937
0 -21630699
0 -21118268
0 9143279
0 2494574
0 -446922
0 38925454
0 -69450285
0 5743721
0 -87597203
0 71235575
0 -51800410
0 -14955971
0 -28414521
0 54365462
0 49822257
0 35939302
0 66486089
0 73634811
0 -55865052
0 19064750
0 -43009327
0 14163838
0 -20014375
0 68478173
0 -24708512
0 86406814
0 -85577110
0 69180553
0 -22346118
0 17291109
0 60736861
0 -64938518
0 15740831
0 74235133
0 17766783
0 -83258545
0 -68305502
0 14773456
0 85653178
0 13389831
0 95356651
0 34416242
0 -8724281
0 -20845290
0 58247635
0 -85267532
0 14937103
0 -39206320
0 31307037
0 2298626
0 -97468498
0 -14155039
0 86035196
0 20766750
0 24556863
0 75618762
0 79225140
0 22788937
0 1596556
0 70219419
0 29987351
0 -28235864
0 60710810
0 81272002
0 16105061
0 42572959
0 91397930
0 34124410
0 -62770378
0 -46271042
0 52189821
0 -88495356
0 27150999
0 89298711
0 -41565965
0 13369796
0 -80929692
0 -89039849
0 33472661
0 10822373
0 -64459574
0 26170810
0 -21628643
0 93543862
0 -61643737
0 -73248797
0 51665762
0 -29473684
0 29550082
0 -14629029
0 60820941
0 -69049043
0 -66664719
0 99101586
0 93672949
0 -73663147
0 -79762655
0 -12012819
0 -97885212
0 -1158627
0 -51514808
0 51449147
0 -27510355
0 34269195
0 -52354093
0 92430142
0 40645977
0 -66779838
0 9803989
0 -62616706
0 -6597607
0 -46823924
0 -89855205
0 -63527155
0 1610528
0 -29575203
0 57669758
0 65855271
0 -37231890
0 -32639011
0 -14406956
0 95061426
0 87612408
0 92254476
0 40542122
0 64053450
0 -18445714
0 -8882318
0 -63241632
0 -1634980
0 -73012877
0 23936213
0 -64550337
0 70122626
0 -20943027
0 59377514
0 -50681517
0 -82230724
0 88970414
0 -23602810
0 34845601
0 28580532
0 -62204958
0 -25848531
0 48491943
0 -79386231
0 -14708196
0 45006830
0 -26361353
0 -70760089
0 88253126
0 -25863969
0 55559652
0 25450794
0 29885660
0 58232541
0 13474768
0 64756063
0 85565253
0 -69452575
0 -74889614
0 8711745
0 67141326
0 -1288668
0 94182364
0 -50098983
0 29063529
0 50537632
0 -76483959
0 -21202667
0 35604560
0 63209424
0 91183286
0 -17297732
0 53936808
0 24834620
0 97345965
0 63073795
0 -60025352
0 38422221
0 -85225467
0 93430260
0 -81417836
0 -95068999
0 92173386
0 -39490044
0 35108200
0 -80451706
0 84846271
0 -86623919
0 45419620
0 73105164
0 35840521
0 -58574445
0 58853400
0 -92487578
0 -52042948
0 -69508585
0 9966655
0 8331002
0 -33456475
0 -16443823
0 72267038
0 66616314
0 -47938957
0 -33800191
0 -41144595
0 12115858
0 -57708216
0 71662245
0 63057840
0 -22003156
0 36603039
0 -17787052
0 -7123456
0 21366373
0 94304365
0 69786187
0 -25624118
0 16299473
0 98237920
0 6402304
0 -16120101
0 79542214
0 56891261
0 -27393594
0 -23313564
0 66294676
0 36572801
0 -83828211
0 -29905734
0 -54554455
0 62654201
0 -903901
0 34278727
0 92626954
0 40969360
0 94322907
0 -68349213
0 -57714893
0 -50245895
0 21929691
0 67854609
0 -28199546
0 -80272923
0 -66601591
0 83763781
0 -37072756
0 93022213
0 -19644303
0 72351123
0 -50090241
0 53155418
0 -99330272
0 61387069
0 -61555624
0 19361991
0 -54704983
0 -73808488
0 -69996818
0 -97834377
0 85452334
0 -76911030
0 25780090
0 -90561299
0 7688112
0 -40112900
0 -76949117
0 61871248
0 -45162529
0 68504897
0 -63879707
0 -8530378
0 26526384
0 78883927
0 6835101
0 9691060
0 5588228
0 -31639658
0 -150257
0 -32492696
0 21505128
0 -40887864
0 -17289660
0 -38002867
0 45274006
0 45767360
0 68633746
0 88441172
0 -25283427
0 5015362
0 14088949
0 -77237781
0 75359613
0 2798841
0 -35932556
0 -80662423
0 -26460695
0 -33355421
0 -6730175
0 44716016
0 10823470
0 96418845
0 -13290683
0 11502136
0 2081041
0 -40678735
