10 700 0 3
19003690 0
4760003 0
18224426 0
-25259256 0
68942741 0
-46050045 0
-90509111 0
-72598840 0
73490527 0
64949940 0
12569845 0
76246296 0
56312904 0
13128948 0
65075181 0
-217028 0
3679718 0
-88896342 0
33889456 0
81444039 0
27414234 0
13137725 0
69793160 0
10827630 0
71947260 0
43976877 0
39367630 0
-46070697 0
14563409 0
-88235686 0
-85637739 0
68363679 0
87445577 0
65801153 0
84613889 0
5475469 0
1894129 0
-66343998 0
5499041 0
41259480 0
-73494160 0
57076280 0
19149730 0
-15250718 0
59354085 0
-9876124 0
75287543 0
61855295 0
-98504172 0
-30334569 0
698128 0
-78409644 0
-15803221 0
76200081 0
62443395 0
-8435758 0
-95131984 0
-36568763 0
-88676751 0
-75381370 0
78475969 0
-41766304 0
54286211 0
-35701489 0
-31564660 0
26427531 0
-18382098 0
7580694 0
-59293674 0
45881128 0
67822716 0
-17679788 0
-42157805 0
-59632029 0
84129169 0
73772731 0
93099814 0
-27653102 0
27518485 0
-10348589 0
80186716 0
-62885568 0
47473120 0
88380105 0
46599630 0
-31708938 0
82324337 0
-1523597 0
67587267 0
8395682 0
-16326273 0
-37673092 0
14665348 0
-56337508 0
-20632607 0
-61075978 0
70684029 0
-68793199 0
94896364 0
-24496900 0
68831440 0
49480010 0
22818193 0
20391306 0
84011391 0
65235199 0
9188333 0
12758490 0
-77782815 0
15701637 0
21930883 0
-32412641 0
-10420709 0
-81297571 0
87560219 0
-9934285 0
10846095 0
47581650 0
85895789 0
-90952453 0
74999383 0
-68510747 0
52700054 0
-10571202 0
-34048074 0
-7039627 0
-83766210 0
8193578 0
20356407 0
68802448 0
7688338 0
81275185 0
-64437311 0
-33111462 0
-50287025 0
-89461849 0
-81124249 0
63898039 0
69275224 0
83175560 0
-74120405 0
14076999 0
43622128 0
50925520 0
27913818 0
-17245089 0
-24263631 0
48818478 0
-71190790 0
-13579392 0
49218139 0
95289869 0
-93370494 0
75582776 0
49495671 0
-6943547 0
16864760 0
-61871855 0
-3966572 0
73563185 0
-78752846 0
-64919161 0
42296440 0
-47750498 0
-4386830 0
-8138062 0
-25425256 0
-33087095 0
-34417191 0
47633127 0
70256991 0
85988536 0
-4365103 0
-41751396 0
-44473425 0
83388075 0
75611618 0
98272517 0
8169823 0
96359812 0
-64068742 0
88606311 0
23640847 0
-7192673 0
70455492 0
22229266 0
-88595684 0
-40996244 0
35883026 0
58319340 0
25933389 0
-40380608 0
-4669802 0
-53977936 0
53385694 0
-45676231 0
-25878469 0
32513729 0
80269298 0
47105340 0
48984217 0
-15636338 0
-19970769 0
32175229 0
62840897 0
-69520125 0
82103513 0
31729119 0
-2987849 0
20783315 0
74478469 0
72371310 0
61854123 0
68922780 0
89131074 0
-89896900 0
65669492 0
53907009 0
-5164989 0
-62089104 0
-79731983 0
-12851939 0
-28733719 0
20595562 0
-93382197 0
44180752 0
-81622256 0
86715411 0
-59963535 0
38711681 0
-84981666 0
73637173 0
-65761449 0
-55995757 0
99803689 0
16119 0
45123135 0
27659174 0
-65709122 0
-32055377 0
66462211 0
6165456 0
82262581 0
-41758506 0
-58418806 0
-45554729 0
-37040538 0
-89722318 0
83084025 0
82831121 0
-6078896 0
34066452 0
-67229929 0
41979274 0
-74632706 0
-8368560 0
-86383958 0
93127009 0
-14529987 0
22235269 0
-89484982 0
67156038 0
52790977 0
-34248756 0
-73664412 0
-59520187 0
-39784601 0
-60771030 0
-43691315 0
-14607374 0
38206065 0
-28805326 0
-76840679 0
-40733805 0
-76486647 0
91264454 0
39293018 0
-8225032 0
44061988 0
-90161855 0
-33887079 0
29461091 0
78868051 0
70211319 0
71098822 0
-18265695 0
75049319 0
-26607239 0
-32784962 0
-91078468 0
-39645308 0
80240413 0
-31641498 0
83043559 0
-39844505 0
73268918 0
-7842237 0
-18010190 0
53396824 0
3211885 0
-84276722 0
87112492 0
58326950 0
46892673 0
-81781512 0
-22622325 0
-64829869 0
73720140 0
39455537 0
-15576826 0
-25878155 0
83170829 0
62466669 0
-24142900 0
-3947411 0
-18782011 0
98171823 0
-47755314 0
-23795509 0
45052360 0
87212633 0
13574383 0
38323015 0
56000785 0
-86521856 0
77825715 0
33719160 0
-19434846 0
-68083746 0
27546812 0
30106342 0
-83298133 0
-30696960 0
-18728928 0
-89693620 0
-31101006 0
97301882 0
708692 0
66246086 0
-45091787 0
-36467849 0
-26588728 0
-44569092 0
46174608 0
21885157 0
92551670 0
9272593 0
83365591 0
24591315 0
-48951569 0
31226495 0
11270865 0
74220553 0
-70643709 0
-74170026 0
93750176 0
-41562176 0
60677977 0
45159191 0
-92346202 0
39260497 0
-30494283 0
2668295 0
14805503 0
-44396512 0
-19708423 0
-99371213 0
-42631005 0
-5648729 0
-49792486 0
-14913810 0
-58933109 0
35571113 0
-96908535 0
-42883467 0
-20258597 0
85794114 0
-89685402 0
-65457042 0
-20082790 0
-54014250 0
-85127206 0
-66929340 0
31755406 0
-54082950 0
85200370 0
-67380059 0
19135295 0
-65867478 0
74364689 0
-81072480 0
50431288 0
51929671 0
5836522 0
61267578 0
90270767 0
-93002835 0
-82391442 0
59975611 0
18821896 0
-3324253 0
47916256 0
17014560 0
-46142030 0
94195515 0
-73414863 0
-50183705 0
-93624425 0
-21917632 0
-5227448 0
87803006 0
-42954308 0
-45827054 0
93231446 0
89026971 0
-98641354 0
-86424941 0
-96288328 0
84490667 0
25264433 0
31516276 0
-54155078 0
-66198292 0
56898094 0
-37666332 0
-13004630 0
-2810081 0
20353577 0
51230948 0
-869733 0
-33760545 0
34427720 0
19498830 0
-63441661 0
-13009818 0
18689913 0
67987560 0
-73146975 0
59341701 0
73409580 0
-61102351 0
22473637 0
48955647 0
3563640 0
-66248868 0
3061424 0
52707594 0
-64395960 0
39696667 0
9808825 0
-56592606 0
7000652 0
28230745 0
-18914697 0
93086383 0
-25679831 0
-38918545 0
-38328290 0
-52988832 0
8167989 0
-10548089 0
-21018856 0
-52965452 0
17519214 0
-40947996 0
-67310661 0
-77495343 0
-22505372 0
-45828540 0
-67689482 0
24657149 0
-59922157 0
-17191154 0
-76476201 0
-49768444 0
-20905591 0
79788657 0
-74753907 0
3048851 0
8324630 0
57392318 0
16344619 0
21915734 0
-55291764 0
-65280128 0
89793347 0
-46640792 0
14733793 0
92095862 0
-10957143 0
-84743702 0
56820735 0
-93962436 0
-43616854 0
-77136642 0
36084921 0
24878200 0
55108019 0
81974700 0
-90827246 0
-29256413 0
-42080981 0
11665668 0
85532728 0
-38460720 0
84393025 0
40275538 0
-70065906 0
-54082886 0
-23179894 0
6536113 0
65652349 0
37818245 0
-22792507 0
83800179 0
83676632 0
-46381217 0
-23873727 0
53175870 0
30207350 0
-78464774 0
-3363933 0
-82470961 0
10732122 0
-94769623 0
36555120 0
44163917 0
-35739357 0
1333095 0
-97295257 0
-26909657 0
-14081497 0
-24987433 0
80264278 0
-48946215 0
3903863 0
41084583 0
2083084 0
91146543 0
45982138 0
-5579028 0
-27450255 0
20067304 0
-74120542 0
-98917064 0
-88379490 0
-74669074 0
-28233076 0
-14319768 0
15398770 0
-50306407 0
98616465 0
-39375486 0
97722476 0
53771520 0
41818538 0
88947444 0
91039513 0
45343191 0
56820555 0
82745183 0
93263259 0
-28714375 0
67548993 0
-3139276 0
36851356 0
-4602004 0
-45669062 0
81552814 0
-91781531 0
96927063 0
4262033 0
13963665 0
-69537320 0
-68927226 0
-37831684 0
46578822 0
-64768205 0
-24295839 0
89629023 0
-7313691 0
81384467 0
-32525356 0
-62630207 0
-12281841 0
-12429329 0
-75485663 0
82413892 0
-26897304 0
-48774000 0
-25711536 0
20775213 0
-83418289 0
-73716261 0
7748530 0
-13443987 0
43659675 0
97516729 0
-98050831 0
88462008 0
-85096558 0
5879029 0
-97958161 0
-40810146 0
9490579 0
84225996 0
-81831141 0
61261112 0
31808798 0
31510271 0
12573570 0
-14500590 0
11681128 0
-95843861 0
11373758 0
35350519 0
-32385161 0
-99341047 0
79194039 0
-44525374 0
65766160 0
-85071264 0
-38330449 0
-27973855 0
-64607260 0
96156081 0
9349558 0
-86335491 0
70687473 0
-26270707 0
-48496340 0
77081837 0
77509710 0
57824864 0
-59456624 0
69482057 0
11504113 0
39790454 0
99047985 0
17673668 0
46698014 0
94153375 0
-77524070 0
12616185 0
-48291045 0
12783371 0
79581378 0
87446629 0
-11487379 0
-92046381 0
-43377030 0
-91806126 0
-5078227 0
-85817287 0
13990604 0
-51453858 0
-85742328 0
71467774 0
45022317 0
29042466 0
31201582 0
-58374195 0
-8557077 0
84622054 0
-18342516 0
-25019206 0
-25125735 0
65488020 0
37208618 0
-61933042 0
-57222892 0
27814792 0
-57642133 0
-56872049 0
73518681 0
-47549936 0
64712999 0
64897738 0
-24452224 0
44869011 0
62202230 0
71423343 0
-95345595 0
-58104365 0
-21359725 0
98461289 0
98719279 0
96376003 0
-74139017 0
24574145 0
-64610281 0
53409443 0
-24105392 0
-60880680 0
4163117 0
-42013557 0
75046533 0
-37044741 0
-39903916 0
19498405 0
