10 700 0 4
46283988 54321
96466781 54321
13978655 54321
-11935939 54321
-61577692 54321
9736738 54321
-80012690 54321
26687782 54321
16461771 54321
24946930 54321
43764655 54321
-52020159 54321
14571916 54321
-39154293 54321
-48865116 54321
73867613 54321
11960116 54321
25965434 54321
48878081 54321
17533154 54321
84185691 54321
54965231 54321
-92820468 54321
-48671213 54321
-12298930 54321
-14723092 54321
-7154799 54321
-3535138 54321
-70416921 54321
-11343731 54321
-98864357 54321
-21466488 54321
71072671 54321
-95590000 54321
-27757244 54321
33639135 54321
63820611 54321
50491439 54321
88233670 54321
-6156843 54321
-47281156 54321
74932712 54321
-97115351 54321
-92450817 54321
-48597353 54321
44545487 54321
67720134 54321
27019662 54321
-13037262 54321
-95817255 54321
519065 54321
-88246884 54321
-69040024 54321
57687115 54321
33185041 54321
-55936069 54321
-16177168 54321
-87069641 54321
49301246 54321
42572799 54321
87526866 54321
62010384 54321
49355527 54321
47447035 54321
-62034944 54321
-85012142 54321
-47803996 54321
-44799864 54321
-9769031 54321
-72171030 54321
71230253 54321
10732030 54321
80445054 54321
40770906 54321
24031390 54321
-4934238 54321
-44850285 54321
-33887345 54321
77422134 54321
21283102 54321
-18357363 54321
-80860131 54321
77906016 54321
9360015 54321
-3827948 54321
-42753856 54321
35181545 54321
74727843 54321
11905976 54321
34443077 54321
-73359812 54321
-13157010 54321
58269988 54321
71894775 54321
92215851 54321
92588331 54321
-5213008 54321
-15949768 54321
-98830112 54321
87037128 54321
-73996381 54321
21451575 54321
-4808844 54321
85249497 54321
-83424106 54321
-42059393 54321
-89741110 54321
-23440314 54321
-66904868 54321
53412157 54321
-22469517 54321
25270945 54321
-86449702 54321
-18934317 54321
-61862836 54321
-29659256 54321
46411348 54321
31945530 54321
-72038521 54321
15356925 54321
16342433 54321
-90567809 54321
-42272014 54321
-24678696 54321
567607 54321
-59810789 54321
-92076662 54321
-7297006 54321
-53458247 54321
-3524830 54321
-86516083 54321
-73147508 54321
-73151384 54321
-15585336 54321
9011872 54321
39139824 54321
18845007 54321
73767555 54321
-18286604 54321
29062646 54321
16570171 54321
-12470315 54321
-16831674 54321
-83602356 54321
-73351750 54321
70217976 54321
-17874948 54321
-60420490 54321
91763653 54321
-8909052 54321
52359400 54321
10252962 54321
-62453410 54321
98583077 54321
-62816862 54321
41245608 54321
-78688379 54321
-64355839 54321
-93299561 54321
-72548321 54321
59239514 54321
54522838 54321
59630319 54321
45946490 54321
17002539 54321
-61203968 54321
68575768 54321
-57705708 54321
61332791 54321
55633809 54321
-2135120 54321
-97335514 54321
-45544292 54321
-8351667 54321
60390476 54321
-73570420 54321
74054725 54321
84153580 54321
9053115 54321
66426877 54321
92353919 54321
-73241411 54321
52530038 54321
10604725 54321
76726709 54321
-51395922 54321
27558591 54321
-93395215 54321
-72595264 54321
-47479062 54321
84757117 54321
51754139 54321
84574339 54321
61009322 54321
-94538734 54321
-9529777 54321
63852705 54321
6605362 54321
-44052932 54321
65769829 54321
-97106180 54321
72693412 54321
-25726105 54321
78633538 54321
66838435 54321
-95284820 54321
-30825758 54321
43631412 54321
-20594751 54321
79913752 54321
11252266 54321
64161195 54321
-58525643 54321
11790619 54321
24084555 54321
-80048838 54321
-17361005 54321
-56547243 54321
-81389036 54321
15951920 54321
79148367 54321
-99452789 54321
-35854777 54321
60693547 54321
-70932890 54321
71035285 54321
25828818 54321
35455614 54321
5842685 54321
-89108670 54321
-42710869 54321
-83976215 54321
60918820 54321
707833 54321
50850100 54321
64245291 54321
-91782490 54321
76899058 54321
97218994 54321
-63128808 54321
-90265406 54321
33526023 54321
-32876130 54321
-24483012 54321
-34345076 54321
33193758 54321
-78844485 54321
15167302 54321
41487172 54321
-57894319 54321
-5138676 54321
-2978420 54321
-21221779 54321
81649995 54321
50919776 54321
-43393443 54321
92497226 54321
51351901 54321
-25970338 54321
33004700 54321
-35531595 54321
4895491 54321
20128707 54321
-89464865 54321
-12801715 54321
47484264 54321
51427163 54321
-48702653 54321
-15377163 54321
77360139 54321
14427792 54321
19496535 54321
51904308 54321
-67438177 54321
-96317951 54321
89674132 54321
13610311 54321
-46649398 54321
17812233 54321
-3243261 54321
87955588 54321
-44947614 54321
-44298894 54321
24275578 54321
65040555 54321
-32933075 54321
31354403 54321
51002588 54321
69957229 54321
56859392 54321
-11089481 54321
-93124771 54321
10189442 54321
-99918370 54321
-8053783 54321
98318038 54321
-72486564 54321
-91421042 54321
26654198 54321
-84503375 54321
44339264 54321
-43731855 54321
-42297462 54321
-46733417 54321
-30036573 54321
-13101349 54321
13569485 54321
-87113723 54321
29177349 54321
-2087966 54321
45895137 54321
-71991462 54321
87623817 54321
-20568710 54321
-90711260 54321
15540327 54321
-13600510 54321
-28246951 54321
38362886 54321
13981258 54321
17202388 54321
-94269964 54321
124522 54321
27718593 54321
43965819 54321
-91582778 54321
24112413 54321
14937876 54321
44463635 54321
52834293 54321
823905 54321
-27636118 54321
8568710 54321
98486570 54321
86764564 54321
70172858 54321
86968768 54321
-57718460 54321
93595741 54321
95149988 54321
-70466392 54321
46624995 54321
48428688 54321
11326576 54321
33665880 54321
8553710 54321
94210294 54321
-21776597 54321
14299248 54321
-78824774 54321
82455243 54321
60898722 54321
-48802568 54321
89436404 54321
56896866 54321
-53033168 54321
-15149305 54321
79064190 54321
-52951778 54321
-65118289 54321
66919736 54321
-26226942 54321
21017711 54321
-9302109 54321
-51280475 54321
28677261 54321
-43925443 54321
95102398 54321
63725558 54321
43098659 54321
-47453653 54321
-94275220 54321
-8262157 54321
1307457 54321
-2062874 54321
74945174 54321
-5585604 54321
78687505 54321
-37439241 54321
-27515873 54321
85156610 54321
-97172379 54321
98518622 54321
-94046331 54321
79774 54321
-46131917 54321
-74684599 54321
18431383 54321
58129008 54321
86589658 54321
-30868432 54321
24222029 54321
42413380 54321
-94879758 54321
69509228 54321
-89704352 54321
-67935 54321
-86241206 54321
44821777 54321
-76820568 54321
-91583345 54321
-33202282 54321
38467331 54321
18206129 54321
14763493 54321
-9139533 54321
-77722558 54321
69025202 54321
66876611 54321
19205912 54321
-97391861 54321
53743555 54321
-28375298 54321
56550733 54321
-25731182 54321
44586086 54321
-97052164 54321
-83457629 54321
29252655 54321
-32790307 54321
-70606870 54321
-13210223 54321
-68470195 54321
720404 54321
-53456407 54321
-94101363 54321
-7167008 54321
88755947 54321
-6552523 54321
-44708744 54321
74027916 54321
76416161 54321
-79225078 54321
4394220 54321
-32859151 54321
-32686484 54321
-61673291 54321
-2814755 54321
18619784 54321
-69070135 54321
56259256 54321
-88452202 54321
-86422560 54321
54771281 54321
-30401326 54321
-2937752 54321
-87843739 54321
-83865977 54321
74379521 54321
71258480 54321
-28432619 54321
-23601860 54321
774763 54321
-1902924 54321
78539324 54321
-40567072 54321
-28133410 54321
-95254654 54321
50880710 54321
-95866905 54321
-27187345 54321
-81337373 54321
-59261964 54321
-96402698 54321
46673297 54321
-9944214 54321
-30827448 54321
96502097 54321
-41279745 54321
-32190569 54321
34185615 54321
75042 54321
27826248 54321
83563367 54321
80473729 54321
75025815 54321
-52341375 54321
12688176 54321
16750024 54321
41031928 54321
-25308060 54321
-21409397 54321
-40901715 54321
37221381 54321
-4333926 54321
-19808304 54321
-75988236 54321
-81245400 54321
-89118605 54321
91400445 54321
7627107 54321
74048282 54321
-22603699 54321
-10193116 54321
-88778851 54321
-96359804 54321
12526664 54321
29392057 54321
1929854 54321
9619570 54321
-72125315 54321
77369380 54321
-21187149 54321
47557285 54321
96282740 54321
-69769960 54321
-20396159 54321
-77866042 54321
-46691150 54321
-45295121 54321
66037593 54321
-19023394 54321
99168515 54321
31970116 54321
37131421 54321
-23450638 54321
-33995642 54321
-63596895 54321
-77453391 54321
-72727999 54321
11992593 54321
93720942 54321
7679522 54321
-4978766 54321
66811059 54321
-19920890 54321
-31432439 54321
77127948 54321
54869849 54321
-19599188 54321
-47858370 54321
-5710528 54321
-56579495 54321
-97308002 54321
-55558261 54321
28977988 54321
3350474 54321
97757670 54321
-26361 54321
-54265830 54321
-44295694 54321
94333542 54321
867320 54321
82944507 54321
3412729 54321
-9446198 54321
76964832 54321
86619578 54321
-30903257 54321
24014275 54321
-49382346 54321
18767995 54321
14059911 54321
-20086027 54321
-90543223 54321
30908806 54321
-43501680 54321
-73538857 54321
42729164 54321
12405013 54321
-29234226 54321
99712999 54321
69002786 54321
-5919098 54321
54739216 54321
37706447 54321
36645696 54321
-43948167 54321
-94045850 54321
-22583961 54321
-4802387 54321
36335226 54321
-15972313 54321
45481851 54321
-34207487 54321
14287903 54321
-56136627 54321
51845974 54321
-66327872 54321
69461568 54321
60518489 54321
-88302736 54321
46511769 54321
97225099 54321
-86680842 54321
-91093830 54321
-94311657 54321
9890213 54321
-38163095 54321
43337474 54321
77448395 54321
81955145 54321
98552023 54321
78474981 54321
90334133 54321
8740265 54321
89702648 54321
83037216 54321
-69643575 54321
9933747 54321
50096916 54321
-37744812 54321
66919107 54321
21572855 54321
-60347373 54321
21460566 54321
-71992851 54321
27151653 54321
17848386 54321
-160035 54321
39871653 54321
-70851185 54321
-83811207 54321
-97088525 54321
44134573 54321
28870216 54321
34754430 54321
27907895 54321
46969943 54321
94830639 54321
30458716 54321
-13147989 54321
-98661678 54321
77978438 54321
-16772734 54321
49040498 54321
56701353 54321
55441667 54321
-85443695 54321
-48948838 54321
33836413 54321
-49070452 54321
-97926136 54321
75761380 54321
-19656441 54321
-63151130 54321
25185973 54321
72709571 54321
-34655076 54321
65096925 54321
17585053 54321
-11642714 54321
92357941 54321
21894074 54321
25052403 54321
-88653806 54321
-84437783 54321
99532614 54321
-60803534 54321
-33203045 54321
-90037543 54321
-44399697 54321
87253059 54321
91350551 54321
-37515429 54321
54215326 54321
-32231599 54321
63151109 54321
-78000204 54321
-71102891 54321
-1960585 54321
79743105 54321
-13655326 54321
82387349 54321
75869427 54321
56749873 54321
82606158 54321
-50098349 54321
20382093 54321
15412396 54321
-66117643 54321
-27898850 54321
-93775264 54321
-27698115 54321
-98946563 54321
60697964 54321
83297972 54321
67844472 54321
24473224 54321
54347255 54321
19614029 54321
-564370 54321
-52262559 54321
45278087 54321
64645696 54321
-43290725 54321
-87599589 54321
93056077 54321
-14386613 54321
-5630804 54321
62221177 54321
39563496 54321
44359115 54321
-80509361 54321
-48076447 54321
75338798 54321
63768660 54321
35000554 54321
-32753211 54321
13219202 54321
