10 700 0 27
-8843906 -8843906
-2075891 -2075891
-5432058 -5432058
924269 924269
5112970 5112970
9125500 9125500
-8296475 -8296475
-6546839 -6546839
3851091 3851091
8829341 8829341
1685397 1685397
-8548847 -8548847
8805588 8805588
-8005469 -8005469
5023058 5023058
5899545 5899545
-7863847 -7863847
-3773604 -3773604
-9622112 -9622112
328811 328811
6349729 6349729
-8851506 -8851506
8198411 8198411
-8216352 -8216352
7025040 7025040
3727495 3727495
9444327 9444327
-656975 -656975
-8418620 -8418620
-3730265 -3730265
-8229777 -8229777
5303802 5303802
-3874081 -3874081
5397 5397
-3648514 -3648514
-4155470 -4155470
2698561 2698561
6711468 6711468
7978822 7978822
2665632 2665632
3400479 3400479
-4698572 -4698572
4623596 4623596
702254 702254
-6576463 -6576463
-1412226 -1412226
8394261 8394261
-5198418 -5198418
-5609408 -5609408
-3342994 -3342994
4725052 4725052
2495857 2495857
-2905271 -2905271
-6812674 -6812674
7089109 7089109
-103699 -103699
417271 417271
-9186346 -9186346
6246474 6246474
-5636199 -5636199
3927913 3927913
9003262 9003262
-7844496 -7844496
1123546 1123546
7798216 7798216
-3661252 -3661252
6757695 6757695
-4470547 -4470547
-3490897 -3490897
6991171 6991171
-3877078 -3877078
-6432153 -6432153
8360584 8360584
-8645169 -8645169
4219269 4219269
-9514839 -9514839
9675811 9675811
6059395 6059395
-4894461 -4894461
-2881974 -2881974
8983656 8983656
2021391 2021391
-6189226 -6189226
9042807 9042807
9500730 9500730
6297242 6297242
-4404270 -4404270
-7796674 -7796674
-9603887 -9603887
4751312 4751312
-1159669 -1159669
-883728 -883728
9342658 9342658
-9989311 -9989311
-6208470 -6208470
3173132 3173132
-3375195 -3375195
899204 899204
5155955 5155955
-484147 -484147
-5820745 -5820745
2672699 2672699
3119734 3119734
-9554351 -9554351
9838775 9838775
-1690134 -1690134
-4931177 -4931177
4808572 4808572
-7954502 -7954502
-1150896 -1150896
-9231670 -9231670
6245708 6245708
9957980 9957980
-992507 -992507
-4783625 -4783625
7139205 7139205
1791316 1791316
4754494 4754494
2564929 2564929
9911838 9911838
-8036068 -8036068
7207926 7207926
3647452 3647452
-360768 -360768
8270066 8270066
9197097 9197097
-953978 -953978
8156443 8156443
-9673306 -9673306
1147246 1147246
6741068 6741068
-7885958 -7885958
918053 918053
-4632155 -4632155
-6421494 -6421494
-7273516 -7273516
7381243 7381243
3586463 3586463
4179554 4179554
-3120740 -3120740
2292698 2292698
4104518 4104518
6568667 6568667
992516 992516
-7814231 -7814231
-5376919 -5376919
2269414 2269414
1591685 1591685
1528908 1528908
-289489 -289489
2468038 2468038
1600668 1600668
-2450096 -2450096
5086845 5086845
1436005 1436005
4490867 4490867
9585811 9585811
-3065411 -3065411
-7253492 -7253492
2225058 2225058
938169 938169
1189862 1189862
8890425 8890425
7595751 7595751
-9552413 -9552413
5403752 5403752
8462291 8462291
-7396550 -7396550
1781576 1781576
2506297 2506297
3476510 3476510
8226278 8226278
-8964402 -8964402
5672304 5672304
-3291262 -3291262
-1369839 -1369839
4622792 4622792
5940085 5940085
5697921 5697921
2268683 2268683
-1186875 -1186875
-1382777 -1382777
-2688719 -2688719
2795748 2795748
-2882790 -2882790
-7870871 -7870871
-9353406 -9353406
-4775333 -4775333
5298994 5298994
-1452052 -1452052
-6104573 -6104573
568945 568945
8674288 8674288
7428267 7428267
8349767 8349767
8409427 8409427
-6176341 -6176341
-1657133 -1657133
-8152044 -8152044
2177427 2177427
8037217 8037217
1077220 1077220
-2417412 -2417412
985385 985385
-1895712 -1895712
-5222091 -5222091
-3601335 -3601335
4166571 4166571
-6834878 -6834878
-3582025 -3582025
4040069 4040069
636171 636171
-8152189 -8152189
3570929 3570929
6999695 6999695
4438391 4438391
-4850545 -4850545
-2124133 -2124133
-1721262 -1721262
6144088 6144088
774411 774411
-6345839 -6345839
-8759233 -8759233
8564895 8564895
-6490302 -6490302
6245334 6245334
2391271 2391271
-3271905 -3271905
-8831968 -8831968
-7272065 -7272065
-8989677 -8989677
1061007 1061007
1041821 1041821
4984498 4984498
4106061 4106061
-2858673 -2858673
-3731533 -3731533
9345895 9345895
-7009709 -7009709
-1580715 -1580715
1682736 1682736
-2290225 -2290225
-3341087 -3341087
1619069 1619069
3185972 3185972
-49981 -49981
6323191 6323191
487200 487200
-6061839 -6061839
5233007 5233007
-7231162 -7231162
2715244 2715244
-9226712 -9226712
-6687692 -6687692
-8887870 -8887870
-1798313 -1798313
-8403413 -8403413
-1528686 -1528686
-633827 -633827
2532708 2532708
-6204244 -6204244
-2772697 -2772697
-2232509 -2232509
-4759131 -4759131
1323581 1323581
6727748 6727748
9817251 9817251
7092973 7092973
-8255511 -8255511
4266909 4266909
5543338 5543338
-8144398 -8144398
4689847 4689847
-8026754 -8026754
4096816 4096816
2934102 2934102
3089788 3089788
1948987 1948987
-3314389 -3314389
5534572 5534572
4575394 4575394
-8241869 -8241869
-1972480 -1972480
7968754 7968754
-9373770 -9373770
-868186 -868186
-2803185 -2803185
-8850817 -8850817
3199456 3199456
8273745 8273745
9064795 9064795
-1074323 -1074323
-3903861 -3903861
-7317784 -7317784
9972098 9972098
7151281 7151281
-9851616 -9851616
-4153498 -4153498
-868864 -868864
-3598962 -3598962
5492365 5492365
7752735 7752735
4576401 4576401
-5516423 -5516423
-4845813 -4845813
4890384 4890384
5175721 5175721
-9407178 -9407178
-3471958 -3471958
-6014438 -6014438
98995 98995
618528 618528
1227537 1227537
-3748083 -3748083
-7963693 -7963693
9804261 9804261
2900357 2900357
4196995 4196995
-4106742 -4106742
12214 12214
-8970478 -8970478
7949383 7949383
-3597762 -3597762
2714328 2714328
-6682210 -6682210
-954959 -954959
-8527265 -8527265
-6780535 -6780535
5399615 5399615
-632687 -632687
-1088916 -1088916
-2929932 -2929932
51331 51331
5327829 5327829
-364497 -364497
-9069628 -9069628
-3734407 -3734407
-5402457 -5402457
8499083 8499083
-7410436 -7410436
4806649 4806649
7582774 7582774
8635206 8635206
3536072 3536072
467812 467812
9200473 9200473
-8862397 -8862397
-7264287 -7264287
-6044287 -6044287
-3881682 -3881682
-6675612 -6675612
3717586 3717586
9338200 9338200
628703 628703
-1265065 -1265065
8659856 8659856
-2695316 -2695316
9871645 9871645
-7286208 -7286208
6303690 6303690
-1367378 -1367378
-9708175 -9708175
4529608 4529608
-3711404 -3711404
-4851994 -4851994
3359546 3359546
3302094 3302094
-4354777 -4354777
-9031804 -9031804
-8476135 -8476135
-4801509 -4801509
7528929 7528929
9067690 9067690
-9399749 -9399749
7642594 7642594
9395603 9395603
4259534 4259534
133853 133853
-2119958 -2119958
655107 655107
18173 18173
-4603095 -4603095
-4332033 -4332033
211414 211414
4094931 4094931
-7427992 -7427992
-4286551 -4286551
4934905 4934905
-3604590 -3604590
-9649394 -9649394
-4479171 -4479171
6651021 6651021
5155198 5155198
4667249 4667249
4473766 4473766
-3586321 -3586321
9347526 9347526
-8572345 -8572345
9725740 9725740
5215346 5215346
-8176231 -8176231
8465371 8465371
-571492 -571492
5802401 5802401
-6767341 -6767341
-979140 -979140
-3671926 -3671926
-3758212 -3758212
4304720 4304720
8696369 8696369
-8990077 -8990077
-2542292 -2542292
-981618 -981618
-2310767 -2310767
-1014321 -1014321
-9049764 -9049764
8943923 8943923
861639 861639
-537212 -537212
1217744 1217744
6341554 6341554
-6597213 -6597213
9011326 9011326
-6496924 -6496924
1585043 1585043
6148598 6148598
9319172 9319172
7312841 7312841
-1943737 -1943737
5919043 5919043
-4265010 -4265010
3152281 3152281
-3606724 -3606724
-656227 -656227
-6875875 -6875875
-7346301 -7346301
2702419 2702419
6931773 6931773
-1193206 -1193206
-2020392 -2020392
-785708 -785708
-7634400 -7634400
-9379299 -9379299
1356412 1356412
6874445 6874445
-8486950 -8486950
7799268 7799268
-8460553 -8460553
-8638734 -8638734
-4661601 -4661601
4279044 4279044
-1222778 -1222778
3910932 3910932
-5780104 -5780104
2584882 2584882
-5473180 -5473180
8312413 8312413
-5367433 -5367433
-1352318 -1352318
8346080 8346080
-7021075 -7021075
6974012 6974012
-154055 -154055
-8433512 -8433512
748149 748149
-6782018 -6782018
746653 746653
2479160 2479160
4600625 4600625
-7492132 -7492132
-502287 -502287
-2257756 -2257756
441621 441621
-6117773 -6117773
3486464 3486464
2198289 2198289
-4611228 -4611228
-7168166 -7168166
-1896579 -1896579
-9857652 -9857652
-408890 -408890
-3173293 -3173293
-8410028 -8410028
806080 806080
-5482316 -5482316
-452021 -452021
4499924 4499924
-56168 -56168
7291738 7291738
-9113501 -9113501
9563978 9563978
-1317729 -1317729
1864063 1864063
-3741734 -3741734
2531786 2531786
-8641574 -8641574
-6907346 -6907346
-2221277 -2221277
3292685 3292685
9072890 9072890
1467412 1467412
-8470557 -8470557
3383782 3383782
-4941726 -4941726
-7624487 -7624487
-9672018 -9672018
9866149 9866149
3711425 3711425
2814752 2814752
3971917 3971917
611233 611233
1406121 1406121
-7054134 -7054134
9556808 9556808
-9093697 -9093697
2756392 2756392
9213312 9213312
-7922124 -7922124
-161548 -161548
1832584 1832584
-7580376 -7580376
-8471321 -8471321
-4628718 -4628718
7748527 7748527
-9805849 -9805849
3707663 3707663
8454090 8454090
1003467 1003467
4016028 4016028
2764394 2764394
8152156 8152156
6075020 6075020
-7371879 -7371879
-5423513 -5423513
-8618822 -8618822
-5663519 -5663519
-4813563 -4813563
-3894592 -3894592
-3037952 -3037952
9783304 9783304
5539979 5539979
9754759 9754759
-1006174 -1006174
8677363 8677363
-2355201 -2355201
-7520513 -7520513
851280 851280
7061235 7061235
9955303 9955303
-9668603 -9668603
-8959925 -8959925
8903491 8903491
-4034395 -4034395
5434660 5434660
4122489 4122489
-3462412 -3462412
-4048591 -4048591
3411561 3411561
3969347 3969347
8863551 8863551
-2097034 -2097034
-7458427 -7458427
2599092 2599092
-4333618 -4333618
3305999 3305999
-8194953 -8194953
7102868 7102868
-9197322 -9197322
-9742361 -9742361
-4174288 -4174288
-1516624 -1516624
-3046375 -3046375
-4135792 -4135792
3549505 3549505
-4009711 -4009711
2206187 2206187
1946256 1946256
-4881346 -4881346
-7544628 -7544628
1879550 1879550
8068882 8068882
-2073788 -2073788
1293386 1293386
8899938 8899938
2026966 2026966
2333981 2333981
-4846278 -4846278
-1142383 -1142383
2699600 2699600
-1680211 -1680211
399225 399225
2669165 2669165
-9182176 -9182176
-7982133 -7982133
-9393863 -9393863
8435431 8435431
-7683448 -7683448
-8000051 -8000051
3373962 3373962
9063718 9063718
-5301564 -5301564
9992731 9992731
-4915671 -4915671
-2660019 -2660019
-3689272 -3689272
9867092 9867092
-6140523 -6140523
-8159935 -8159935
-597107 -597107
2501589 2501589
-6867386 -6867386
4528273 4528273
1130544 1130544
-1486114 -1486114
-7255137 -7255137
-1735902 -1735902
7298652 7298652
-6034700 -6034700
-9731022 -9731022
-9334421 -9334421
8263348 8263348
-4199320 -4199320
8196129 8196129
2434312 2434312
-1251623 -1251623
-1958076 -1958076
975984 975984
-2108634 -2108634
5643322 5643322
9021016 9021016
2382423 2382423
245173 245173
3959864 3959864
3801291 3801291
8024995 8024995
-4314150 -4314150
9869427 9869427
-1938146 -1938146
-6990908 -6990908
-2042121 -2042121
8371805 8371805
-3988338 -3988338
-2454488 -2454488
6420401 6420401
9172545 9172545
4949933 4949933
-6970431 -6970431
8524847 8524847
-7351532 -7351532
-3058645 -3058645
-1770998 -1770998
-9326143 -9326143
9099249 9099249
-3199403 -3199403
-5277310 -5277310
6838232 6838232
-738490 -738490
3859600 3859600
5493377 5493377
-776163 -776163
7217278 7217278
-7614165 -7614165
6431356 6431356
-4557214 -4557214
9667520 9667520
4924164 4924164
5018643 5018643
4278473 4278473
5382298 5382298
-2942471 -2942471
5133676 5133676
1085221 1085221
-9134313 -9134313
9499332 9499332
-942142 -942142
1394930 1394930
-8862722 -8862722
662710 662710
1258252 1258252
-5374411 -5374411
-772663 -772663
7026436 7026436
7431877 7431877
-7681377 -7681377
7484478 7484478
-8741116 -8741116
3592103 3592103
2144933 2144933
4213000 4213000
-2370060 -2370060
1069461 1069461
-2980657 -2980657
1630799 1630799
6203924 6203924
7776077 7776077
-45917 -45917
-228210 -228210
2452569 2452569
-7675432 -7675432
4608753 4608753
