4 180 0 11
176561132 984289518
176561198 984289601
176561180 984289602
-990291921 -139003890
-990291976 -139003852
-990291977 -139003914
998407392 -56412942
998407433 -56412969
998407437 -56412962
846241000 -532800288
846240969 -532800297
846241027 -532800245
95049901 995472373
95049847 995472391
95049849 995472364
553988892 832523901
553988864 832523893
553988935 832523861
923745228 -383007467
923745191 -383007424
923745232 -383007470
-999782379 20863859
-999782390 20863794
-999782418 20863847
569153465 -822231335
569153518 -822231304
569153494 -822231312
296082262 955162330
296082256 955162343
296082229 955162288
-208262944 978072788
-208262988 978072759
-208262946 978072800
91487508 -995806281
91487456 -995806351
91487459 -995806292
798026326 -602622535
798026264 -602622580
798026304 -602622547
-551585724 -834118371
-551585781 -834118356
-551585760 -834118340
999882720 -15308434
999882727 -15308456
999882691 -15308404
-379251686 -925293644
-379251675 -925293691
-379251752 -925293696
-443788408 -896131824
-443788380 -896131821
-443788355 -896131822
67444211 997722979
67444226 997722937
67444238 997722936
70039616 -997544253
70039628 -997544303
70039643 -997544292
392148538 919901730
392148513 919901819
392148513 919901817
858393907 -512991111
858393897 -512991086
858393839 -512991142
529769024 848141844
529768990 848141788
529768968 848141825
-692846335 -721085438
-692846376 -721085476
-692846328 -721085469
811742399 584015407
811742437 584015428
811742422 584015424
721937237 691958347
721937279 691958286
721937265 691958287
-541730774 -840552243
-541730758 -840552295
-541730777 -840552263
-798519662 -601968967
-798519641 -601968961
-798519674 -601968961
-899714980 436478115
-899714913 436478076
-899714926 436478065
-609630368 792685732
-609630467 792685776
-609630417 792685777
600069314 799947863
600069337 799947858
600069301 799947767
-599913380 800064900
-599913398 800064892
-599913441 800064937
-121899928 -992542546
-121899959 -992542519
-121899950 -992542466
512509010 858681639
512508997 858681641
512509058 858681625
-583241506 -812299021
-583241543 -812299016
-583241491 -812298966
-811301685 584627767
-811301670 584627704
-811301671 584627742
-352614953 -935768609
-352614882 -935768664
-352614883 -935768689
898924160 -438104173
898924178 -438104216
898924182 -438104251
633300568 773905768
633300584 773905750
633300588 773905765
-926562984 376139632
-926562996 376139641
-926563025 376139659
990099745 -140365100
990099777 -140365070
990099715 -140365074
-597929100 -801549145
-597929112 -801549162
-597929119 -801549115
-600396111 -799702972
-600396026 -799702983
-600396049 -799702954
-972914948 -231163893
-972914945 -231163864
-972914950 -231163921
-951636431 307226807
-951636420 307226752
-951636381 307226755
544574602 -838712500
544574559 -838712446
544574528 -838712443
520246355 -854016290
520246329 -854016240
520246314 -854016231
739852353 672769039
739852320 672769109
739852300 672769092
661373965 -750056325
661373973 -750056361
661373990 -750056308
-649484281 -760375131
-649484321 -760375119
-649484317 -760375120
808741054 588164537
808741105 588164547
808741051 588164514
-449021407 -893521189
-449021333 -893521150
-449021381 -893521161
995056943 99304980
995056898 99305003
995056935 99304929
432063217 901843177
432063225 901843159
432063182 901843178
-998735226 50280634
-998735233 50280648
-998735210 50280636
539225688 842161175
539225657 842161163
539225635 842161132
688894307 -724861793
688894404 -724861803
688894388 -724861782
829457438 -558569938
829457429 -558569876
829457429 -558569856
-460214072 887807957
-460214043 887807876
-460214091 887807920
-9033250 999959109
-9033335 999959053
-9033262 999959106
-666749503 -745282003
-666749570 -745282030
-666749581 -745282080
