4 180 0 11
992789435 -119870363
992789504 -119870457
992789484 -119870445
188678165 -982039088
188678246 -982039032
188678210 -982039013
322584449 946540558
322584489 946540508
322584512 946540598
825683019 -564134302
825683035 -564134340
825683049 -564134291
-852496453 -522733272
-852496464 -522733252
-852496435 -522733260
584973940 -811052075
584973889 -811052156
584973986 -811052074
297875194 954604687
297875151 954604712
297875175 954604664
69508355 997581249
69508376 997581268
69508386 997581258
-592097967 -805866192
-592097957 -805866154
-592097967 -805866158
-876900565 480671848
-876900639 480671877
-876900604 480671845
-220952879 975284361
-220952948 975284443
-220952906 975284405
995436799 95421554
995436813 95421629
995436864 95421598
-628025689 778192589
-628025731 778192570
-628025668 778192594
656968470 -753918039
656968426 -753918041
656968471 -753918138
970642963 -240524793
970642950 -240524779
970642928 -240524775
-619004134 785387763
-619004122 785387731
-619004053 785387739
-821935839 -569580355
-821935859 -569580352
-821935808 -569580298
-132466194 991187428
-132466193 991187482
-132466231 991187406
957941551 286962983
957941551 286962893
957941590 286962910
-965530650 -260289772
-965530686 -260289804
-965530687 -260289822
986367781 164555196
986367709 164555161
986367763 164555178
-900442742 434974725
-900442694 434974739
-900442757 434974714
296120579 -955150653
296120652 -955150607
296120673 -955150593
-963995313 265919367
-963995328 265919377
-963995392 265919366
686023287 727579391
686023309 727579342
686023355 727579416
842744583 -538313692
842744575 -538313678
842744489 -538313697
-819809465 572636399
-819809447 572636385
-819809446 572636432
-855234377 518241558
-855234332 518241508
-855234328 518241519
69284507 -997597071
69284587 -997596992
69284520 -997597065
928668965 370909423
928668890 370909415
928668913 370909447
937058094 349172975
937058165 349172999
937058190 349172997
904431782 426617867
904431813 426617847
904431876 426617867
999092587 -42589416
999092595 -42589349
999092578 -42589379
447165068 894451289
447165039 894451268
447165121 894451289
-947601776 -319454531
-947601689 -319454606
-947601690 -319454572
-717222599 696844126
-717222551 696844181
-717222602 696844163
-999406476 34451971
-999406437 34451968
-999406465 34451966
77492966 -996993003
77493036 -996993035
77492997 -996992950
629964346 -776624072
629964349 -776624030
629964422 -776624061
-468871853 883266155
-468871943 883266179
-468871851 883266114
-975895299 -218239701
-975895301 -218239749
-975895319 -218239698
-884032203 467426070
-884032230 467426085
-884032179 467426129
-630508809 776182073
-630508898 776182082
-630508826 776181990
-537071202 843536936
-537071190 843536917
-537071154 843536940
630084670 -776526441
630084620 -776526426
630084654 -776526463
913096832 407742511
913096861 407742500
913096806 407742470
478625476 -878019194
478625463 -878019156
478625532 -878019152
480580756 876950301
480580815 876950339
480580798 876950308
-846324925 532666957
-846324974 532667013
-846324979 532667006
674316228 -738442673
674316212 -738442747
674316204 -738442760
-104889175 -994484044
-104889218 -994483992
-104889243 -994484032
150729811 -988575089
150729850 -988575069
150729878 -988575105
-574996976 -818155657
-574996992 -818155644
-574997036 -818155706
-199325631 -979933441
-199325548 -979933459
-199325593 -979933472
828969423 559293593
828969445 559293591
828969467 559293643
-577716066 816237819
-577716029 816237778
-577715999 816237778
192636012 981270203
192636017 981270195
192636064 981270186
732995705 680233130
732995655 680233075
732995628 680233118
-601122837 799156650
-601122773 799156624
-601122832 799156613
-208628692 -977995039
-208628620 -977995092
-208628620 -977995041
