1 700 0 1000
-272001790 -965729585
280247471 -294034377
-698714907 357640914
369626144 -328692017
174873861 751662686
-473653765 -368052697
-165977350 244059695
7720634 -762542421
-116041350 -846134950
923119410 79885085
19856572 972989517
444736942 758945682
-586932079 630030270
-76253376 -500691084
-241981935 609158006
-353232525 -395433557
207290070 444107144
-515060648 180044037
942785817 -392438159
156941178 -28162212
756457282 823073252
-1895133 -1238875
550763857 -613096553
403095950 -78637921
-150577316 -757824737
-565101840 -672205286
66892235 58162315
-193658181 -922216347
-991780047 712761014
965695289 -579916417
230587368 -553197636
634530307 772862043
-571309645 -808234960
-518540672 -922029572
-82435401 28358029
-710313894 -237288259
-383583816 28809565
830061319 -365654971
-462702233 -265391099
181423312 -776283464
-315657999 -389593915
-679251589 -252572167
311703466 82845772
647928701 -422596162
575055065 -997017651
183070287 -547115983
267230196 442790715
64719447 269293658
385466561 779327012
147481371 -185734452
884762476 482238542
-494906992 -262212010
389328429 292584873
-272049965 -114385295
145609867 743616709
-133093729 -695719575
-798311916 891929557
-42336943 551374613
271541973 321249557
-305546266 -176295573
-420721255 446952477
-40947817 384883920
-902967707 -275877787
512229318 -612022528
27180880 -765783344
946429278 473953265
761787050 365751865
513521842 -505395815
-909942828 -704821764
83233389 -483700887
-901641079 -741666017
292831254 50316244
515908805 -158856838
103551821 664914042
-666237946 600197984
-843873058 -417621908
-141797541 68648822
768729221 -671284571
740887707 -102101348
522274195 -55132166
-165082755 155801700
-941079391 310425457
-699808012 -754425117
-68223244 30640801
539556221 -231563886
38890614 726183937
-911551934 595296423
446965761 627613929
-368270301 175184897
356117372 732237999
-546949524 -211983169
-727560862 -923027414
67166123 -261659468
243289310 836993719
545301471 151673728
-143148474 -973202809
442220493 -878119249
28487236 -68277286
656907324 274219102
-408447700 -125136189
-797950792 80028951
-210171763 326804693
-121333851 636651364
359222583 349597545
-254808882 -218537774
-780440695 51199588
87073010 -517109164
-397612545 -321236928
-577265737 560627839
-426414081 -74292038
112188065 -133581425
236773804 645925327
-980435871 -894712619
26304084 -1636002
770503803 -288772536
107695343 -446996832
-237516296 -114781366
970144461 789215081
718068154 -682239002
-320917951 692680807
246531415 -311748868
-298574336 952182406
-699200080 -895385556
990015908 -344202382
358932947 -309948903
239825735 296692778
-99178514 86696742
-127744747 -754200885
417133580 588266169
454646352 -102275124
-203519710 413207389
-408226994 -38084483
-466131142 -524792366
-844371488 -82493629
-642723047 804985172
-490461093 234106207
-752532601 -8178545
549353947 -750108022
266653552 754696866
-396136668 825401884
-821612479 -114210374
373770619 -72596273
-455504875 -720275272
-747215242 -261850209
-793390445 -424518724
402295666 419879713
992006243 -168060058
-313095890 -441114706
-13456005 -539993294
-802911070 -60022946
-247358637 696172965
417134733 729049405
27355324 -362926278
-213493077 -153641738
-372205724 -420951669
-892304399 27441752
24662251 -599003349
198193254 -218828055
-138046699 621777647
-515804142 -504811045
408306077 -994230776
-207316580 -179636562
48334840 -494413199
-893297579 339534011
-42606733 -106155227
485511879 14581605
683229775 14529427
745243631 753081314
-473661110 -517683101
-765654691 -73451410
-522771038 308905599
-929936232 843469019
857150062 -587280824
-493791471 707155640
659456693 -167512296
180216282 189564752
700882655 589777228
-149929382 -345095930
-446869181 99051482
-318754216 -854238325
-69737088 56755687
180804856 353127678
450649085 613505291
-982744222 -122645682
235586142 -282240701
-333381814 114891765
63895964 -591974544
214910630 968199037
504407308 -156767272
-591401327 -900357426
-837944120 -185120946
-41720245 -18682295
-691320007 355412918
479203429 225581946
-290519253 800750736
103217032 -143480192
566036600 -95818630
-720738999 -168703228
14119662 -33001273
-500361390 -939911599
543824596 -993402751
366720744 -471250914
-798940946 603884015
447608458 47351208
-509571846 778555236
-735908090 -605099939
-198561666 919500550
945174464 -94207519
-309667661 917191741
262258430 -72992520
391743997 386127883
-712619049 -68658361
-52144799 893560552
-580227522 -119081948
752741216 -777583764
-415822890 773209634
575018802 269041329
-113427035 717395870
81477214 769653953
760205381 -388634033
-12443037 15057285
-619601619 -894195039
-123062270 -34953012
-545833569 -276462439
681766842 -448609859
529538060 544639748
-826040556 596136384
-786556155 -284733201
805261759 131619658
480770048 97098066
49219862 38636550
-134927852 -295622313
125458698 -419200215
780571448 -355213068
-924967881 -693029213
-264371556 507676885
-660549857 256741638
-221397894 418485236
-808137863 333416571
-698842255 -227272059
-664962495 98285039
136150595 900002347
73031223 171631612
-174407647 782249433
381474026 299481435
42490526 -51192195
686882069 -419987500
-443925463 613069797
-837277211 457090445
-960314561 585250377
623244300 -459327529
993227131 222314903
752411007 -389381377
74243703 -29054416
297106689 113496295
-275599506 465367873
-190521213 -480669956
-499050444 489824423
659894410 741332983
-382961421 915344216
-14926686 193480794
-363097255 -860955099
-423375135 -540658642
143852570 882614670
277449251 319738666
-357828617 468423383
437162164 -567218533
-942983772 759969446
763894132 -425496312
735153246 -168788215
-428755373 -379523104
816898645 -391355052
-520474977 -257649351
839042003 -244779009
50931918 563639051
-507548781 50097268
468495522 188544466
-775785899 373357246
39189908 582365710
727701787 650134730
821026463 360660458
-546878095 560668161
871417741 269844761
318788797 -184410157
-24797224 1242645
995936697 568803963
-3197936 -815873
685054981 -73416375
538085464 339751491
550466937 650569156
-585794008 -56418414
459962595 706139873
19294030 -816067106
-944216720 -190340465
-326650901 221236536
343665067 -127076471
-540742081 -300352344
532066208 -389436894
-234048763 71951806
-355790541 -831040425
-746717343 -830595611
249624104 -580111415
38792673 429106448
280883430 225337385
-135171231 -788374661
720908806 -315541139
350188311 -115916877
360603236 -18375155
996816625 -458113463
-12482985 11311488
-53695686 -295823854
-458594915 658959670
-370287655 308995748
112383642 432417177
-955847859 456929715
-381463259 -382142149
55904992 -369082408
-688456601 153871410
-184944130 -705066042
117407162 480592694
-931330429 -486354351
-765181213 -787407676
656229519 -788182962
506161244 153843017
-629118983 547805393
-701532827 -339184551
703125040 -8821711
-500204281 120046184
703870350 631443763
-825462978 -865103488
-250408831 -792418115
-867034364 -10144764
309487225 625561764
131495801 -928516934
687704393 -438734736
931694558 -876000765
-482754328 -197092003
27324030 -897675403
535286159 100642686
956728162 834536654
-904353796 -256366809
-37196130 -789087352
839745609 9934543
-319340009 -170492292
772323379 -569629851
-703288596 60724004
869880201 -207046817
523380953 772928983
168413594 74358795
-558503585 -532015340
216789541 528036700
-722414517 -255550471
782367238 -826931859
-317254313 -164520714
521182762 -85569054
-651900655 594339180
573121181 489584408
-578964325 308619239
422003990 342726086
-513864788 -98391341
40251502 -981598619
445547313 -169500701
-131193747 -95745884
-191114676 137062235
-13542890 786238855
134217842 506623710
524159273 211182429
815136043 -688330651
-256022203 887428942
-570948883 354332146
9679062 -447239902
884081799 11997663
239508076 -845164489
-376193870 -680288795
-15872672 76696797
-302334021 916069871
407058512 167181185
-194508211 206019824
-812661333 -205575251
630507760 -538546788
231859394 -169237629
-542397111 -327303131
-523787060 983323510
-156316443 -643791261
-115925604 107015634
19379668 -229622842
-450978252 517959569
-459703789 -983196164
-45671193 -638254666
-431210538 -389216358
-982968013 -682022110
82667135 523089933
-239579063 -884788290
693185022 -22829418
44397104 -616930502
-739743683 -496989016
-119759993 -197399473
-669855734 598054174
410082599 242660550
-130614463 -2316010
705200506 24517275
-321465756 791262000
-34973030 -605229654
-208103193 -257329087
619917020 -312040276
184142917 -777692750
193537262 685325802
-146267300 -36192644
68294128 -190001470
192797236 -771297393
-768175618 -504393626
-102435606 890558412
427724000 124787731
737448573 5009281
145447126 89148352
-808126758 455750537
690318625 6785713
-771152751 893758797
515653890 532287041
514204310 -842559207
-736145581 -530112820
-433337479 -884831074
-36032 -450389777
-4617851 -27770137
343899783 328416179
284734 110002044
458091729 -256085607
-832277761 709488780
-300366323 -274729996
-228713079 -167676986
204239731 -829242542
818112317 80549125
90875677 52507070
-73657532 511346735
351726593 -140443989
-655405515 612700869
-681698213 -516142175
304761321 -312328580
-631169241 -132751893
-472439729 -779701415
10954385 637161489
-775718871 900331684
329263199 194177033
85934599 81196156
-338384993 898147774
430083573 -596998104
-5893959 -777006035
648225802 -703964302
-876778021 79233977
-901376377 260920817
-596086893 882754035
419753688 198897302
966633884 502203492
-488384607 -523466703
-218055030 771073457
211237005 823482531
-158258041 743451822
-140971439 9566383
-210653622 210754797
55792068 50650665
349747940 -627424980
93178761 270190817
130652143 316395626
-324166634 536672906
185588096 289491282
57362827 449275388
932131523 188474737
-2114970 -141979218
332931472 177784542
-221166602 -84580728
273769490 -637662280
-235991198 -130146613
-299270768 -771301658
149241937 -566921258
319849667 394556893
91110946 17588282
252240370 -621953417
416624453 -68166033
-195842271 655282442
153389897 274387508
544062526 -259420664
755526695 -612470381
-104813470 -448761832
-86675745 -333570319
251593755 -272300956
-181186603 578103903
-562530410 920796062
532116223 -178178056
514375155 -365917844
-390594374 -239262084
-96523278 574876577
-49171040 -754077067
360053765 979395257
371377575 584664272
904412753 -467366387
538691041 756090811
874052861 837186316
-798573776 840834814
60134961 -381853122
-363918129 -132858873
549636024 -593210009
-2894028 -23266026
36524345 -42637401
167363741 -72824799
253143684 -191302315
541217786 -674870895
545247793 557978727
-645097864 917660598
-493813286 821019460
637507307 -898865250
-45803526 -576240585
-16140504 61724866
-316091329 -797405984
-936983733 197872655
-77953054 -287890819
526078775 -905534029
376197454 -218197432
-637199959 491492873
-577523562 -147683609
469149383 984181387
-274939320 840448591
816768370 524852382
204666959 -984303551
820537631 134818027
69682773 -811251750
317546402 10554889
-356200522 -517684192
656106807 702371200
-683119596 -46080652
31005252 -576771957
-788314612 853763424
-349641358 -904494500
826594434 139179779
-48838797 314084397
-798187023 431530044
-12425725 -1491864
-19902178 629037779
716356029 149756437
159144757 -67479449
-658670167 379565164
-929200973 -504549176
-655381629 -972894876
914010311 -395569167
-906373331 -9531382
-233674202 -206588585
-230099365 -731620385
151780800 -538359787
852703015 -192995446
778902254 -76959589
11198480 -905962271
640953084 634923927
-757229515 267221018
371784126 -349701219
597299142 296591751
-559014097 480603428
-535219238 -932518563
-111282363 -848279231
-507067383 728675093
-572969919 -304795616
-213998992 894539178
873693408 -535735264
619048654 -869247911
864100639 -628697856
536947842 -176569371
522073353 419863141
686899197 -905031938
-679398149 43028767
-91856917 -680623609
-834536679 584966135
801108201 288875599
32817240 -16189886
-37549571 -792236113
937404768 93480456
-24596883 802711442
378590752 -559790698
308590059 813086069
-438919034 54896094
764112002 -154224872
535076363 390802462
-899103550 -852270100
299262728 -360349766
-727432022 -800778203
-259470762 -987456159
931677260 -585622046
656440250 463570212
39204116 -47509080
-118080893 -109290439
890567635 -270926046
481131143 -375850045
341165162 -792139199
-409624912 -699719365
-344309201 -603044267
-474315572 -972484467
46157405 297435593
-660178430 -93770254
-690531130 518729369
143483210 884380878
-366361614 -769861743
-743464116 518005122
345358072 493966080
863407993 905956504
-832712721 -229029099
-120236450 458160793
-333796458 131754167
396624309 512786142
-34411253 250856979
431258222 108519024
-156832086 407703102
-4616095 -552716070
180648492 880327238
550049996 716060716
-879084701 -466238824
-124116700 37437928
352947442 -771049926
83090441 888635139
-195945286 55982053
-202515752 -916957245
615948534 236102431
207360194 750422448
896488561 245533040
-629153721 -161293333
517959048 946812283
181461323 -877584851
-226119827 -169544718
994030615 -238516976
510491946 862800459
-499356207 -469265145
684745095 -772927976
228014591 -943144319
-356353391 674875367
459519003 -411728559
-870660526 -876495737
385525990 -687817412
174886626 27147853
235547083 -382501755
-13536918 -304414277
369360414 310843869
122369997 920538069
-682906049 -836542782
-851455664 978932774
-621941473 -186736429
-847734779 -535163363
-59682372 127934793
-304365485 -134981081
937137933 659940631
342206386 355784960
-583819265 819758552
-655596775 769633552
343650087 508808220
-824954219 243522021
461391854 198523843
-671388527 220675460
-330992421 -692910741
326362260 654843689
-149537019 292665248
45447609 -543172717
-375984708 -678946587
-117295483 -340470180
84683714 -853356920
-783850075 -476610833
491971505 779988425
614796899 -564651803
-461810656 -708634780
-81681853 -24435113
193185941 -541587937
-296312943 272382197
340595321 189867967
699558108 112512450
844405700 995267028
729930487 939154928
409599983 974677248
912768006 -287861390
-286987828 728298682
112065661 -166827403
-998731497 369299717
-479916656 -878803993
-268162169 549742847
-105313780 -812377258
-4849192 726071731
113055638 842240273
-678104586 296496417
-141480954 -805411567
21423968 -124527475
-638923833 683361937
-8852247 78988437
56242273 -631463553
-62623709 -334832349
-101202345 853781043
-61000339 -34503231
-211221421 843874138
467752005 282198450
119458256 806759294
605783041 472830050
728438257 483001489
103834148 -128771129
-685420793 14976120
-282073744 -79987151
-521233482 230783104
652845741 -788394441
-380521352 806623345
