1 700 0 1000
93665749 545628084
-155146684 -254586114
453122444 -537609588
-40167363 -23245131
-320844423 -439284378
423155623 958725005
-899343155 688465628
532172071 612535822
754150031 -360160778
-243548056 -186443817
815707930 716762828
-646769411 -720293941
24664379 -726583016
-660583216 526832678
424017737 220014775
-746991429 -393166200
769976723 -162301099
614653051 -132231823
179256439 -563885675
673643760 -144991920
646022862 565394058
-773175104 753976305
-395692269 169544066
242705972 -522580111
-106756861 318712774
-504674654 -695365324
-769931816 -467969531
792002579 871006614
579522446 285448134
860663070 -311188132
-681652853 583823846
-720606585 291694754
-890083698 313419517
787468427 688338794
319881090 -743563208
-370240408 -997116997
416832623 904785088
-332916884 825973119
-626748400 304573076
-698663779 -530574367
714335565 218690737
611457769 -49442440
-599417932 -459413123
-136421023 -842948358
-8634958 200245523
617528800 70174031
-185260162 476160205
-419181940 -986659504
211765265 585024342
-419738865 385047612
688536558 260318234
625929152 -394102344
775481861 718050057
-136774182 188411929
349559396 36356467
522588691 917767176
-527689561 315436194
-486391267 595041331
406122177 209922369
515908805 -158856838
409021860 76232920
-293650357 217760402
-414871781 -237944541
-742849945 -155028841
391918295 943912224
48009409 -26701970
160152835 354124694
-73063806 -915075537
32549496 -11190319
279959962 -712570930
-253381786 -564443160
955962149 -6956926
-843475168 -397342466
550939048 -710615660
-142763051 197176031
-738139902 -227928253
-987563183 -603460568
-40789312 -300011112
959731936 -33983341
393922990 825414973
324997415 -229684089
416654195 -122251098
819695140 -422151002
-177348768 -482367116
-481243490 585142941
-306068918 -363978778
733476871 738686965
172838361 -108914511
914129689 -770288545
-759870313 -450998430
276472094 263470988
771610616 -351826222
-827049327 -519696255
-376316538 163215341
-284912886 758070948
92397227 121311796
-497010718 448262218
935621804 701464234
-372043308 -581677508
500502762 -330456415
-320796693 -674246600
13119148 -402633365
-621017962 843229286
725900762 754880790
-616912082 -744153749
-895437453 -256153094
391673583 766231432
998746425 -314927974
-6364852 -37045615
-651547105 -632049628
458191014 417892465
-637793669 124561129
438256434 560492704
-282979452 450785017
905146328 -611810985
426428539 -363324434
-692720325 203162187
-83129904 612234770
262058130 692496840
811816500 297802141
246815566 -30505975
-691577239 -39540067
758923496 -573956129
-693736093 -779672004
323453195 64186770
-120394913 -454782633
571194171 -637640525
-250735429 857407035
-283884482 -833419623
643199076 -99187734
704146876 900708723
-246202230 348405727
-793803126 -45971173
-58466830 -507690415
-317312892 -424783897
142408722 681005308
513366309 -39646842
-419420090 -193280079
184334227 -717855533
251133474 525707744
-51146996 -15744758
18148345 -445302724
200243402 -416653884
-366722303 -896834954
-767893986 503089013
892498716 -238056381
834695636 417173621
449186160 335709220
444953860 -611236207
944531858 863793266
-188141755 542428573
137288600 -527292732
268596902 646082512
-151936606 -522097432
-325575692 -620015626
-677089799 537906759
491310581 -664351077
-952390840 -655615878
25117325 -871240286
-319443753 781319971
-617815834 971434900
-73751901 380730767
-16870903 167974290
213685319 -559331422
-326884515 656995324
-552244991 -449737957
387308195 -147686951
-181889397 -652961353
973300931 693155402
-888494471 -748418973
991852572 73568137
83056627 -780734075
-868225422 -80159460
661389892 -960833430
-53291878 808958692
-239322224 -723226327
-498445796 -733248566
-728316982 702719283
763306140 418095312
-831737109 614331109
483005368 -703688246
568757947 -362239408
-62939954 252221724
546956895 555214124
-182976346 -745453969
-287346118 -703163577
489452982 -767471384
227028244 -568620990
125839190 -110068368
155865919 294863234
-941019861 69929829
194089660 574094903
-2806345 -144064174
-600347003 -371631575
614413056 -652648956
326561166 332693691
809899616 202376426
129662140 -172429868
15969367 630077958
568941485 281822760
-226242444 468219467
479367901 -339393430
-206398372 661711755
300483176 -858014805
-609466047 -787622218
-254534836 512254947
648944014 403762011
238068378 346314665
40218442 -624368942
-53648150 427458528
247137961 3777127
-102980043 124298197
-25443354 -627733578
-89612610 736457239
-80306161 -798617005
-523601974 -1463782
38755344 937121931
-827195476 120707966
688159210 84567138
199791252 -393025246
732499043 -311895157
-167688171 436868431
-710046275 -924066490
-116026212 -371917844
448656582 35322140
659935505 -727666100
703091077 433388716
370092948 13532333
391187002 -894024407
810161083 -156120443
-315642901 515948948
-890771491 534837649
727525194 596536594
-525489752 479781750
845820363 -7965838
-390353038 89975238
-659945087 -320496313
-281166838 -729363066
-336199735 -556092207
154286651 -292536704
935008309 914086083
171702885 -20376414
396190096 402665330
325890386 213384007
-176700471 -204442658
23912276 202697342
42153382 747000604
440012846 37977172
-258331379 -40455149
341978573 356241781
-161712573 -186629153
-602589680 -273416004
-54175289 15888344
262097098 56639608
-332181727 626253507
-988133987 -242944808
-568135913 446235986
-211549589 -8855799
421766168 805891300
-76360308 841330314
567467786 188095297
903499582 -599995551
248609772 749611127
-785926470 670211521
-563504615 -111644650
543261814 418659156
-604016893 -41428653
-430982886 890897398
162923432 -191801906
-815313335 -779123175
996641601 -761003088
-675027162 -679529031
-490003986 449987201
-128177212 -889718996
-212652015 657108341
-225565850 623872989
460227499 -50526884
130257867 228586474
-277066661 -700130661
593842311 49391928
-145218041 265880491
-109293920 566441481
309579266 875755760
-20120704 -175148862
48394484 -26132213
795962643 -507618338
409802357 713378435
-131578369 -367857770
770233656 -628902104
-756636477 -842540501
11595969 555310059
-439201527 324117286
-791553248 -650649765
-722766071 -551494046
-281717269 285138794
-811190938 108359820
-819960623 -760605741
-313354227 -402826911
-902503825 -541920099
979276961 -154505247
-585866203 -755351514
572199589 -260217812
-350267423 119458260
-100378372 -606372151
414167194 197872242
-101887455 264184103
-506405853 -420631883
57485512 162460412
56082766 -412821176
-237702284 -107544866
-778429502 525210660
505050223 -947354020
59113864 344138680
-787711197 -160773474
535312536 869680554
-521534435 469690492
738006994 400483304
-444352115 164604021
499584309 -691814752
704557751 -512373977
-134700478 -324683085
203101071 28674270
486797078 -519797724
455175984 132311158
-93615800 432726938
-427265977 -612007749
11613926 21377029
61079392 -990327872
-643036720 303628992
-601949029 653973293
886482132 352180005
161761594 893044908
-588013872 -577130713
-155763737 -329488874
-360546270 170455159
-46364438 134827541
-209528896 726728632
422918368 -61276069
885667038 197265273
945723245 -28548266
-380428587 270352676
139961540 -146678512
-522800573 699566964
-796005676 -202614630
-930753275 182186472
-52078760 847154537
690597815 -86862463
-156523174 412045991
526113186 -638124691
-61415577 132972068
176158869 -577163218
338568776 -126392582
-787309115 -730898199
-636015753 -257712920
-293987716 135023981
902940592 -612500212
341813000 -916740164
108124177 -15150972
161283848 816819717
668321029 826992274
224432972 -120902024
953887403 644889903
-960833100 500114158
485384061 20744506
78318557 533225563
319383632 -84833834
242942865 -832826205
565035963 691503667
-901284440 308815964
-803721195 -597497008
937114154 544526885
-525847301 -151559183
552492810 498112587
-367042949 566223544
-777460557 40610504
424773024 820943041
658703173 -642521650
-209113659 -108611334
-481300426 361185050
144905672 -971987656
892617986 -627038571
20931688 607342147
224410092 -277025455
691404511 -268937050
-344125966 422214217
-397483805 275081415
-442791392 -153182294
-560109237 -740326037
32241555 -9489970
386094898 866869554
397897252 -37405600
-806279143 67058094
-765827456 -512738928
37127496 520474496
-66497068 21690358
-520887390 345841953
408251572 4041579
490727775 -693748216
-471358932 865710170
730793528 794901662
731769962 367240117
-769135656 545536825
644365678 -23613844
-323970949 -525279929
875733935 426539962
269878071 572132210
514058692 -226824944
-116501514 -58775760
-157218639 -71737398
656117 -1665663
693561849 -491031938
46072248 908208615
-152727538 141342581
-915796366 -919292336
-114699996 281639926
-237579656 -139082088
789629227 -3507621
-582823051 688020860
-975617906 -171415998
526567648 -286323089
-583545464 591719926
-949548282 74681951
541586474 -462160544
-84470237 -863994302
-82925777 683241008
-493327201 -598003915
-168447316 557321148
-699435349 70951800
379441375 345522474
544541749 -647912349
306331819 211477849
-142170493 344549121
-241493333 782831326
-192537247 484547686
-604210237 -620260674
585045035 -976478882
536837496 518243538
785657923 -369996814
788555455 518676873
561702587 -225914385
284421756 -337131747
332157702 -596938373
-244504686 204017263
-458719230 -158956622
-552299921 -596853551
-269312537 -171528957
310583876 -534383174
-81481892 830938372
-302418900 690333626
689174686 -378990492
471084182 318063655
-233517796 -812455623
-714140339 -556969432
603470960 45584150
-696025006 -448876882
37711061 851575308
188912644 430342254
398313887 680357789
250349161 921379654
-273073117 -254720766
-236731064 -486492631
-256159550 954154922
916255905 349755709
-671994340 703072117
-505022192 -533574107
-238765505 491783265
-941859531 174245707
436746786 -484590570
-12394986 376864394
539477929 -633117376
-668492855 111125985
-350764764 -209456969
324486928 -709034672
-127804049 609991109
297708294 -578214464
-383845778 -581756233
-346388572 -325725069
805900587 -765786819
-405475053 321118533
-830380927 742748455
-42078542 245006605
-125235366 -813549097
142266960 10061202
865614730 920001715
650177992 792272585
296451919 587374649
847673386 -183973688
30560999 -718809118
29776969 601190587
-370597140 997839634
151814392 -262877647
-617625097 43235753
325415641 -247332012
-831599656 -550378606
848000769 -950006082
708569075 350509554
-101445507 962796556
546705898 -374088508
-780768750 -756527610
538352519 660120160
364413344 651550801
-560208961 536145784
-381798111 -332988659
-718538210 -516407990
218478856 -686581628
117831163 -600489220
-86666555 -771999614
325386239 -341329247
294722912 177904341
-657520796 -629213014
47395075 692073515
-828064994 -995554244
881563002 -880147877
418790794 968956807
-598143007 -789511213
-281626999 -892638437
-820006278 53704099
36611357 574494978
-574074917 842272978
-101567654 -485057965
916382018 -113655683
223766939 511971878
250939251 -726328153
852780020 425839585
-408975958 987096552
816158255 -342895465
154683285 -978766850
250139726 -55997126
602506948 -132095335
551902162 -359104415
709351763 191523252
479397094 -392310320
-286870592 -713399488
-263773911 289817386
-769652854 -175803022
515808339 566977409
299281884 874752398
346099931 -816745590
223336976 163486353
-798317775 -224095038
-860933600 -753190194
883128869 126025477
694618652 -63816322
577389791 265324254
356977986 835605115
-775804129 643729196
-602939067 717395107
-499535999 191584471
-534984536 413005275
-2905907 212675454
40046364 -525595344
358040694 615828193
334474172 548061232
412155949 106103300
-29436069 -147631816
702637145 456937894
-355463550 413497869
461336072 459231881
62521245 888353954
86581737 798643609
192038195 380383849
-361896825 -297718778
-42519912 24005200
-950622140 -464314567
168067591 461759490
-23933012 3137057
-856875983 -176081259
-988425202 -586834092
431738881 -72898742
212716872 24978391
680230237 -562050530
210070118 60546741
-829761669 -41855891
426729023 775818080
457874685 749847373
9197321 284099760
280834297 178405546
-557101230 664709928
117616409 -428443769
169714784 19467403
345082568 36393798
-889878905 -606721311
195289370 21112203
-739569939 -851734920
196042033 -887886987
-399789873 147422568
-960451319 350658715
28394853 409126413
-137420465 -275464175
6695254 994933033
-491637418 487212975
-29123605 -40945538
-316977838 784695705
792911179 -535959236
585917168 -178318109
-48713541 258244380
7105408 -34539577
923658501 -907823537
-431153024 317809265
262532038 -658072702
-660468970 -401597107
-526916286 -130659204
-470483244 13675384
293237710 876267238
-611439669 -342646943
-840652515 562675863
23812623 957418657
-97313004 -629496798
-523172827 15733761
-205363104 -334266125
-100667996 503688500
-376633332 238946744
89193875 445696495
-574097220 415332768
18886028 766625030
-476450893 -645843774
886758 -632571111
-764553673 280819970
-170730771 -313211875
-3853105 30270542
291524757 504665584
380430412 111903100
-838139616 20561284
-652336955 802809781
501250281 -576988540
-824386194 940669444
543875364 510867265
-60513521 594722442
-397104131 -440767118
-28568530 485733810
-430283536 -676659717
310452551 924837744
29418116 5160740
363371311 346470660
-18620850 26184114
849935066 227487969
901650975 992202767
300626865 246747686
-832758915 41953084
-485434967 -149064976
-297759239 -745578080
684758982 972762843
-492977873 411491001
-513680977 -59303271
813337939 -831554983
-246451983 -776048730
-16168154 -75188361
861023552 500073043
3259273 3202868
150908008 236766279
638502090 -531014402
-908754444 606999120
-980439181 -226978790
-402895325 814442966
-134907941 291178279
-133894319 -26592534
987393581 -55601995
-750923870 -734286413
-494388719 -421861974
998495894 -661827063
-164953068 -654985376
-12869289 -53657361
237005917 -159402839
864634007 282339046
995479057 615407356
-570976717 -2147545
-462070644 -272414045
-88564752 91973789
6177729 73127608
-308372504 -279843535
-324825002 658371120
775236648 46473141
35047957 187318092
-217042068 456969923
933631695 -453256779
476072993 287440693
682507577 -253710321
162815474 -262532464
393333331 59826454
200559431 967639008
-474900399 -2838488
-704547142 222039226
-862592389 271381692
924587374 -336157626
659032357 252641454
864141903 225808020
-700219999 118224915
-761392886 565289847
567812364 594422499
177555587 -784367642
-71648104 -764073599
257168547 575034118
-563681771 635420709
-412394747 848568430
-772280955 413463623
-719879458 -167119213
-385273790 277668393
765884242 790347820
458800388 668707526
-640864740 -195163314
