50 700 0 1000
-389003051 -489986235
219606464 -912081417
-823900283 132291023
-743318131 387709695
-367955265 368054560
67297600 -31676003
173278667 -185333375
395021747 -759975512
464967400 466143867
593248925 -364024880
289290857 -513430433
515908805 -158856837
465103620 -893568467
-798269585 -269204972
568236509 440428420
685668505 -51761531
467032447 -231442451
47745316 -293076114
-372904401 679762591
531819381 -314052755
302981306 -264361259
-97685808 142407206
907705863 -293267239
700031835 265399186
-165027888 -8092245
-882214016 -350273381
-81748243 -546846204
421359835 -208424090
509585956 -704304679
118233817 -470422162
42662322 531605037
518957590 -464605531
-551122703 414489579
-292549557 860470962
515908808 -158856836
862701218 272071926
453694078 497625994
-316449948 -291417579
153705894 376584814
515908805 -158856833
-92261037 257041554
-289717145 -299095845
643337198 -223363653
551895041 307560050
-426849248 275332238
376014446 -858205566
702868488 -791938904
-91846306 -97746737
-930651764 -10709974
153451584 -350753511
-591580326 218917180
-651744221 694906099
36165982 -541634387
494813582 -771228713
-130442695 36135990
290660509 -390410009
-183981051 -273616308
-172990639 -902839849
703176412 706168724
-276122328 537795225
256274970 58895256
-426664105 -94082295
515908808 -158856832
-326270085 581205304
281391 23404090
145146380 737039303
-36136194 -790453185
515908805 -158856838
-420637283 854524503
-173299317 181729636
-414329599 -109075875
144202595 618702653
-899253911 -699735945
169556196 -462652106
748440102 -133641334
288804995 771889335
449041023 -796708417
683429003 381562033
-254579211 -218529587
839985537 -819850022
-150041971 419438196
-497984590 63443618
668794790 -806517089
-617569653 776465004
-249854577 -662228384
-496789596 356861299
-168507748 -363776577
-659312198 609120288
-800687200 749701120
-61239622 -62156637
474721710 -65022856
-431140351 24944855
-378696121 -339028408
515908808 -158856837
139634343 496674373
515908807 -158856833
-537361533 766230593
892427823 -834147604
-428185498 67774920
-866306377 690232277
-195711018 -443350035
165289222 -91295742
-565300153 -156619884
-224051251 -444284553
515908811 -158856836
-929184798 -214933483
-165870434 -81521743
661005438 52000007
-381679653 -683066542
-369655553 -388417116
-185532711 -599528357
-192742780 463441996
-680417283 718764102
-548192909 -464023064
-157513075 -572522624
-877781555 -476142216
167851265 1453849
311409513 534520392
33982573 860446693
515908807 -158856838
968653811 381694133
455518922 296055753
208408440 -973026141
-255025518 89540791
-335544512 -380943853
-300479970 330345817
-708754306 30358794
515908811 -158856832
-812729567 -287742699
-549135289 -735470288
329747897 634960012
-39578781 -474600859
8901369 7567793
112923922 196607241
416494834 -114169335
758338116 -113344982
-400045982 -905681513
647465314 464856510
-557476309 837666601
-415478764 -139655597
690387370 617725657
761485801 150340833
808808815 745571868
-102232725 374671664
-671550742 284753522
-629430902 -314217031
332290006 717421666
-767967641 -815385224
515908807 -158856834
-178740951 865529715
667999557 35464380
-698673319 637338662
895227002 -178117666
515908811 -158856837
-27320614 438460762
-859231036 606950958
235865325 708081650
504378757 238634847
83486808 580735496
-996776641 468046424
-497678494 -846745923
-92849354 -224631151
440025362 -94759215
-583507427 218694881
763672303 694475836
528548410 -293616154
22950398 -2918369
828758448 286789768
-868318918 -861875089
-469096628 91366460
391747095 -302197412
349077555 -230609202
-422265345 -171509125
370849226 181072630
-113998676 -230706423
534176542 928511471
415168763 -709608494
-73769964 136990689
777578246 -534696407
-988191401 829678200
-53113904 141878730
661264357 -364236737
312073708 220823904
-197503201 -9644022
-511710001 770636510
-747707982 324042257
364608418 -759786788
671328862 821640335
-364263287 -44063354
-457712375 -425362773
781826514 413625264
191031351 -41830234
219044437 549210685
-322019625 21831194
-695246913 -730312945
179514066 572207124
-295929181 110203867
-48909955 -6422421
695170194 -721620628
-2766579 7546236
-166703168 516003109
-681280475 -156452065
650119531 275566317
515908806 -158856836
380175946 -975086444
-189654808 -437509550
-7006387 582515991
483474616 239521972
412628441 -165646430
-301972979 935886256
515908807 -158856835
-711444405 209214553
-122184053 266029438
-65793532 494743335
-584291687 -880826122
-396343951 893376193
-730330336 -354572961
-599045074 655165251
515908810 -158856834
-79648789 -890089058
76538818 -304596901
604264932 -220256037
883063519 877902811
77969148 -160081462
-103455634 -206788457
458104308 534229201
515908806 -158856832
-46221762 795477447
-342909498 -481462049
809225803 963047529
-424966642 908381612
-120274301 602790930
229355908 449841624
-506537098 -918086124
122766835 -459213692
650436399 396916111
-316345890 -184279725
-538711041 -408651830
239989709 -436790201
483821848 -131710576
310293745 -277479866
-158023658 -57126646
-521033837 -344035746
-494259149 -229960404
592706276 834893313
-380214926 -473480113
-40545760 -760541526
-841935098 126527543
-246052984 292804098
18377646 -792993878
195817781 -331968767
515908806 -158856837
819558234 -829139782
-427042447 -495809982
-146333101 -496431482
-39553573 -192179904
-733029413 938930858
87151294 2221107
748748464 -867724084
515908809 -158856836
462387197 642369680
-160169174 288809307
-43584710 -531837779
183109707 370197068
447830877 -740102956
370407161 48676964
515908810 -158856835
276715051 428573543
-191831253 -915600383
-108293986 224924304
219751760 853606471
-317296595 -389896603
999256570 228396136
621139392 27541409
118828906 546346037
-147236595 244405963
-804109105 426224424
-43277646 -159185241
-203594955 -482608880
192999031 -231430127
666620385 -803073773
-40314625 449041583
26352816 -64458254
302570630 344812104
-129675699 -697602529
-131109349 961971978
-192596242 851643000
815512871 -269012694
-572069394 244942130
92044593 237995749
419477301 530887211
-722348547 -643704391
-307720797 -44660075
515908809 -158856832
356190635 516988631
-667714106 -67442613
-992717349 533904220
719493380 -87661901
-193902125 230582025
633312337 556953785
-200287128 -803449736
560120139 -161811691
-551595427 -15176900
31386783 -623517953
565491968 -679310246
270153983 -392358200
450701993 -433345758
693462582 -956623535
953805829 -422543443
-620839926 -177894061
-16400121 -2480724
-222752653 960847157
701070595 356416704
269224565 -627567929
-916028797 915053066
-101669914 906236539
-158222488 873357203
971806167 -332438180
-763285467 965327325
65961996 -951657322
161560972 62648304
515908805 -158856834
737922974 941035442
-717856675 426157790
343720203 249383348
403352375 185550486
671135606 11787919
808917932 -410990094
-208888110 -389948859
54460965 -690391917
-312636589 -168234666
515908809 -158856837
373209797 125834726
301381332 432737921
-46989248 439050554
827418784 971266978
-723036244 -181089547
184102052 -323075311
5226474 432865761
-860501955 918786417
-905103789 236444612
-87419475 898453103
178856572 107518376
-811774476 740702074
-763926297 598839121
515908808 -158856833
635184277 -706425731
579315443 445386468
-373557112 717727069
858286546 -35898840
792163679 542900160
-359629603 967877543
-564946722 29729147
947210132 254090602
490144704 789737113
-991226053 141019814
623646453 -501152273
515908809 -158856833
320511449 691985074
-946518693 -794742237
43606923 801739276
791500749 -610569799
-799411332 -523641593
722821826 -263911423
515908808 -158856838
793378246 -821122479
74381487 708557655
-211327423 764264854
515908805 -158856835
-363121102 -338680245
668422486 -953406253
292753049 -458309091
-104362352 33598833
-383486934 232241229
402541926 -304696606
438316025 -380527635
674274625 723157506
234662143 -159419767
422034305 -514203125
-155568753 -942339136
223809913 311594553
238926160 -877844342
-483399507 33670870
-513411729 -705003515
758739017 162487823
-176959458 -141955227
-306372468 -926422974
-465446155 495130167
103953095 -363744229
437846098 677031370
-877654067 537915776
-276571358 226591918
-885333157 239444368
-119386038 -978383113
229347628 151578043
679033019 337565192
-168414877 173795722
515908808 -158856834
611706563 765832716
-505710797 553542042
-331673548 -811297666
-19398764 26803971
-541567410 -887124623
1907016 -330596768
159187640 -545316876
515908811 -158856833
-191479312 -427619871
-718900915 -298615700
650658239 969715780
-115795304 -514730575
-784895450 -531879600
539240055 -618419899
85515560 -215813190
366791424 228703401
-466473818 303044048
660727660 399803015
130639180 135678564
-321453071 -105863955
84470205 523356889
-385664189 -23397907
65644975 -256422850
-248905749 -650022092
62155536 -315979600
-723342268 -166217715
95212142 -279732367
-441871096 -208995715
515908811 -158856838
-10996434 626892945
864982157 -824196827
383063181 -12183077
67969450 -153742563
-195224695 -4116618
316120993 -308875184
-460350265 161499679
244392724 39713951
82525881 727073087
-10943267 -28463757
-162988963 -981405959
360256287 211769739
297327451 702497230
161248216 349792081
77591967 -136038227
-371831527 17714283
641006849 -833997536
-177827832 -449763287
451584521 -314449508
78857979 -768400555
480853661 -378216695
-985089788 75645034
70958202 -94274499
-796295072 -156166502
628309396 -86481096
781254342 72040589
515908811 -158856834
-878728890 -786670925
283939212 -795195832
-336583521 172297434
-450783073 -385882604
298037519 968968144
780310594 -472897329
-583864137 474155990
501369332 946786568
656080977 738495910
-764798964 -680590419
306106207 170871480
106621400 -573487286
585598542 -540461258
-564576221 790042740
515908807 -158856836
-16847636 -810721103
-608498624 642525385
-350906270 -241332494
-593384122 125542260
90175735 125406839
-135639213 -677597070
-110708525 363350275
280099327 92976704
-471983694 -61087568
188911694 -25615620
767488417 -562660696
252214606 577791564
-758205768 -724637091
-306485367 998007740
-166849146 778013905
-430667241 79590589
-310959187 53674520
458658221 -979006101
-996274152 -53555022
515908806 -158856833
-55384826 48927334
-628911702 -378303691
182202707 88385365
666768315 -325436318
459049383 472574777
-279346828 328644477
-350549550 857552436
-751206886 -534013468
-227430758 127638773
-190712908 115144831
-66320632 -582332537
-218092785 -169375161
515908807 -158856832
-36542068 -51752511
778417163 -927295586
667817867 398955272
148411413 -164674837
-69446330 -102277688
-26257705 329590922
558229510 -137305958
-707015767 656802404
476329945 -497293231
-184271368 -438169427
515908811 -158856835
-839146549 915729041
129058273 239754178
589258643 507754197
-7330948 -815383077
313590312 -4334749
-433708156 360660469
-329246948 254418569
-92690711 -54656202
251164193 506661388
72979808 824788040
111990552 109960601
735568910 945680102
-377068911 -74675274
786701076 714215870
-132876745 -886520158
-717399897 227268636
515908806 -158856838
696890603 604025680
-501732687 24624659
-386992548 -187317069
809723472 -270054840
423696942 -671871822
633252482 -577902
353154907 -929118983
515908807 -158856837
852998688 623571389
134307740 -82218619
984988909 -352789947
-788582936 999368665
-309465998 541437057
-23072954 151373589
-642484662 -711542413
515908810 -158856836
57462514 -10908204
605773403 469716821
-416729927 288021046
-478808388 268774157
-966229591 -637089218
-350818206 -367713060
-317307627 195781716
-477055646 -243037148
-57870987 -137581103
-31275148 541198871
-407353946 -665467748
256459322 -654668927
-33730270 640788279
515908806 -158856834
5709316 -2783695
-773708578 221219251
-70698695 713169772
286568712 -755576905
810823033 779809125
-359126944 64766343
-546009703 -605003044
105030624 -823997837
-885378174 469509635
932351716 136862127
658653645 -801706933
-873841597 -627489382
956910862 436553312
515908810 -158856832
-805011204 -189866176
-151897755 438027092
-126002141 -292738859
4560304 -823101062
480046289 314897120
-37572263 479949831
371826150 -126036105
781915271 -358475389
95413399 277910717
382607564 -693813151
114194376 19835870
-23231910 -668539871
694552214 -533675918
-518818079 966376986
-61247954 559978546
534277103 -115427428
-546121914 281428558
853381231 -175247244
322358433 -812758051
-143016602 851516789
533209743 -747291093
-45169433 12938707
-663358240 -312128287
119231285 443624814
43685530 -602107572
-420476999 -497608955
515908809 -158856838
729269996 -156978966
838170544 -79419418
535387357 -242890530
-475874208 -911648035
105547983 -727123152
-192311346 550359337
515908810 -158856837
122588339 -957818444
-915313184 978743036
188974103 -66954189
687801333 -344803861
-403295355 -519669488
508672409 -936580535
-528021 934811287
447687710 -593244475
53690366 -185401129
-366768722 71121156
410303848 478722513
-452116202 163295558
-433732492 245045465
-663819084 -381942631
-969028446 368457942
515908806 -158856835
-312553088 521383782
692076185 -170165561
-243280660 -2630524
-630062377 765280440
-766710810 -476689503
611536763 -155681382
-856483088 335276190
-538249363 649267373
-245476604 173400706
-396301348 823164095
195160348 273584698
-498970186 -880043761
299553485 -449134662
38126548 -158907487
515908809 -158856834
-46046032 871772023
-370659788 363283812
-589299355 -660464877
-58451470 -922687932
-321107953 125802748
4553619 892124599
-166462437 -465654494
-743907030 -169575628
515908810 -158856833
-129813484 -387688666
592474714 360682869
199803095 -600389750
216918024 329797261
458663424 -567613389
-669841880 379808452
-454530031 -253421457
-473447122 -965147344
849769615 388957465
734947490 -187608907
-423090532 678274509
515908805 -158856836
-124218306 344823196
-451474072 73026440
-814900258 75445826
390839975 -401726929
389624020 -405111603
-881611915 -553782461
-563171961 -528965645
-295174820 698967371
-624333789 919575085
-463571393 -186630841
450577888 744199761
136170472 -76372303
515908810 -158856838
384956122 922169032
-409333285 -582261026
357191903 -757534222
-279833122 -18460990
-405869710 -826140506
767922701 539697403
43073218 95686144
617063817 -748994860
859959338 -536265962
-583829967 347181371
515908808 -158856835
-157018821 333287703
-68037410 -227198120
515908805 -158856832
16923574 -905347787
411104897 935360020
564546625 335102491
-213794818 322830774
-489571075 316702094
515908809 -158856835
-133576576 158171994
329465702 -563640925
-708003609 652869701
-882700846 666017885
371180477 236881012
-108164300 -348728644
-452003583 -676384450
