5 50 10 100
-427198383 -244355903
504700376 -732488575
320737791 164826067
-522308232 873030510
466508517 -726471549
-152954236 -880691428
34893426 358690435
-113450824 -501896989
-989844931 760767177
646067586 -264526532
389996795 601557290
-542485223 -283033432
641375271 -628589345
-819484747 963878382
-653104846 919482891
-877818154 -3000705
-530396458 77838116
-777168518 -934838942
-975952281 -557239783
-637252907 382065477
992348969 272017405
-96143678 -506033611
-153525235 -730835825
-253611623 -412571913
-20944711 441037232
-194783487 592764743
835524928 -881302990
171760532 679234396
-495512752 682718292
9530543 -714839344
710775234 380680383
-592181225 -987925223
-138814478 -133261824
-135458637 434372143
913008341 -110609861
-231280515 -27006337
763389709 -674709633
-176317621 -68895873
605083928 -740264928
115099117 741383102
768730769 91862797
482404438 77426260
912886820 956921337
140479341 547830695
-902335202 -221615057
-702358880 65298793
11195437 587166539
-946132772 -696041499
433252921 321552632
289019006 -797589868
