5 50 100 10
-832365232 377328046
-466870477 900733192
240881079 -357953805
781606196 -534293712
963356424 -982416091
-431083740 -370460570
60558200 -107583603
-292640700 938756468
-395465630 -400083320
332246821 -415670436
-386464237 442485914
-98237392 -451478339
-890677415 932817647
119163017 353107523
-711564562 -858568528
149662644 328719259
-392775982 384542995
-147990258 915240053
-571186229 744850777
-775306943 300690576
-548283017 89828738
-683389972 -502968271
-496880557 874198761
-511756914 -744938378
124225985 -538599900
525247661 -647063818
-414935494 435395655
252050276 947470221
-559129199 -346495238
910145063 -517644580
862801200 -144973549
872913546 216758643
-789825426 363003406
-228866127 -823533952
632543838 290981784
760445059 679443913
43162469 908658897
611032907 -91787668
333180196 -105709575
-224263527 -469320336
-18289978 -128801618
477749627 11016977
281340006 -237650112
-495783682 828967207
-99766888 722883987
-318482536 144551172
-303640144 -555519070
-695234534 368339250
-577707629 -139555280
-89797765 -226030412
