10 50 1 3
-76828735 0
-78199801 0
47620865 0
48571702 0
35829748 0
-46036203 0
-81456562 0
-59432622 0
-60479690 0
-14156813 0
-90571604 0
-80184714 0
19961772 0
-41791557 0
-43649701 0
16401875 0
26272034 0
85173088 0
80815028 0
35643470 0
-72610441 0
59134540 0
-36451170 0
56454923 0
-26793 0
-4298570 0
48639032 0
-98868234 0
36275670 0
30905867 0
-45958639 0
-63820820 0
-75257289 0
-92513177 0
6326283 0
25762968 0
72917817 0
30070739 0
-64960041 0
57909590 0
-62319222 0
83131782 0
74575597 0
-14963451 0
-88391497 0
-78420756 0
-58237493 0
35040926 0
27475322 0
15068780 0
