10 50 5 27
6488489 -6488289
5150410 -5150210
5248491 -5248291
5353202 -5353002
-6670359 6670559
-2701715 2701915
-2429716 2429916
-5746319 5746519
4025700 -4025500
-3056486 3056686
3081134 -3080934
9333246 -9333046
2898273 -2898073
-3902781 3902981
1147571 -1147371
-2110435 2110635
7878605 -7878405
-6512237 6512437
1187489 -1187289
4162002 -4161802
-8873942 8874142
768102 -767902
2503186 -2502986
6653120 -6652920
9656633 -9656433
8086080 -8085880
-1794118 1794318
-2980125 2980325
-1918714 1918914
9916212 -9916012
6375215 -6375015
-7536151 7536351
8935376 -8935176
-5400219 5400419
-8755668 8755868
-2004661 2004861
-2967785 2967985
1441450 -1441250
-9211704 9211904
-6420874 6421074
3735423 -3735223
-5416006 5416206
-961248 961448
-272439 272639
-700650 700850
-5042426 5042626
-6494830 6495030
-1478916 1479116
2096603 -2096403
-3247663 3247863
