10 50 9 30
-70030897 42054933
27595582 91384746
-496773159 323661367
-496773160 323661365
-50983931 -5976722
35080681 -37901204
74016388 -17481200
-42823619 -98850827
29780937 -73407332
44508408 6435169
-77310280 -17530935
-496773158 323661365
-74425020 11943794
-90071840 23398794
37976466 10084967
-18718572 6143961
25057378 29411061
-30461438 1844397
-56395157 9268573
-48647549 -16331391
-496773159 323661366
21941273 18430231
-496773160 323661367
29958014 71840194
-615196 126532207
-78208226 73382522
66973136 -53075576
55481303 9808497
-43416281 43181884
106918954 17159743
-496773158 323661367
25368938 36617731
-20637823 17375205
-77462022 -68695357
-66121754 44552818
62833308 -117049469
-496773160 323661366
37953438 23130701
-496773159 323661365
-104180736 30885184
-74366689 35016636
80321500 -39114166
-53915036 5784450
-43610523 -27059079
18393060 95318049
38368138 -103217764
-18372334 -23325826
-496773158 323661366
-16084493 114355862
-67368664 -65298706
