30 350 10 100
881008620 196124775
775002500 346844388
851958377 -460804339
-884926066 -208226147
-351558197 47396215
-938133053 863373438
-398793623 27872679
970676664 594867920
-36956608 -893936195
-349709457 203215904
883338044 688969046
-231007282 -1777735
626424378 -827372399
92632971 -291650435
-772215596 -580886343
620114998 861727044
-261041734 372445454
-304207870 474700572
692090299 787416423
-325453032 119860951
-895846983 216866594
117419140 905822172
-37713870 994491712
757377244 191969100
-856821948 929305452
-614599019 -551983641
580650531 606681406
-125877728 -702565201
818418792 -943904609
-109643010 -771901718
730793195 -721138638
837513731 610957181
-264504172 -488600928
463618822 494160774
-327934839 278674129
-227256452 544243906
-261675672 -66054953
284921976 792339428
-863093987 -735809068
-668889925 -598598822
-240721737 588794961
119051997 -151497786
-270542261 188713577
903816499 -790737031
-108856803 563934555
304032033 396166368
949150259 494282398
155419864 -761495652
928307330 -402846460
29901103 -226531099
-260692213 607170400
90238664 663460635
48438330 957346306
721161195 797974763
-573866283 -754550763
-432634830 628526288
603608013 -445676300
968864018 -231643227
-580876199 -395233451
-403338097 -49497445
-674919578 -68292478
-381314496 53958195
-823427668 -665737334
552313713 544814576
359894615 -424060573
-412475919 -674367419
712725262 -592171104
-38737369 886742767
389819020 -460218321
-486083697 -865467506
-749753301 -152267115
-48483922 -140141043
-870746927 -464237340
-659815099 -366469653
-136793203 -74611747
-277561381 987058903
536646663 -493851668
-65802426 -358884338
819581839 75253911
-602659981 -659012386
-352895878 -602558127
630956112 39556978
390501986 899528439
-20518580 397575501
998170430 -192447758
-931725776 404959252
-932968694 505615668
298902518 557840206
-105066236 126638600
253887537 666750899
223282768 210295315
360521575 420553232
32754433 -697372468
242593462 691603214
-782874504 347481189
517569880 629927525
245920025 300459399
670384986 -471224374
-701757020 329955625
920521640 -253751179
-86069165 -72895276
-601430216 611109945
-780958572 -770166245
781570402 992014787
-43472738 -671490575
260833225 -793072738
-949636969 470990484
-822717324 -104293098
268891324 -773929479
856498148 -391159872
-466050074 -743029906
-99451439 247709838
-727008714 -758720361
204477617 -867601005
557241955 -426947216
923828576 -687863180
944849399 -447511955
-516146613 748471204
978831516 -433455099
591749857 992706278
-73343797 -219635848
138384969 -246239791
-425597649 233816574
375513102 -618153591
8692419 995448390
703281413 -33773214
-929335130 -734001598
-839054746 -419432062
-446992409 535634024
222524051 638893664
539773902 553187727
850128769 -23838166
-675891914 332755019
-521419593 796756181
306708352 -299093527
135920433 454962993
112887108 144327976
-267839399 -685124649
137382298 235889654
109654709 378235194
351091271 -896629049
-132569178 752089374
473993301 -476989692
430151864 37624964
-500402228 758464051
606330676 -186793212
7813655 -442488757
-58725733 -933250631
258444883 552775650
703764875 -858796944
928143249 -59225966
-213665781 -797327318
-783218042 386975442
-322307120 772927314
-920078655 -716054686
-12911147 -554116428
-9461649 -419069179
-532204398 -933331788
194735882 956127960
65045462 -624531136
-313212674 -280378579
632914618 -686068057
42643438 -821104601
780308482 914985076
480029467 -965791532
-847091221 -742216039
853541310 561515722
444218319 -428642444
164483986 -113564708
162471367 595446751
-954561702 -540845722
-642958350 -886597807
-213447189 551552928
-221820653 809761063
633651693 -480224576
-819187655 959485277
680542417 781188693
-936364222 8706006
400070998 355478946
598079539 -481044682
400710522 429398662
935012416 650290062
-330392328 729148228
-359233592 -8403780
588954202 -624138420
-412583453 313252534
853184260 -750711794
171509104 259896876
888844027 955305797
606069803 -854911802
-858879358 -693423639
947375631 -200301189
671171678 -576058054
-97150225 -1691143
-433232249 955578049
632915061 -38726236
736482934 -255363907
67136966 -804383217
-645751894 -741230663
37652778 859688045
-320524644 924255
969745659 190005755
-389641969 -830926033
-426906102 419624485
166114945 -399814707
280551154 434238248
-91818154 -514452823
90760703 -311334439
314983958 537757837
516707023 -324426093
-884081379 533388764
656895341 -818697768
-916337285 -625584481
-628672469 -923568030
252605853 562016282
-713885114 819426729
206687601 929135953
765540262 39912111
-524785492 -191757669
499158240 -355411570
159591325 -257516767
-25747730 67454917
568992903 995248457
-483891528 258889253
185153563 -555277052
93699265 676831874
-744296542 -272357960
328290475 803599425
-866591240 -98362696
94736687 776526398
962141724 -412695688
-11050294 702450083
-631260523 -952579925
315170234 -870666660
13283982 965127056
764684103 -736944300
774429604 225339442
207084710 -910375163
665523110 101446011
567998152 -230199295
411796245 -767669255
92276279 195788493
536263878 -345684066
307893691 749998058
282724766 -149510979
290897903 -972343676
329751807 292630320
121422022 426509188
153150598 -253532293
225156362 -923392387
328234783 888519974
317965622 -408063825
-605840376 -630529457
-729514791 -962915568
-799788500 222717710
-788775772 781818335
567016268 -205606863
-416763462 288152647
-969343573 -818419256
-85734834 -837633091
-528312791 -9342530
-145849197 74459188
-879948506 -918200017
115307307 874463755
-63663980 292412102
742735678 -371232217
-843297135 -648550494
877088737 -15134952
-380435403 -670529156
634165065 -237873652
517989309 791055180
-703380683 -617176533
-707601900 -379912891
656706558 912658622
272159719 476922536
41113451 159855088
-14388483 324436997
726221300 50678762
515806038 -990375580
-458851984 77440483
-492628638 532584132
-263822956 616305366
365350013 904765044
8050350 906871579
206573519 538002878
-743312957 636232902
-583326391 190291844
968909175 -907072157
749372409 -789831936
-680754757 70907881
-399174471 -38296519
129264502 -848588635
-197197687 820259759
670904585 -418786170
-457734167 186536332
541020033 -877180440
-178871530 546043492
670126834 512925685
901715517 -731669411
938910850 -406635054
23987834 516419082
949952762 401460552
-285327796 -898321381
-844557466 678162872
-385752402 390955529
-536821372 303115358
-606988605 -739493682
650485280 -681022644
-222274240 -232796316
-226958661 -696927152
278166773 614017341
-829602371 822989670
244955633 376952338
829131107 786288798
841005466 420943708
807926828 -778794193
-649882326 -437539786
747950467 991404267
-256915678 738743174
835474184 624861993
330530951 -216071014
-204554183 -922310047
-756006881 -271036894
492317020 569934113
-677405529 -806142775
694805244 218140131
945360319 -988056533
327195739 901830337
-71488811 -556719577
-824697877 813784140
676993886 -634305358
531357782 378691665
-700629978 -974365156
-875050280 -462348750
637655512 -686400373
-405495866 -168807103
-847830603 875945400
125442975 218526724
636073252 19968935
-962610108 206158186
374377042 530411928
400702568 662578481
739462052 -838055329
-908081657 619249599
-757838099 600722961
-772860485 950710685
826948886 586092985
83961690 853608762
578973216 940533200
-37490504 417948395
