100 350 99 100
-390727410 -720365524
-331593091 -976417595
472077468 -11032128
874342991 603469517
-700818732 363543108
-310368317 257356938
-614134213 -992168889
16435000 -56908322
-866723367 -965836584
-603594916 -883569821
-396885944 -187786551
-192808697 -349843867
-20745490 -544912325
-646897596 -132827295
-981445602 -504120604
607462125 780276049
846597607 880825835
211726724 -878245600
883930952 141681409
976753534 -3241684
632127043 164126686
381944542 57351266
70735164 682051166
359652545 672892787
-982318507 -99037655
8492517 465068523
-972877188 -586912183
-76960062 -368924248
-234444467 224201312
-922917902 -150505878
993493254 -692944105
854031323 247812861
-564515777 -100930128
-372276992 73634134
-326088728 31927441
870577869 410817053
666849781 636861540
-436484143 987736441
641063980 758048014
-721696352 591115313
-726384784 356320067
-49192647 652210722
-973062999 -965413719
920583907 -606837948
748398214 -582510209
362885316 -940641824
384459616 912909245
-882833999 518841072
-305446006 92322131
-179768902 350481792
705276951 994158201
-68959493 -116482426
-517360392 -395345484
-7019428 31652509
-460076839 133506024
500807175 -302913396
117777979 638394579
-733831267 491795719
864308441 90438066
-85925927 -460260502
-64151054 -949557380
-859243239 456078980
-210728765 214421500
-111086650 792441723
-852124471 -620210981
-296097627 -274313162
-515760464 -869379208
168601442 11879406
-256463637 -828214623
546320663 651677818
616067328 -690254954
-842411127 577789499
-569922472 -343177006
982853018 680778336
-473536778 -512074663
-377120168 404837797
958905278 302136340
-65772760 65571725
-401716315 36037074
108020240 -949270728
425989422 -533205143
859671938 -772009774
-995310577 29825478
-789384254 860156909
397555845 -110370176
-461325763 89419805
-641298089 117142314
313740453 42440592
31504096 -222982257
367247518 941033538
716760521 -740061467
-406770210 477322260
-169298121 75029488
61541801 493520517
-339875737 -417601549
-946380301 380765323
246874525 2690818
535269509 -101519127
-76492645 165070052
-134685569 806676139
-166747176 -866470522
-824412100 579470063
195872783 -94912425
-79035249 483543775
795518863 842842099
-224368371 451792597
-373587099 -492859254
833370983 253443719
134633004 -775458088
-560107827 -749791515
-282608559 525190510
390547885 581760254
-214120692 432053711
583631318 -944176368
944274980 355232848
5762419 -87909534
350150757 650100041
-944818190 -491737040
-124063231 266645593
-661307417 -969901272
561435520 -994106814
455108035 108307474
-783647726 968865896
-460508970 -311921205
-196870791 10602615
142131140 -947057413
998804352 818008800
666995071 -463353528
-244125497 60648040
452129729 504464486
-39826197 -924609434
947150616 -694901923
-773794222 504676115
620558706 447657594
-212197866 258350057
-184000202 728874322
394550790 657263017
-679499832 -482465232
789721273 -689643656
889574096 -908405780
-284292780 362905557
70318867 -900815942
-890880838 207939754
694329679 778503799
-891289551 875707163
-677581369 466408568
853304128 -174716428
428759676 952326961
-377526547 566851520
475870900 -751105984
375378532 64315189
-618157416 -671091221
556003805 -714686315
6774142 308401510
523626062 -24051195
-160290875 963925594
347042233 -495305239
818078561 -995860487
72016127 -18149083
-55130098 323540768
725914525 -868788618
858677632 -737629397
517163221 606177141
-95946988 -146785156
733180163 10823272
350690495 -471871792
767532688 -353714563
235647908 594662038
329841717 384458533
-342202299 821776505
772013337 -590425776
-469563969 562010986
323266713 -945261639
-853220152 650867398
-413365629 105969425
-141604984 765378560
-273839547 851359638
-811344641 -430127738
-131969011 709650581
322236045 -630570304
-381324443 538011781
-836699523 -442979411
805703893 -403823240
-25619234 -535103531
582245533 -913131969
179515350 -3062954
-335743764 -738009339
182649713 -889318381
6169967 890662677
461167453 -496756749
-797144819 488651180
691125930 -639738048
113093608 172223346
-638434722 464227660
-450089032 -98303219
892963956 27007090
-204194675 380458940
-736979810 361386644
750911512 727599994
561286192 78077902
-857441299 571519092
-132186038 -920631575
67735128 826403944
427795570 -733099978
880833495 865802266
-176441477 -889604241
-798660304 -899472300
630125863 -468653600
127988370 -959383496
-490707350 -3795020
-610736837 -608689556
756007115 -814347204
-518482979 377245478
-680563423 -365885211
-470067982 -157032404
710427784 64635238
-835400845 -735878440
969259730 -340698072
795131541 463257018
341702766 129337156
691052587 -172607316
551176742 21491920
385819932 65341768
-91984186 -548103764
-498007379 373775964
626736161 -823557948
651556871 967620732
-696277374 -518743577
495012705 929779315
-82616988 -99355437
-691584086 -444875442
458049361 -768996991
-797773640 960760558
981970102 -900471245
-217221764 480354071
-794354544 301349927
-162318895 847609098
96587598 786827055
-135764786 281987605
-120302934 510321387
867122382 -238436234
-644230391 558587398
11752998 -438436812
490660866 296165213
522030914 131991260
161568885 214605568
-562687564 29675643
72210800 -106014870
986300761 -883736376
-114171685 -501822821
313908132 48727756
489619133 -195375885
-329457276 -968638847
961079675 607733250
-603313817 -329725645
-287265982 207835711
-419615595 -856482579
63081556 658468206
675464378 605033040
-317824962 399200452
921465473 643449855
-426756525 -210198093
101679927 -128011013
-369734749 723409347
-470395040 240956813
408295897 -214785972
-580130702 -700236130
-596581376 -601709221
149519881 -660485615
42973099 985791827
29446119 929205000
591568580 527364327
-241394695 -37833380
-545103573 508027668
-722618263 825522732
-732362057 -984110348
-49778393 -9614367
-173751862 -9430506
-711598792 -265187150
645321085 -363590891
632599534 199118908
-50386583 100680137
-467716424 977453376
-600398866 730684763
-421944850 979101147
-331577119 -862120021
-844659817 257217126
-539285226 586756514
576852622 -982893766
172244968 53085451
-628269623 -755186229
-999703730 -247375991
753644078 204809256
-711289325 -458217241
964925832 -461508103
-86116601 793757145
-397168282 -748001953
-611520834 -375971627
946994705 358053947
-981180029 623916810
-529618601 348791673
-334939113 303815741
981368490 321205040
738097346 954840154
-186928934 193811851
-917624436 -337932027
-130783419 662054263
-370975288 716841801
-215883123 -995481130
795216075 587423438
39244111 -120635709
-619802327 -646091087
758761783 -957728898
-932716964 444126058
354799299 -626898771
232917974 245330646
-259710912 -931017555
276331292 -830465282
-421476797 -770828557
-513621540 -522059339
-919339431 -922887089
345102903 440028478
-225413013 -829846324
855658278 -117629897
411450557 -633247114
-975194874 -305972224
-638159619 590658806
904162301 -479111590
17853529 -143664970
819899231 -996289789
-775199542 -978716139
463934905 469944874
-465161091 -779185286
-436736240 -585354452
-59105386 -107703386
691504827 -572226660
225968908 -19267257
-408195837 -659734021
60258330 663450031
930721634 -393856592
912614538 881471163
-768396791 667820467
-275612070 -446449071
550754800 -306638259
853913939 -573779049
-518305132 -914665711
462324022 229393247
-177661779 -396907781
47402282 -899587421
-407401418 407321058
