30 350 1 2
0 -32509590
0 79461236
0 -14457923
0 32638301
0 28577595
0 -30141845
0 -47936807
0 -65372552
0 27255411
0 18541108
0 19602736
0 87584202
0 44902900
0 48228697
0 18515709
0 -31000657
0 92650585
0 3229225
0 8811454
0 -38442338
0 75828587
0 7858241
0 -80399797
0 -2514737
0 -14945365
0 -32655675
0 89230750
0 62637660
0 -53844700
0 16939268
0 49595100
0 72523098
0 -33218998
0 -57078261
0 23827834
0 86519163
0 27265182
0 75348990
0 68207596
0 -22446057
0 -90080415
0 -48163460
0 -34498553
0 20670226
0 76071197
0 -19958795
0 32916463
0 -87641430
0 -46576695
0 -58497781
0 92964444
0 41361835
0 -67492193
0 -91621411
0 -23780696
0 -74737307
0 -40571261
0 19825720
0 -50509644
0 -48146365
0 64800152
0 99946899
0 59520888
0 20850874
0 -69229401
0 52708455
0 -73650447
0 -57518294
0 -66296900
0 -45575242
0 -52361553
0 71685312
0 84565200
0 -63511584
0 -88188004
0 57635475
0 24350696
0 16059513
0 -32755906
0 70481122
0 -33659454
0 45839073
0 -87271171
0 -65597185
0 -15928463
0 86962787
0 17299844
0 -33544358
0 -95633253
0 33854861
0 11363709
0 16779941
0 22633666
0 -5106562
0 -48178828
0 76350298
0 92486396
0 -65796938
0 87837247
0 53669462
0 45659089
0 -72187181
0 42315783
0 53119874
0 -31646141
0 31750668
0 -92642537
0 21214402
0 -78903595
0 74127194
0 24511691
0 -15997651
0 45622318
0 -76452461
0 -29204411
0 62768649
0 -18290346
0 28249353
0 -64583570
0 71129967
0 16550610
0 62588315
0 91192310
0 7869155
0 -77315959
0 -27398592
0 1675232
0 59732697
0 -89575477
0 35633847
0 22201644
0 -60245869
0 15253528
0 2709408
0 5497348
0 -68365304
0 54697980
0 1800545
0 -74165810
0 -79744485
0 -45796972
0 -60305621
0 72562623
0 66147278
0 -42287849
0 -84386059
0 -76842370
0 55487959
0 -63491894
0 -392339
0 -61733655
0 -79432198
0 4250259
0 -93829143
0 64209320
0 89697591
0 -11093236
0 -51860263
0 -98450939
0 -41045735
0 91094196
0 -98838749
0 -19585587
0 53614376
0 83178494
0 -73844879
0 -85125035
0 -52262855
0 -96706817
0 91107387
0 -80410900
0 -28870950
0 -59556484
0 84826197
0 31860999
0 87275943
0 62704564
0 -39270886
0 43030143
0 52204152
0 42635670
0 75135277
0 15536821
0 42174490
0 -3668171
0 -20162394
0 -89013504
0 -20428557
0 -45812205
0 38530070
0 10376247
0 80414860
0 69843055
0 68662224
0 88230728
0 44626554
0 -77590279
0 -19530572
0 -37753313
0 86489719
0 60641288
0 -39930359
0 65266103
0 54235315
0 -83306659
0 86713001
0 -47564806
0 59673302
0 89261336
0 -62975929
0 -71275114
0 95057915
0 -16695263
0 90877530
0 -5367877
0 4473876
0 40563075
0 -62373801
0 -12125258
0 -29320895
0 36446009
0 -28618286
0 30494189
0 76107538
0 -19265327
0 53101331
0 28079609
0 -66762660
0 76987673
0 41198873
0 -54443889
0 29721952
0 54491273
0 46063293
0 34243474
0 48676120
0 64550247
0 -24722796
0 7652235
0 19046548
0 -440148
0 40800585
0 -39388510
0 78399949
0 -6807113
0 -27064644
0 -29801315
0 69149128
0 34229990
0 63138302
0 83363259
0 -887625
0 -66695307
0 81975253
0 12906504
0 -1404239
0 -33412887
0 90839432
0 43980787
0 -79994258
0 -43100819
0 -80920001
0 58223291
0 -43555574
0 -72460265
0 467775
0 22189638
0 -35367999
0 61897593
0 39680862
0 -61543275
0 76703532
0 80314340
0 -44384539
0 42452461
0 -34926292
0 20521235
0 15401363
0 50964558
0 24913593
0 -59922247
0 82787094
0 -35940596
0 -9110952
0 72629351
0 -40763690
0 84842587
0 -97240433
0 98565332
0 57789818
0 -20446942
0 -74774100
0 -38959560
0 -55348971
0 -94238381
0 -90542018
0 64441259
0 84127047
0 -63950402
0 95616220
0 27650807
0 84933232
0 -18002341
0 -93995730
0 16276995
0 89334239
0 64715212
0 33974738
0 -16566090
0 43648526
0 -56892088
0 -62135184
0 -76909996
0 80124012
0 -18303554
0 -55757881
0 -97010790
0 73839951
0 -48254323
0 91462765
0 -74640193
0 -89030475
0 69197074
0 51773078
0 33943983
0 48376647
0 -24965837
0 20260502
0 65430522
0 -85837989
0 45709783
0 30793335
0 -98310716
0 92041386
0 12695606
0 -56825274
0 -24635079
0 -92440758
0 34081072
0 -8293936
0 132494
0 32043856
0 8394913
0 -73724160
0 20738692
0 -43232457
0 92782706
0 18070399
0 -27420971
0 -23272248
