10 350 5 27
902742 902742
9108641 9108641
-581412 -581412
-4249111 -4249111
-4471318 -4471318
-7360006 -7360006
456480 456480
1518895 1518895
-2428170 -2428170
-4184318 -4184318
4425484 4425484
4458867 4458867
5114431 5114431
609463 609463
-3328284 -3328284
8996058 8996058
-2316445 -2316445
-9482177 -9482177
-1023510 -1023510
-4007509 -4007509
4654651 4654651
395390 395390
-2845593 -2845593
6493374 6493374
1156156 1156156
3011369 3011369
8175134 8175134
5821648 5821648
-8492336 -8492336
-3251957 -3251957
-1018515 -1018515
-1430580 -1430580
5576745 5576745
-6775977 -6775977
9583666 9583666
4228851 4228851
6706320 6706320
-5109253 -5109253
6959450 6959450
-3731721 -3731721
-6895157 -6895157
1829687 1829687
-2704735 -2704735
-7580822 -7580822
4901533 4901533
-7558505 -7558505
-82871 -82871
-9342730 -9342730
2137164 2137164
-1311183 -1311183
4771512 4771512
4872389 4872389
-6738918 -6738918
4174584 4174584
9213209 9213209
-7857150 -7857150
-2201910 -2201910
7473341 7473341
-5548774 -5548774
-8644087 -8644087
-6181627 -6181627
-5507349 -5507349
208024 208024
-3195690 -3195690
5598421 5598421
5621509 5621509
-3118170 -3118170
-2267475 -2267475
-76215 -76215
9666362 9666362
7841888 7841888
-5459804 -5459804
5496990 5496990
7303413 7303413
-7366358 -7366358
-3414699 -3414699
-6029604 -6029604
9412258 9412258
-6986978 -6986978
4079910 4079910
-9845166 -9845166
1899630 1899630
2921268 2921268
-1833095 -1833095
8030409 8030409
4271976 4271976
2327875 2327875
5007915 5007915
-8794032 -8794032
4301463 4301463
-6369223 -6369223
-71858 -71858
4950377 4950377
-5591479 -5591479
7472749 7472749
6171585 6171585
3064182 3064182
9913145 9913145
-146214 -146214
-8490729 -8490729
-1121126 -1121126
-6480251 -6480251
-2060241 -2060241
1655542 1655542
-1021836 -1021836
-4165737 -4165737
1071829 1071829
-6843570 -6843570
7531269 7531269
4224847 4224847
4440757 4440757
6333736 6333736
6873713 6873713
1478984 1478984
-9786891 -9786891
-7069052 -7069052
13097 13097
-2432577 -2432577
5464980 5464980
9766153 9766153
-1804258 -1804258
-3325059 -3325059
-2047271 -2047271
4784833 4784833
-1817045 -1817045
5684912 5684912
1915487 1915487
5706926 5706926
-9564222 -9564222
-2924270 -2924270
7153719 7153719
-9395883 -9395883
9990335 9990335
8658694 8658694
4635 4635
-1460586 -1460586
-9764599 -9764599
-6507707 -6507707
8226292 8226292
2399027 2399027
6416845 6416845
8390038 8390038
6676566 6676566
2865960 2865960
15465 15465
6735111 6735111
2316612 2316612
-5650841 -5650841
4976452 4976452
-3192329 -3192329
-5461378 -5461378
790143 790143
550471 550471
7478431 7478431
6172356 6172356
-2535933 -2535933
8004891 8004891
596784 596784
5118805 5118805
5099679 5099679
-5631406 -5631406
-1611118 -1611118
-9432652 -9432652
-6392500 -6392500
-8828343 -8828343
603652 603652
6500166 6500166
6966511 6966511
8947672 8947672
5394653 5394653
-8020552 -8020552
-9594215 -9594215
-3223839 -3223839
-7122805 -7122805
-7474512 -7474512
-8896226 -8896226
5848950 5848950
7274575 7274575
4405407 4405407
-1997200 -1997200
2828999 2828999
1647293 1647293
6770767 6770767
5107376 5107376
-4285173 -4285173
9743204 9743204
-4991065 -4991065
-2734399 -2734399
-5032447 -5032447
-688529 -688529
905996 905996
-4919910 -4919910
-6276695 -6276695
-5182577 -5182577
-9333236 -9333236
-7445816 -7445816
4321177 4321177
-2044898 -2044898
-8158349 -8158349
-1302368 -1302368
1228954 1228954
-7325990 -7325990
7441392 7441392
-7285865 -7285865
-7901483 -7901483
-4877217 -4877217
4048005 4048005
-7780992 -7780992
7867310 7867310
-6437330 -6437330
737412 737412
-5596943 -5596943
9876304 9876304
9314228 9314228
-4528574 -4528574
1098168 1098168
-5082575 -5082575
3799543 3799543
-1392147 -1392147
-6734505 -6734505
-4369691 -4369691
-2601292 -2601292
-4746620 -4746620
2173331 2173331
8271709 8271709
-5310132 -5310132
-1792821 -1792821
1512375 1512375
-5696580 -5696580
-31692 -31692
-1814683 -1814683
-8814553 -8814553
3913298 3913298
6783297 6783297
-4614359 -4614359
-6366335 -6366335
5168183 5168183
-7041613 -7041613
-8120142 -8120142
4556228 4556228
-8595327 -8595327
-7706700 -7706700
129004 129004
-8239750 -8239750
7087372 7087372
2816012 2816012
4886515 4886515
2901651 2901651
-5755488 -5755488
3991096 3991096
3083885 3083885
7334096 7334096
7582112 7582112
-3529468 -3529468
8998410 8998410
-9805506 -9805506
2888462 2888462
1892271 1892271
-3339443 -3339443
-7454856 -7454856
2459830 2459830
-3565941 -3565941
1769506 1769506
2588330 2588330
2843685 2843685
-5276777 -5276777
1680971 1680971
2409622 2409622
-1526463 -1526463
-5827015 -5827015
-7870658 -7870658
2295628 2295628
-9883053 -9883053
-3631564 -3631564
6864508 6864508
6140030 6140030
8882737 8882737
-6458669 -6458669
6056843 6056843
3011762 3011762
8667364 8667364
5591907 5591907
9967409 9967409
-2108370 -2108370
-7726854 -7726854
6880023 6880023
-1634117 -1634117
-8768674 -8768674
-3840977 -3840977
4348187 4348187
6323689 6323689
3071079 3071079
127220 127220
1465411 1465411
-6621164 -6621164
-8804349 -8804349
6796433 6796433
-1167343 -1167343
6132690 6132690
7223980 7223980
5818404 5818404
7552362 7552362
-9123623 -9123623
9605855 9605855
4899725 4899725
-6567013 -6567013
-3899792 -3899792
-9266523 -9266523
1689211 1689211
8910760 8910760
-7158299 -7158299
7616674 7616674
-6341472 -6341472
2391038 2391038
-2037302 -2037302
-29593 -29593
1712258 1712258
8618178 8618178
-2629392 -2629392
4123293 4123293
-9121686 -9121686
612790 612790
4225529 4225529
-1279046 -1279046
6590560 6590560
7318760 7318760
7451960 7451960
-6193411 -6193411
-1088457 -1088457
-9069698 -9069698
-9388399 -9388399
4197703 4197703
3651907 3651907
-1747054 -1747054
-6548091 -6548091
1652140 1652140
52250 52250
-3934999 -3934999
-8477977 -8477977
-4047002 -4047002
8672849 8672849
260142 260142
2692786 2692786
5668440 5668440
9604011 9604011
-9707758 -9707758
49897 49897
-9980921 -9980921
-6331316 -6331316
-3299628 -3299628
