12 150 9 11
-629161128 777274931
-629161127 777274886
-629161073 777274939
-134328843 -990936894
-134328835 -990936880
-134328839 -990936957
-920214775 -391414270
-920214754 -391414261
-920214718 -391414194
-675086848 737738212
-675086798 737738302
-675086875 737738218
-912678809 408677826
-912678788 408677811
-912678722 408677833
999923346 12376505
999923351 12376505
999923337 12376480
-200969505 -979597631
-200969506 -979597658
-200969555 -979597572
-381522137 924359678
-381522141 924359615
-381522173 924359622
-893530656 -449002428
-893530652 -449002490
-893530694 -449002398
-835503130 -549485993
-835503095 -549486014
-835503127 -549485961
966114478 258113340
966114533 258113302
966114522 258113349
664677235 747130430
664677258 747130401
664677179 747130414
488726491 872436918
488726415 872436914
488726440 872436959
-999989179 -4671014
-999989157 -4671026
-999989169 -4671025
-994942548 100446818
-994942526 100446893
-994942520 100446847
542705083 839923178
542705167 839923150
542705144 839923168
978062355 208311755
978062412 208311688
978062357 208311682
997130064 75706089
997130098 75706108
997130094 75706027
895730760 -444596908
895730667 -444596888
895730693 -444596915
-924766829 380534372
-924766870 380534370
-924766803 380534307
-84475956 -996425621
-84476002 -996425597
-84475951 -996425595
-910881326 -412668701
-910881347 -412668717
-910881369 -412668682
-931132376 -364681592
-931132374 -364681610
-931132463 -364681582
-146844533 -989159651
-146844580 -989159651
-146844580 -989159688
-558527378 829486070
-558527435 829486018
-558527413 829486057
794595941 -607138564
794595965 -607138619
794595906 -607138603
589390686 -807848105
589390664 -807848134
589390732 -807848109
786793931 617215510
786793928 617215477
786793950 617215548
182893139 983132658
182893158 983132631
182893194 983132716
793750883 608242714
793750920 608242648
793750957 608242653
713249156 700910342
713249151 700910355
713249122 700910409
-955805387 294000411
-955805401 294000439
-955805369 294000426
649012760 -760777503
649012728 -760777535
649012738 -760777573
-700042586 714101085
-700042589 714101118
-700042516 714101107
-842734580 -538329576
-842734578 -538329671
-842734560 -538329599
999034529 -43930722
999034454 -43930708
999034445 -43930720
988589771 150632166
988589771 150632204
988589769 150632194
-344775354 -938685413
-344775367 -938685327
-344775366 -938685398
-985280583 -170945367
-985280638 -170945381
-985280678 -170945325
-999732240 -23144446
-999732248 -23144437
-999732246 -23144489
543698073 -839280945
543698123 -839280952
543698107 -839280920
-995483341 -94937328
-995483332 -94937283
-995483396 -94937282
-978534839 206081820
-978534791 206081874
-978534821 206081827
997613278 69047451
997613219 69047485
997613244 69047455
-347420268 937709424
-347420338 937709453
-347420320 937709424
915156081 403099296
915156171 403099270
915156146 403099267
715417585 698696892
715417568 698696878
715417660 698696923
657117991 753787554
657118025 753787503
657118045 753787512
-62643648 998035877
-62643662 998035894
-62643663 998035812
-933269273 359177671
-933269277 359177634
-933269263 359177719
