5 349 9 30
-58217866 -36035534
16667469 -48720893
-44672716 63347152
-10294657 -143248369
-25702632 -22518861
-54952307 -53667942
78200971 131955469
-5658365 18397399
92033347 11564964
-200467717 -144246065
166722860 148874974
10489576 77115187
45950357 -46141012
-159798148 175055299
-194327323 34090094
-146474876 38221302
-171967015 -76115788
184091233 19863069
-153711882 -85799524
-58573935 152555063
52688223 47475462
-203230721 -51910979
-2474621 173519941
23594325 -1475919
117855247 279750435
55555579 -107119900
176830872 -89464818
-84761649 -1196535
9003027 -36698030
-25146224 -131931927
-42947870 -157719226
96788047 88309014
134081374 40677958
87274849 116255629
110101224 87747724
103332661 -56777338
-95989286 275521728
-252003520 -159843197
214268777 -3336857
-176231281 63178406
192827270 -94142367
-46550887 83300410
16064180 -61870727
-7101142 202581228
-43422865 -179358696
-148796009 -41795274
-77385884 195977961
62087189 -96872042
-98328221 24299500
-82118164 -65562569
-85559956 23454979
32626045 18207210
88671105 -101170997
136418094 -119002489
37798153 -68198194
48535166 180920170
-152676026 -25606186
166524844 68439758
167452287 -96089095
-77579644 -126589354
-193584859 98573445
-24394052 -186923568
-53315815 -85438333
-61782955 -101939375
-89358834 66494600
-13741560 -73629767
90805957 -198852900
-60286603 52869215
-103428613 159708276
-248101271 -92086397
-79315440 -152213699
-58358604 169856180
24510435 -96970762
-176030744 -137309296
156627948 -52405317
38594297 -93729196
32272142 33298385
36624036 -106565817
74922227 44919479
-50549996 69811110
63898302 -69761693
-153365877 901898
100457719 246661594
92456861 -5958486
-39819812 148071632
77895738 -99859946
78818810 114712977
-122630655 108460846
103240687 1405218
106157522 53462294
6741644 210475859
-59221661 110651237
-2288017 103054446
889913 41723131
-63413157 13459423
-117651363 -136062158
-97411475 116212162
155053173 5380989
-89836555 15832008
375497108 -533004513
-166715830 55311162
-122226774 -54945138
69798778 70284704
193388926 189124073
375497109 -533004512
-96216877 6077850
-100456374 -23428865
131959137 18565955
27177173 164456556
101811192 -63492763
-24124224 -83111524
-220973698 -21655944
-44440406 -101471757
92827554 -108928580
84884696 4151245
-59941374 -167044867
-112484052 124459855
41664325 210192645
167767479 149785338
156279365 -85594794
34767427 -22573945
312240 159395881
154326709 -77730643
-62807991 87052208
111319184 3365849
-69190188 -136783226
106261374 -85745222
-208771341 43786513
123970140 -36085687
-21631935 -79408054
-101229969 -81034336
-7277672 -5503794
-80297061 -115757678
5823188 -114118591
-133268570 64949688
-14518825 -75444364
-178489335 -84410642
-5938340 10379209
-5117572 2500247
-45352625 72678958
-10223957 -118687679
107063174 55745137
-160106235 -27368512
-115466872 45646283
-11834448 27438962
162298737 57222594
-158011978 7941025
-52934796 -194630058
35219027 -43014673
-31051772 -32238821
-65953254 30440648
-15097190 -18629449
11839022 3017382
-129440386 -103167178
-25451916 -79984921
14897405 33544899
-157769612 -69280207
74812609 -81508396
-27296787 209716381
44556811 -201657842
130739703 38351366
46374687 28231058
120853082 -204736968
6875749 83239755
-241020284 -22583624
76918818 137376074
-68864772 -46477194
-31973826 37243308
-17047803 -111960724
-59239184 132159592
103670302 -126383453
80833636 88491213
211090439 -107469239
141965867 75396507
98704015 -92235222
12029026 -69988325
162653546 -49373011
88477736 30054742
115715098 -87965145
-138993586 -25036948
55593880 177128823
-215979074 14602917
85497515 98774577
108216116 -31197105
272467 -479357
80597772 78973543
183500898 53466643
-36516276 -17877811
110456184 84329439
-157209757 4566307
-76103136 -6480638
91708004 39364875
149124830 -103265167
-28404704 88934903
-138309006 -88632661
-81058581 76793195
12981039 19233104
130828860 -144449484
-194403807 -67122289
-119618789 -30102930
174363688 87317557
64137481 32127432
74458520 -131169563
-167370869 91666265
117427436 111471424
93378541 -76486185
-4732306 -135020538
41805250 20968456
46857500 -157325532
121432316 -136593233
-87574458 -117484112
110728391 -6129009
-90813966 175925213
27413021 92522688
9784712 191022691
-79473325 -158656500
70859368 -198579368
75552578 73685038
95807168 116551836
39270806 116894940
-167220172 -65320954
1296979 53981568
205485597 -90339887
-120749203 63735109
97883203 -2888025
-39011509 59904407
49644598 -58768712
-155894886 42579736
60677239 49892206
105701442 -89997587
-87680153 83287982
-187733669 65836393
70474862 -174977993
63083177 116739019
101455081 86289470
34796723 106455304
22796116 135456303
375497109 -533004513
-56744549 -24489361
74774939 47511968
-201063080 185818926
2892176 35400898
-169219652 65306047
6020057 120334674
29559334 150530716
115792423 23932795
125945169 -112717714
74171615 14040739
10772285 -61142517
19857982 -26716850
149125264 160596146
-58126392 -70857761
20486204 158209146
4719045 94649922
17317679 -88318819
-123001954 101039096
-40898683 114411824
62168718 35676347
90024065 -37752689
-138996714 71467103
108812397 113030955
-22304021 -151730789
-156375205 -61361123
-69255221 35110565
-4775590 -39193057
-174638907 58976068
33239814 192755837
146844307 208337018
107361010 -6381012
79094020 251192727
36470632 -51835814
218050149 -22474950
41718684 -56937466
203292999 -17001831
-42177418 89025385
14899061 -12928127
155101294 151997257
-40148266 -196056768
-69955093 37886879
-53106328 -2753381
207664460 57254850
-152982385 47064028
-15992337 -61180307
113117176 -190148400
222306464 85485300
130833288 -114654089
-102130626 -126215482
-84667992 118184203
62806809 -141937754
14306045 143575397
33895109 -93117083
7224371 -46113979
3316323 171277017
-62607057 57577375
-223518 -7084175
-67228629 120964479
143182735 -41011392
-16654119 -31384037
49105907 106699303
-25409486 -180605560
33128722 145827441
-175743545 -16715319
-52880435 165600567
80237237 204559786
375497108 -533004512
107502205 -69168582
1236552 60263131
-90654675 84830626
-2847793 194825303
182204966 -69291427
113321375 -12696718
-83274099 -22430104
-114275953 72949263
-71970383 12688007
-106167187 102311591
38956097 96417222
-73094755 -1676098
-56950340 -60146180
-87871974 29431518
94719565 -190285584
-116908052 3456804
58195605 88522825
-47023657 -67359834
37045654 261579057
-56093149 -74854044
-83850913 99488322
-10683545 67014892
-142754159 -34008658
27355348 90834272
-112384576 -106412074
109771746 -93900297
-78689808 -5376068
88240340 -53238196
-131034932 -128139176
-46142082 -10386464
-48400498 78125776
-21217423 -88791612
31629523 -144991944
-79484040 40730820
-70465995 -14597224
47777113 -60125084
-156101883 -11013763
26107148 -21388288
71820403 177882709
6691009 172880937
43296639 -73334339
-141287642 -38426990
-1792153 -71950102
102417330 -45477264
