10 350 9 30
-804670829 -138254228
192172528 682122522
-422245055 -369531151
-67192739 723372188
420493550 -492818810
-43423882 100802289
315576130 -515790587
-208713710 -816327293
532685994 -664796514
46875627 620772027
485468059 153499363
647404810 67598643
773790581 168548737
-569588878 215170312
530240773 -638563230
-34577574 -860227115
-754359199 150289142
-975628044 -340579067
-21669493 -58632477
-301884324 275540156
8115413 951682005
39919820 -648491695
89683686 525709196
31005795 -123846464
947165348 104699280
606399622 -760940816
-701922473 -55213266
-658846301 -130057464
634545801 229943942
-745077351 773983859
115692118 724588150
-114695805 51030228
600742284 -433506317
-10497317 -617878959
-824669579 635515659
-946035707 201543098
-607489422 -405690540
-20934423 855753462
504082418 158421071
-177076352 -665309263
-913109753 -235897489
-441563179 525203449
555127663 348580825
318840308 -814211525
-644050410 997789631
608162890 -711862720
-44184115 118841132
99355523 -671061826
-160532409 998294617
267655737 928939827
-28292814 -23033641
-44552601 -134793113
570986631 -722386817
408154175 123675602
-464347465 -566897611
-796507726 -320547460
102712441 306330123
465507721 -292289320
592676594 811371281
234875268 -382987658
11567467 706099081
166253089 -465464177
-715232545 -144826387
321567992 462208184
-759350179 403817311
221033838 -420221071
-742189990 -362364987
695806346 875318206
-46684147 321340940
592944502 419531667
-327981796 383555653
-207938598 -19184550
-423900046 232611408
-810518727 514508665
-109786982 139303234
-955452315 -41900213
871845916 -662802436
-175268547 -727190529
-104143357 480275285
386466741 157719979
-61706672 -551474374
291642793 542158139
-517485335 -1620109
-705172271 -48762703
318954232 -270857213
-959874236 230750225
216965251 -694986412
-515747542 655774406
-429806431 -449364741
797961489 315606468
198062126 343256347
353458988 123896883
-353607741 -324383181
-10950589 199398719
-346223733 245069838
-57024491 47207522
656565177 -16500481
-440435174 -382359932
120817790 510366134
-523832693 39362020
105706204 419401283
871845916 -662802437
777923372 970849985
-534658726 -314513859
-299752352 -265916557
44642991 860546054
-699426275 464535060
669682234 -449879384
-116337216 -475347714
403388062 -597192254
-733915208 537551637
47870209 -49223198
639215675 -897991943
299819244 43629525
-71982519 -216744788
-732425822 -355169705
-380192902 698198203
-668467995 -648830819
956299547 47532394
221019605 416178548
93092587 49390633
-40490 130122262
-575327524 -16873481
434548851 -195958251
1361126 7645799
873011774 -21346540
-441313930 -327354531
-389031093 21033504
263847429 772379861
258718662 -49026186
502841880 -899763480
734585367 104264309
-27848942 -38704121
-450394633 617071664
-620201977 -301815542
-398935573 -809672533
-336887270 -410931333
730584319 -321265621
-593760444 -50758592
237881373 719232736
-125342367 -740136227
501686448 -582169859
-859577333 82590169
480199334 -848228037
-59015835 -57442555
786025652 -350846658
10617516 -430196401
-21590273 636869581
-787795426 424958131
-51354732 -569989926
797423626 -687659306
871845914 -662802435
-471910431 33467560
-693047368 -648777461
-369915868 198767495
204999450 -450111174
-426369870 -274024793
-907574975 439665701
871845915 -662802435
-202199742 896646610
-232077312 139342232
656919074 120904949
-228055289 -644246318
456245174 129920931
802419184 671332149
443288755 248531224
-797397367 10954395
-45212275 29120469
-921131290 512502670
-364517799 -447026954
714432872 92674575
374182581 -808603453
128518009 -888891756
828534725 12964566
673874374 357772736
25653925 -4666585
538635149 -591747035
71536353 -874209502
871845914 -662802436
660687140 -574938933
-20286467 590291555
-30447912 183003725
-533778940 400459072
-15501823 -19469327
707234578 -57650316
-791936442 -107656248
67319237 -685736815
-190661876 -910279124
164077236 323652097
278579988 -86062815
147077811 -586288832
-542299513 -456345323
767668159 590228086
923621309 -165316164
995101229 93932883
904131071 -162918401
-707674972 -234511965
-823773413 202033648
-11514186 -4918800
-866865341 -459877016
-315435670 -793148615
573445342 -282343960
-772495665 -607737801
289979061 -172071644
130433739 -708269089
871845914 -662802437
-122171315 582306216
157121754 984488982
697720363 258235996
625638003 -602761981
-168898670 -711563788
887981382 -104055324
45533097 -928804597
643326483 608715840
-418793184 432767956
581150750 157811437
-76586960 409177087
595538743 882646910
836972181 199921262
-424439083 643725830
-419723804 -551135043
143472709 -242493658
557823446 382519351
-174633721 -663090400
-384547703 -13680489
443005048 78068017
-772443243 812174905
-395672899 356000490
-168831266 -875766899
-692698075 93998817
858712604 224356542
120840957 177826929
-13679935 -714643325
-977883850 52114053
382009416 -494496174
630569759 -309852764
-658805121 520771107
-624897434 -387810784
44167858 -565159719
191829403 -42102362
-971477786 521655408
-359706012 -747299393
-854817605 704239097
-593886806 -737256253
384343556 209023676
71093010 81085026
-872593300 173155571
940604580 90548926
802515613 7984597
-210092531 557487614
-765410770 515200621
-646886699 -624848795
-377515248 64626595
420980882 -441196752
736741055 -480122177
515925741 364699149
-343336098 632404596
-718869125 253322709
-525940096 108207784
-274577433 -853307043
536011383 -493560831
34480238 -313334102
498544152 686562259
-914012219 -344579851
-247450926 -230325681
-848189713 -504537147
-363788932 9039260
-290688365 -665042893
-11869338 -8684681
-571750207 -124778000
54035112 -585538551
800700942 796610886
-102475855 959419133
-287560512 198944692
312728662 11687906
-574103076 -187978147
-593350077 -887153519
-379682376 263170846
-11610319 418697225
407011562 181094479
-953907630 555276010
871845916 -662802435
381146029 152927442
-296894883 233426865
619475253 -24510327
-85594367 -746451640
540198686 118428684
93421038 -115110585
-748804687 173798699
-19388646 24081053
75461302 -808272428
311907246 -499130786
42946798 -647248968
-772038677 -335686481
-678721301 180719962
-187737925 470523394
537937 -24928356
-277967194 -48418510
-930371015 490606477
871845915 -662802436
779842822 -19495828
-793327701 -310212746
-588433766 820921009
460416389 718279100
530636529 -955833196
-83575155 -493565168
358069821 -876407378
355376520 133181934
797177178 85930850
-334952369 126458064
-635077922 -696691954
184298264 420384436
878259988 815134881
661690104 835504696
-819648801 523123370
-351867362 452725428
275004901 95272203
134814451 608803421
237632575 -564534434
212931775 -296501276
368512887 718557693
-314224615 787432624
-806686433 78869028
347086448 715213452
-233041023 39899527
521322540 109264816
871845915 -662802437
-979226280 -161172530
511801313 6636681
397461152 -8003320
-142945724 -430836039
280867599 426737700
-549851629 -165724923
780298397 648311936
306978464 -150099400
-21178884 -145226209
556455466 -400773767
-761995801 -781899996
874352858 -951611687
881086699 -62194876
-460215532 -457678328
-886251676 -454814114
108190094 -86756493
-50134532 -167383014
-784476569 259471493
-76340331 -923258174
-631162490 941835923
-76247070 -898359126
382069127 874402969
-417364833 -804979470
