5 700 100 10
-759880102 -604692153
-197581543 -144962430
-796899719 377153489
-249824985 629984660
-672607886 23537938
2301359 905212784
583131292 -323062651
284575056 -314458863
779268533 -946517968
-522993843 -342848203
77680963 974753960
-876609114 756454802
-687485935 -89095732
-25666913 751571474
555087950 765714552
874953109 -615229025
-140349783 284115709
-223022604 -377687054
-163880962 591607694
572462307 359800790
-753880965 -17169281
729415302 -749226290
735452152 41974554
579274328 -257756269
-779967318 -104789984
235038968 467133561
-306610513 875103645
794492745 573544653
286623645 158599423
720444446 161917591
-5342986 649869339
655942015 782672636
875376224 -202636320
921699979 -987528592
656792147 862258444
894791169 661879219
-655694096 387627779
-245244213 15792196
-472278397 907883363
-538890372 -8136037
-44217699 322311138
508909727 980742696
290266517 249421317
-702297383 -45386099
691322512 -813956578
-826250075 -355278821
-264288058 379456685
735114860 -268907676
103451067 934240786
-400986267 572717743
47356654 443402897
427185226 501077198
38588326 -138803733
61103711 747410837
820687342 663568849
-260192812 -193025527
42469589 157125351
234970680 188821103
449817820 625487594
-700619650 -581301528
-158176639 -792406943
-291116930 -97106179
934070847 950911673
901899995 -623814840
-143742358 886579121
641907951 687867581
-886135855 710497166
757480990 981706727
-725319596 -178816329
760413664 787026159
-636592056 692390702
-478468736 -198589080
-740074886 544224683
-768656993 -615798893
-840218740 -821637100
-385214681 698315729
-814005082 733681578
-629326749 940164266
-96312532 956365094
-128369445 275631914
-135901891 292081184
-179216611 738677635
284738579 566307304
-494196129 -64514612
-213315055 729708976
-866873643 -545748554
-297117384 785187304
39717235 976622025
529548056 -687887488
545819342 715562845
241649574 750253865
-679049631 -813061891
-117955911 413433268
-963262771 -990040132
-790078037 608091445
-719032933 5830170
-109240020 532491240
-461388812 917964046
987171416 682238038
919230527 -616718360
-703447983 765651702
-620390107 -647380952
742663941 369250335
208837016 390927313
-298718506 -544053324
-38950080 -432889048
-802590112 -96284845
-274889143 23727652
6403018 994468230
-582374035 -431328672
-582189034 540038780
-191715764 16309842
-391733842 870473772
-444086702 494472884
26505555 984462106
-126374598 -40118636
99117449 643338417
-214720153 210375981
-285176925 687964684
-83587152 690180416
-784505510 -476654494
300725289 -723158095
-511617975 781863971
-635135292 803707432
970943054 -641891991
-316295215 -712305736
193762222 -925153853
119157658 -408774686
-52986904 241020062
980706913 -532632148
-624679006 864542340
-167686020 -152920432
-687633454 -103856583
-477777789 -635731810
843331244 -361545572
-209993092 920336192
28533044 -474528253
514052434 -26770709
601939863 -75815191
531017581 -999946239
857496342 549358864
780690242 591233355
336925298 591675230
-617907805 646940577
159383062 -329155452
435726132 453485538
-304209016 699445587
-372789932 -460883403
-160541452 -912150882
-530019107 968849359
-304776570 768565955
460310117 -479229827
519944036 -689253725
-712698639 -187249817
583479751 660766605
789165078 -366100089
120648859 713087246
809200839 217765039
-954983483 -397085721
-580066673 -311880316
-203794898 -681227600
-76616689 -949452488
488053959 -212378002
974838221 -290720125
-772527195 -376233721
761558350 506955722
-647631712 446934718
242796647 -962172
-207084690 907375831
399271690 -409789342
508176222 -808111749
-600547306 -956969780
-342576002 -539893168
-463867768 450804034
-827968175 270511900
-146052150 -899786936
54666609 -416227279
96022561 979323841
608391596 -123392321
413314909 127553447
-741735671 404962361
691727953 -416746005
-191236813 -542601406
-655618698 -275266940
963418261 -965040803
-214975370 717237324
599513775 -89435260
-246185702 11737110
-737354945 -266612220
-428887044 -383618541
59312018 246426415
274659197 -214527845
-296713349 -527478205
-895429979 469194601
358473253 -266068708
309193378 532387037
838022266 857566973
-840048395 -257782249
-929100387 206726291
-791295244 59087629
755987325 942627210
393110182 -743746315
-989603009 95022944
-816977031 -988096565
539479293 843708841
664210876 -327084194
-419706229 -262410062
527213118 374052653
-216101795 -142425174
537935243 25498431
-662390828 357860690
137262136 465809893
282828055 -648568380
-334814796 829520822
-576943099 355455422
-282121301 445152695
596107344 -949015901
-197600357 -340254800
352284102 320470876
787137505 -177320447
156894317 -583898752
610330313 239822394
-114347804 -356217103
-18089554 650110068
617032729 901523491
-77821422 471045093
-213903423 -212948830
879921203 74680676
702389346 561836341
-669840907 62987471
-638966732 -981439950
977920466 -270976995
176329871 515551308
-237898527 998178629
170611658 94821133
437911809 -687722576
739219072 -158649488
-649735207 395357870
-166747867 210721185
-888346435 594354494
878635971 -910993817
388227833 -543656723
8666493 184043936
187646846 -219816626
921271187 142431250
-297092903 -857251134
-692303395 907893612
341635845 -963520160
525838938 937679371
-970540335 -269676745
522991131 -423985355
-45958396 -224272122
-375619592 489470458
881275266 124444895
-996476427 295586157
486997145 516685666
-412668651 -341786605
-659157071 -546732118
-9798563 -390915378
-792131054 -906785183
880921943 975674142
-331916758 -847993619
-787739305 913953039
-400087863 405518883
-617134848 592478655
586197288 -155610571
210978894 947059886
519932207 -5488644
-450614240 -883662355
588432884 -193863827
-43003491 -79466749
298617928 -241610140
-649586226 432098549
367436633 -82499353
683561386 -132729428
-54359809 935133466
-797085216 -703480133
-138868583 206913430
-434833948 150162833
-732478053 808551141
291903325 664578061
-506603635 -775822366
945942338 296185084
124575388 226179616
-920172994 570413416
415679910 249269883
-455193266 -845575803
-612714604 -858734755
664982048 -120100832
868626039 86110251
-839934486 104859759
-473959697 -133478993
-672378573 11135646
990219510 736704462
-410488895 119828751
862391155 393959658
451252550 -232123484
322379399 -801769055
541699665 -815313211
-480769611 72370766
-282466007 -200877618
462356633 117263540
-686255270 -887779279
601416381 527602465
466209499 722129567
18672908 -732223958
321436808 3810999
-313659410 307368441
816911149 713264053
-906881491 -385072946
684969142 854418832
-697858905 -589261622
-235379246 708103282
392293991 -634750687
929989332 -412187405
4626756 341364273
-582616925 -94912110
-740711841 -124533279
659702370 524822463
-476382680 -418484814
707085265 572659268
66709510 74960719
-353786456 904476911
-89820338 -563781589
898640145 601490266
280403377 618257471
459098846 -682815582
-421011335 755804375
-698283321 -42175319
-666791627 -52908424
143795940 -921064718
-596715858 408795268
663841951 -51793244
-529346060 -258586179
97132524 -702911868
-574335971 -865865844
-264327063 -243924752
508781867 635285309
145102927 -412819205
-742734951 568777254
497314017 -661228929
936708466 -313392956
-301923004 282262871
244057597 359825588
871339176 -939385536
41102891 696586405
598777487 305730991
-773820834 -852126484
-299892684 -989543502
749094674 -680279941
-294792187 666116457
-237981230 -989479116
-168944382 -476191580
903674194 47128592
453768281 329424470
-349152785 960815490
-66366554 -948175718
-351269231 543967735
-234926293 -943454681
813179966 -9936828
-197921163 -868956294
-624249550 -886561518
-431430142 -657664178
778195076 593257881
289588266 -631089315
-363432484 266132761
848855625 -339188855
-742379081 -859076976
860697526 -94193834
-916979795 175245733
590739863 -985370587
738305574 -385296423
483855715 -886185289
824592277 -764806176
-374188346 -86002185
-738890604 348056413
190862208 946644296
929526933 -483137777
-933399067 -335494627
-622818631 -531157947
-207477671 147131199
508704027 -380916395
388832921 901075219
-647445012 138281726
-413596803 364439967
-532535076 -981365483
-76006540 -815181283
-461526895 -911585175
-744451313 -605417468
266539458 -680434845
542895378 -759892334
860704695 354230053
215976869 -455428639
316114120 -971416713
533167228 247534561
-613717921 702112879
140077626 281819586
-480932499 -348321874
-146234520 191572983
-185990623 970773256
862749821 -889503214
-42406642 -125698097
622869937 -540620982
-737297652 -737326636
317335488 -941428072
-198316381 -129692898
208281487 21813345
-234558289 743813610
-498697253 -864654086
-571339327 -803646909
11917287 381808009
-843873012 842785598
-46821979 484373943
499387635 -605056124
-265380767 116517634
-139229237 -990554854
319880813 673461446
532137153 -964260212
308663465 888519800
-175370964 -670260333
201283902 -693816425
478666807 -510926688
-943850302 -592746395
297114581 -242300300
-686488262 -290262205
970506982 742212415
-667579182 -68930068
-464570778 -296807636
684598423 986293929
141004084 -756304535
-832672699 866409568
583405727 3140935
696657045 -616659993
333645650 104790114
276026785 321838559
483562174 -303659406
762784257 -787877976
453048099 -22177584
230634141 -957226604
-609637759 66591666
173264005 -261860096
-667773765 785344696
-304773145 512836130
911729002 933023858
683905068 115045089
95802623 563655749
-620627834 366167614
-304855033 -620540387
3714750 -244560315
-747483885 -524124083
-722144956 -575007614
-515461423 347270095
9873286 389250508
-377731048 488990203
-1987181 -524435350
-707260873 -622662295
683622861 542014118
119239951 -258018412
282102675 378072205
110401750 -588986076
-894939755 587725482
-273914265 -618057045
592812959 -390560816
987233516 -591742737
-330419724 -808667104
-430861053 993990731
-657291947 -794648299
878877614 535105300
414188853 -35611026
876416807 729989547
-763510500 -894552099
754266483 816426066
-942430083 829860676
998959015 283575728
-119534333 -898705397
978031599 67766926
-550896611 7969207
331506455 -285968769
-287464709 -793055378
-725363439 -694550965
-975209256 -523106962
400280457 272996987
-194266594 -863378364
44256380 -323925122
-116415072 -644796214
-717070164 -205419929
-629501752 473060741
770470948 982828716
-184445447 -314539302
562283419 287841610
325461030 281076721
38166708 27397127
868521842 -178161292
912577560 447698521
-326404823 -452801824
-389412783 518342435
-367808945 646431906
-779258871 669421958
-326651782 -707771085
462357844 226519349
713000925 -749868395
815760784 945250401
111432885 968898989
-690900527 -617971709
-608815572 -749444486
-4679824 40492532
991641251 844434258
670315235 943842163
-483196810 -54380772
228143614 617063941
211792331 -110809302
-902505653 47622762
455560829 -760186793
234507986 -286247961
-385887425 159574097
896648661 684299280
-356944524 284690867
292555056 643989353
216549530 654504301
-474490502 760579742
37889469 -911118360
-123647068 459432651
-523756482 -708529772
370854598 37165242
449838699 -473960802
-687224240 -56243651
-849715285 184912568
-848006080 315321126
-795436188 926177477
418618902 405153564
-459358807 -182026339
393726460 -281685017
423043333 467685644
281907231 -702128710
-603493901 413082817
969468435 460192328
-630282705 321819579
-181901314 709474871
425500394 -603890873
-664471422 -16831907
-941177754 -725299278
279796927 -611683888
-967776081 -678527823
298128060 279241274
228286694 -230968282
865323972 -67280581
635613984 -580292995
-297426931 24333901
-400353903 93738764
159437631 415410449
-677304776 357407403
-906423074 803741217
332591358 -234594799
-334313235 100081865
458017367 190799557
404903139 -455553030
-472846843 720265003
-280594310 -130107614
140435119 -948503791
588635358 712703349
690433363 317990811
485897897 -575593662
-780776810 -347340771
-511108677 -278569083
562246002 929869939
-735233760 -540220496
66356881 -897624503
-182743787 227534207
758077330 -657721961
-88170402 20656597
529848656 -534232925
-359962339 60043362
-640793709 254333658
550247199 986559131
729278130 433266160
337634022 915322545
876438165 -131804179
16772738 -123949314
982824492 512873152
699503811 532947867
-409206364 -858342716
-612280468 -297872536
-800178207 970841398
673061292 334342071
188656648 87992810
-471657980 -713260834
-562772453 924671453
518174049 -794230276
732624718 -221016939
-220431462 -152844310
867755731 739333211
946068510 997756623
-3814911 492595626
-94453406 144117732
-249229972 791158521
-904509474 295447338
-809776912 -507805606
152105611 977368847
559527841 -340891247
321151512 187833093
-564410831 473364740
-424225120 91390737
639936009 719080830
-769541469 -970386130
-296587132 946244923
-373296371 210021832
926458454 -242953969
825362107 -120804878
813812510 974209085
68260142 576988820
-174133141 925009442
31431023 -676131901
-476267377 -851647177
124193591 619357908
-95715914 -209022054
-864939783 -109679757
990938978 -381439458
-536206440 -398871247
178655398 71700880
-410366574 -876160780
-845576669 -418335723
-756000063 -278939770
112641852 -485638946
438085762 540383958
440373241 -683636872
551293916 69744649
-873601903 -870908345
-594056958 -446797554
129409796 289561823
627190555 -690399879
744072878 -437262819
-336419800 -653622375
406373869 -586401435
-144799377 179938898
-459877037 450403658
602631114 -809799646
-895170426 410681109
-302222428 -719223018
928079829 -881892060
970030199 -36740735
519272906 -104718322
-939961704 900127707
365258645 -271472265
114668201 895617771
-857270672 -838063267
-649953075 -394750644
128354968 -152400530
348493001 916784416
-794367469 -441076089
935534248 -628360855
-238013081 971045799
-460206367 -902146095
-13327368 -989267977
-432151424 -699275770
336204056 -281535073
-314153351 -701439284
942135504 -840977932
-740898893 815226666
712234884 638505128
514341389 736056427
-732106956 491576149
84652083 73178994
704596585 896385850
-54689200 -729355088
430225500 -370165208
937625573 -265579829
69401757 28899293
-149785715 -646308417
-276162522 785355410
-239580522 -923450676
879360000 -948138519
-968861787 985899368
907255897 -590699741
416721290 15317050
-697354509 777075681
-480461856 472962413
-863239056 993434726
-58466647 -520259886
38825540 -599861027
-488189392 -67199276
-57187709 -768022467
519076613 -169580023
-79420257 -663163046
770650669 946570375
978257602 -347811439
869819256 -862537850
-383917069 -935167861
478317859 618198164
-950049965 263774025
933204250 -496221982
-126928105 939245937
-746927124 356291569
-833835570 582493574
-73725880 790701040
-505254123 901745564
853413901 830709683
-72490273 169292362
555176144 749562748
-545533664 -442796996
-524783753 -214246540
