10 700 100 10
-840101891 -541656246
241660511 227814165
630201607 333592418
127065041 -444367315
-21464424 874350810
-284680311 -554398540
926059077 338089194
960796955 -368991583
-517487797 906568002
39069469 -818743241
-892850591 925966384
-318527836 -948454714
-168209525 -704771778
849560062 241358131
-783046098 394817669
366495901 441745627
968089603 257571262
336792582 -89669702
630132194 -355153439
-620042879 -973063002
-174063110 892914527
526564471 291310425
-769144620 821323271
322965120 -887605952
-723268546 715200837
-315647199 -978091716
-889461109 450145756
14046243 104568119
807416225 -747106204
968964081 -404746225
601476977 -990277420
209983036 863761780
815954267 760828030
-614836658 -266431592
376608642 -658721582
753147320 -555183303
416519155 627234208
-847867388 -691123175
-53745740 910837384
727241810 -20535714
79393000 179430103
17620021 377635004
-684112087 -520981049
586552154 -327271853
925051873 498177283
-577865004 740718909
307894676 306399937
-807201209 -645439467
37736992 -280695943
-405356086 -195155407
384814115 -306568126
885672142 -480317819
431498305 915931209
835254779 323132566
-921805448 -378164064
201532152 323105284
-165725981 -569453901
-163244024 -752759968
708431763 -50736474
515029321 894589303
204341221 -844564043
222370400 -470971153
-307478998 -611030629
832606843 483797519
-247709228 -724692734
277372240 -404627605
954524369 828277231
-896343290 321116969
-990510006 -212153676
312608015 546346905
715210723 -414507950
-364836474 -318505688
-149227181 -414661596
208056724 -994704276
-172629770 -330684788
833939557 -59874469
-788077552 -616188309
445954591 507976144
338118732 -72883389
416000489 -551859219
233862928 663594979
-250692000 -444895959
-867172785 -388384664
-103435112 -424849390
-397263919 -750913558
-537355420 864464865
-885095807 594261271
-207761287 -801434826
-907931875 868901190
-706754663 -276395073
439694229 -375975355
-548201887 -248344356
-840687694 -274196356
-457839909 -31086549
473616496 -884214778
-827628198 640989638
-396202201 336378031
328896172 888389263
-254265933 -222899771
-381308693 854639804
-34067080 -174986593
-307384507 973084327
-106522012 751378006
-104846737 852549440
685308466 552807082
-964195822 217830765
-498919434 781097646
-686864343 -156545371
812985503 -223515567
490817148 106278045
645015419 -252418577
124620181 412981791
-981569476 907982961
-299294108 -729240508
348150065 -319951635
-933328611 528991574
311446043 15742344
-825046465 -610229847
-468928925 451468903
-17848110 805250481
-729159491 -29664828
-542383584 -967215994
308337361 -520007474
-506450838 905065420
60594278 -254984265
862506472 -469772278
-776223781 -84194123
790829061 -649650535
-792984329 -486004008
-22126169 -998697020
-945157870 -536429789
-787050753 770364641
827928634 786322889
-928247989 -132861607
-864641002 936655317
130875094 696286210
723023781 -899482250
98510774 -530262931
956412904 166480337
653641932 888250177
342453905 808160361
323384898 49409947
-95695983 -291774095
570130498 964676132
-704027852 252340408
933186272 -918193755
992522426 -491926824
-31676880 846354118
-497440300 -25299117
555450901 513758716
-95080872 -474047887
232199917 104010483
946350312 -571149026
54365755 -344899645
-732086373 367328457
76472975 605316367
-390283464 390212350
754298659 423838703
-441219294 -548848100
26363098 -186934684
765952064 -355719939
743853388 68815607
-587259185 -158447832
-783885371 19711848
811123406 -450892131
220208874 -967588279
426775850 -173384074
-522758493 256237561
-750971643 -863166089
-96785257 301583737
817240651 -317642715
-744109939 -633560277
-538793440 -433602275
-338443014 -135756301
869015425 220210710
-432150374 696314432
484627092 -297256047
-889193230 681160543
851532341 827350628
-908394528 -358028334
-122972406 -138879943
-242906359 -633372746
-562546941 451666434
183677645 996117577
-577692259 353066785
-679430211 -312976884
329017555 -744421116
897927313 874970673
-866485212 514567358
317142673 854263357
944914187 -172166137
976217394 410068382
-174869217 -385034977
298521100 -866575745
-269605561 -751804143
-596479210 732026458
-899163666 -796773925
-876214590 -922426748
158591197 852128715
-563300944 -143333991
-666418817 64057803
-414770000 140017624
665146187 -222338540
36573739 310841234
-619612899 -669045908
770305236 -536538065
11902574 143438390
-437271388 -841525435
-409943971 -954208766
-464815442 -220806611
898438698 122676067
161085278 206235990
-991511168 206470913
355486687 -276345427
-471175623 -481458008
-501012599 635076577
-869254343 262716432
-450326666 416204146
-614713316 633583303
-236316884 -877191415
-368739832 -863341009
-824472016 -767510392
-441961296 -697455057
-596444480 -963846212
-561663427 357622582
479532697 -918570342
367487738 772609244
561828635 -756087761
553867817 134884747
-453015789 183323348
-335854783 685582964
-142289309 -787394985
564251039 -658079302
372887831 660234394
-252385711 -809899515
761302381 -634275116
-585143871 -496517602
93180938 -568924959
-613606733 875909680
-443216761 -962308725
-907852713 -512831816
-562964249 729035029
-651069042 435479326
508626266 -775186993
-26400913 -974244425
-798539085 360345856
-2269156 909601464
-267907870 423838184
-601655349 -730898692
-14812067 342906275
538250342 837505505
-828828013 410856368
-621283973 -430160180
526910522 -488297224
790315812 -303350914
411830813 814467349
638227615 -675513694
-810086283 -301443572
537805356 75090970
-532291111 762273467
682661932 421838118
-992725795 549275829
-568986216 969634677
-168230360 294698663
532304569 75198440
61901513 501745345
483386658 -161836931
-60218177 494225147
-215568335 -317047028
-654489182 926265495
-519600362 520000836
808221001 -745353476
-184443303 -97679397
-500750698 364182483
764849101 -529444009
363740261 425775698
-989443555 623654787
520142187 734360859
410114533 455781719
523012938 -984684421
-734191784 -588190337
-31606055 65534322
-92887168 494718419
-731333033 484548571
-820417179 -997487197
301894044 735312178
-183869044 -939033099
104201600 -208930525
153509811 708825034
-230518647 -983983902
-719108527 -563197997
370851873 125828981
-565378155 70005591
533249238 -777869023
-123188045 -825053251
817694318 184185955
127147269 -90847392
-96079768 -696802080
610235706 65664206
-917388997 -346115792
-379111252 -488650391
646617110 674355089
-705425266 -913814706
-482424098 618360096
298924724 -686104905
-774895698 -749340127
790143421 315493232
-945758016 -669887462
611032301 -830252251
-423767605 993734249
-762151277 -159760381
-202534475 237021568
618077379 -776355288
-903160551 -911920721
-365021868 -804754388
-265072573 -917597373
-502383071 145773828
-826314629 208381195
-754968963 -590406441
767381669 -441852110
-12534160 -901158812
-990809832 -254588700
-703493087 -687245460
-315415981 -534127707
646402660 918470370
-749609664 195537881
38657044 -887970233
880783062 -808303957
-868254908 779630455
566624880 632538418
-288000377 748044175
152111831 -787332304
275858015 342757825
519245984 293023280
-848458042 216278026
727429050 24763499
-847227443 601753065
910286153 914931981
487290741 -529662862
-126288201 -461164464
-542899614 755683659
-997348334 254064212
144563590 -128361947
-965149701 -831146506
468125921 -370904647
652163774 470348805
-357302594 -279897352
-479820119 862816755
-444627988 -711948053
-537985342 562131508
-888940991 102732153
708249137 -107247856
-246976179 -44045541
904317900 -976046399
705202559 71437651
183522485 251790040
682210994 379562283
652739683 150660567
367666267 982572969
522342079 622672293
-640116707 -151823752
661162425 -703312682
-210856759 -111771662
-382708033 -523666204
-351173334 -583342618
-142117065 231821866
-819147626 82276133
319159249 830755539
-258682310 -832325660
658739978 220239952
962747014 -781161262
-648707213 -787363535
462778644 -295582927
-35338121 -550298149
-443235601 -536487608
684177946 661133331
-713867436 -292812797
353585415 -146893296
-251650817 -357298780
-379369041 118711722
-943191345 -99103561
683869634 582576508
852300430 100571476
926453145 859023572
489875813 666837498
-509651177 732394322
46551690 556141828
-23677627 -454410406
818054387 687923108
534467523 267699383
536232432 -653015630
-76457482 900777130
407825469 872718360
-587293710 -883945421
365780614 265948492
676169320 416612706
-158130736 892135947
-254567053 -381480435
-47286926 413067781
752899506 78508458
-282234206 794343939
160326118 676545955
-340388478 139470396
-658316200 379226623
-615190755 519455931
-685661367 -476990024
913711234 550155744
233726209 165953884
543654424 109070500
933307159 959627477
-262363847 -81265029
375361157 549402795
-431719227 -946536363
505314436 594186927
438383720 888997483
320075736 504431041
754160874 -853936142
872677510 -291943102
-545508654 263507677
-547642320 870043313
454070270 438752497
-909469162 41741893
-797818339 75147040
133069979 -580540037
-261178375 263856941
-843008606 -938154686
930587667 304037202
83691285 943233364
667875139 858669331
-590898360 -756755065
-517714636 977304233
127152371 -39350047
402387604 474321595
802542097 -531159226
-328465424 -83023541
895517689 -692825464
-796927874 -951012378
-167029762 -380336819
-337965312 843884706
-284001716 -853857905
-377971740 107617265
437168390 -641197483
-834422670 -538800582
-249516569 -690974
726323188 -797857982
-782276942 -45083648
194698052 -42580689
-969241334 -394448014
-745071502 567647721
388250901 -258142925
-787410225 344292748
898523509 452638805
32652913 -220222053
942600137 471147189
-204099225 -467134807
374843649 14372619
752654035 442309185
471414941 891044211
395229767 -998619850
-13114555 582239910
-597176791 -494472648
181332166 74349116
-734276713 -340248878
731542428 680542226
-705475319 279994748
-872738389 -160472774
405228247 315695648
14310580 641086176
856694587 894611589
-925680810 633888593
-990768338 175585820
531676476 -300885945
-397858971 -917582795
101023553 970105181
-681094173 -982884400
-39326941 887683049
423516210 -311160978
283537833 -537324846
-85790318 -118130678
-430503883 178006416
302004957 -47657816
-875966700 -940722945
-479002981 -319277878
-589134122 -176606798
235974577 -310967685
655460247 -907574715
-670177239 -746287770
150030553 573101397
-624158474 532544536
27470339 -532779539
-231216983 59753912
969638028 129189731
-71173161 -948787354
59699243 884301216
-442121926 789589233
916973566 -720248015
-136715070 -29588047
-920447361 -568663974
-207982209 422815426
390269164 649522535
6498043 -86955174
-217625823 -553060244
661693327 95814210
716752074 774575257
-123012414 667499623
151129618 828126535
882576761 -541321246
234984730 746681813
-441548375 -505914240
323528296 -727495843
-419094387 299500457
-648534120 287231764
-791555175 344072132
-666744214 506118695
-8960476 -502802351
-144603738 -779049445
-21924136 943212130
-296493855 611607423
720554908 -496457275
-972062538 38497246
-66872209 942265481
-347768210 -635842336
626654047 -993498941
-832033925 100592073
-202823864 -611493785
647542645 26411390
663546694 -19531020
-175742081 490882574
351035903 315765220
202451556 -492045589
-368584572 773290907
-374703986 -362420302
780333015 54913214
-283931702 -962126673
-731143364 927892260
-629689251 -335772389
-439407091 333443194
-891719268 -40726059
-276347638 784051515
-478303519 -35198134
356346303 -233196757
40222394 -45854207
511220886 -230210949
406702117 749334751
-269468708 -352552662
391878175 208042911
897476721 -993546266
387520453 -924195333
-369125320 415221617
-43844329 -901901174
520545574 -695946394
815222372 -634225206
-260195288 -735470763
972501132 529974637
-501694821 -372090219
752614470 235376402
570990832 786378265
773156045 -201520006
-125213222 299171076
69145773 644726437
-794112996 -2266081
807706535 -742722680
991925899 682025390
726026989 -487285260
240571754 535101301
677866596 731760474
-657690853 140477577
-22465262 -895992175
882445492 -516860961
285923806 559881558
628711378 838846718
389713596 397824999
582362690 -596417556
-834817368 544325860
916539447 -794933700
100937191 97494337
-888332290 -763032176
-179665852 -690177776
-311084544 338476928
561830190 -464388822
926738888 -205298356
530521662 -151454205
-614366225 300171522
260014137 -990629437
126431733 998976305
-553764071 -265833891
228215223 -404314242
-107531101 311529768
202296276 -863464499
-878552868 696839206
495860006 110628091
-611131732 516443235
-63996044 825230363
111879640 401555078
601034204 -490711731
361548248 877458267
760769844 -333848926
439933445 181165262
-845746141 -307982432
-101705201 576130065
999305313 -874237586
742141113 -577961708
338482595 -394409615
-325637718 -96754035
-411381141 583264976
843292038 -794370564
947222779 -515858208
367590605 -70288272
-679951056 192438258
20881968 182578784
-831246576 422975628
942608976 -355541591
408263464 380409692
-97045261 359815482
-462153917 34074308
485400376 487535678
-305851529 -282726986
844588667 22633694
572683955 394378734
-484939941 767822040
-631060883 -714988740
-402442346 -256200943
214891505 380620419
225854363 795355676
-619999594 -322669153
454013929 856963014
-366686216 485128086
434760084 -374729503
-240240365 -482420717
-934364632 904509480
985871216 -292387835
520998875 -418913564
484560894 -155567633
-723472768 -130187042
657935100 91053418
-698462532 -37624208
-48212719 877859699
2944901 -150040248
-664098409 526981603
989524798 688421844
446904189 -183205539
522869623 646981236
-274039491 -519239541
992146290 -176356597
676185810 545753987
-752679853 333493810
-143734022 756127257
-358094322 858313804
-839662433 889306187
-605784200 176744084
-536729464 -553307507
227612181 15951993
-817653798 17359223
-760541311 -875098849
-486590434 127994063
-376352729 -35302478
-32415090 262144071
815244702 -413411504
-303535180 886798273
643663373 -936057630
417637933 -730034309
224610285 344078604
384386021 -656335225
932615778 425195095
91483097 720972940
871591066 -777888183
408343970 -603982620
-415546488 133497370
287067777 -73171677
-304571351 -210367283
832592839 -155193048
471022191 -270418319
-361443604 125493099
807261507 204863854
32676357 -789111141
269024389 992507156
677628975 -363218964
265805518 957828256
-917972287 305612346
-751038993 800702887
725812450 -26646253
-67421540 -72333290
-507373413 -52281772
-769139922 103588512
-804150636 -338397654
-306440126 -505313169
57001880 -234723712
439238283 -589312944
-84453574 -589373196
-61611263 844677144
631475284 211365461
-524467780 96319143
459978400 -155608221
723668011 885588903
28686125 211333969
798587640 590441833
-289632206 936777318
476494982 -185582991
940341648 -481657871
354436035 773162761
