20 700 100 100
-895492009 624558583
-797475438 -536722480
-708392536 -343009978
339965221 700683936
97532356 403052504
-354705285 503795287
514513793 -651660692
-406593040 -180315555
597001894 841713322
-243040342 -731313328
-31471593 858288290
845525083 -779277109
-99928997 -305972169
947666188 37990695
910942856 78436456
598103288 -199565640
736785011 380215324
-508960542 156455006
629750975 908910181
966060037 -348887943
155556259 728475957
30219387 219431761
-523428922 251808587
-986941745 -903946250
-568129157 688852618
-11196354 -749565348
-421455225 -364113800
-150544213 -176266141
803729595 168651718
-362006296 -10672540
-103500608 -567180047
-827641447 -355876640
413513582 883397497
267778189 801151201
-389809432 333081920
-738906099 -919285408
641784709 -636947160
-512841035 550085635
-465029657 60997162
222959581 641456826
-785510339 -865254374
-323350324 -111228507
3259007 -360004950
779815248 -559187708
322149329 515485309
748884701 -522584428
-707933600 -786888293
-585692775 772349074
865006519 -296793932
394397525 -619257818
642212315 736406670
982416909 -345756766
-335117201 -131674938
-244503033 -77887701
-443736286 153589778
-799458037 -619614394
829407628 785686197
312982354 -2989213
-645979192 296395398
284354125 141716783
412207736 397783755
450188240 571460861
-48631556 211172791
-411094495 649374173
-880478675 429727012
264618549 651269951
-685041422 310023348
-152318766 844530166
-446714213 290494867
-240034339 -659996098
316058139 511847071
-55658477 -780808774
214588709 788530038
805368576 444891542
-509506324 546776625
-187175091 -218299351
242480124 -516872513
-45677768 107373047
952208867 -678948113
-197153906 -539864283
832724807 -160786726
-679707767 380311648
-558212266 931334491
394207790 775241111
-637486557 -887264819
638296545 -526414377
-612878407 742095364
-535588186 74005936
388322423 -783040789
-53422320 642974902
379987932 349659943
416359254 657505269
-156245754 -908399176
141060253 730101165
-243014174 597499680
-244417370 735442550
896407586 545385160
76485517 -976281233
339179089 938365685
-993168587 137875195
-168824913 335739519
907804205 -738032512
-805851739 489411157
-381027934 -137457861
-544665773 -535886488
-72646969 -235953658
754636796 432833338
-259440929 839399297
425943131 280307925
231793902 268829881
-88641124 620920480
-647170009 41809850
-638652881 4433618
-568295378 97962182
869377336 -476026899
-946693805 937118640
-534165220 554281177
-855207401 953715671
148471436 -229892683
-782802065 -181851893
-354284767 614441254
406736027 -785724073
627589759 -602952892
-651744784 -153127531
-270343653 835860935
-922960212 387176464
723956843 122506016
997865260 383123145
-711877224 418743002
844705669 395270095
-480545040 -249311450
-784640704 -911162399
-466037539 -592336071
404791074 884199369
866984758 70722904
-390737744 801038908
61640260 448293312
-461876662 -352270150
-934505164 -806094700
-716529537 -544620689
699935021 -274299036
966310990 -465638213
885538404 -173972768
573570979 -34525346
-614997521 -370065304
568223165 -707480467
334830288 134294243
-73038409 170545665
-164971137 358291323
402392917 433704776
869967321 199392442
333514201 -792197048
-484251771 67786209
-333628704 -945721949
330598367 882019397
-565600149 971729801
-503449236 -311116741
231887873 882068374
-370822711 691338960
31247668 -300465527
457666738 235167070
-920889371 -927123121
-343945955 743110651
520837369 -3392487
-838497889 151157385
-23058728 787568498
140444822 54233937
144950803 626624179
597166088 389425883
971971642 635920335
-767467881 -842992713
-397420349 -735616208
517117229 592419760
-373756474 -807772860
584493912 66381419
322727043 200261061
-443519682 692870519
-541970470 -958781711
343682621 239545109
936037187 81504844
746355518 -463853094
-738540840 564100022
-656411792 100884913
869825784 370647688
561952849 964294219
205999656 -512176470
762981995 689805341
755211266 -809981812
-969032946 -232919465
733327978 -618225480
-749636088 918155584
-733919105 -107947736
175068062 -987673967
455948713 -84033364
-283894743 -492201381
-740678647 69456148
266192203 445310169
977795749 -334040910
-47325828 -875216102
320766117 -332244148
-530543955 662035228
723218300 419342267
263403968 -38269268
-399748704 63216808
-267124951 -301666156
923372414 -395579268
-920203028 836658080
-604804877 -312598948
963372110 -582071509
896029951 -152949926
628125354 590293818
-450117940 715500391
-918628946 473735306
459661696 708472697
-980744217 995246956
-479057189 354898596
559717687 269097436
107496853 -917132206
-167501090 852960024
-103961713 453995389
-589776437 -207292064
242489220 -837101620
252672589 201337227
917445046 -419295129
-771901318 947928037
22763094 -4702262
-894567533 -766797115
-466371781 -526453917
821552095 -449035379
41964595 -899551350
-526626312 478172203
-453516410 866694106
79156088 -800270141
-652701249 -371653129
630979199 988212315
95376982 316010289
-56889511 918239821
746103201 540373988
-402467461 -979873738
-391661557 -151872821
-862980686 462741985
-444660863 295550342
-737619722 345843109
638137746 -685871213
-766965884 -783255810
-107382345 219932879
-478958865 -286804786
152722879 529338356
-760443654 765547914
782721744 -762861265
231952214 -878078389
879714697 118965093
-20381599 -604129871
-536086227 -310071154
144585999 -864242272
726754683 379396968
-819750485 203658046
384855267 430694826
-166642595 778305174
-299814580 869012
-958234595 -773354107
-42658005 621521737
-689759321 -757167831
-275856658 -238207756
-537503608 -862123160
770089653 -81358457
661859533 -123838752
430182553 -250652336
-23455005 267504223
-149642196 85339010
271656583 -788973142
-80271905 508499305
-273034597 -991619958
657320387 -893621359
490404426 395061077
544180489 -172569134
554795445 -166519711
-995843814 154844300
-554755846 326220187
-166828460 775233200
643735443 -371247543
-739841012 672850094
168019611 -742178587
473569812 383974767
-73876643 -253811407
-534692870 438763603
648852532 152160171
-129760602 193322544
-188550042 550278453
-98842564 -248011706
-976491778 117061806
-961163891 535994699
556034808 167151478
-459088689 -94829260
382061192 13511077
907314336 291087835
-567024733 958954775
600433440 -74840525
862565990 -924159450
180120830 -126619957
308429708 -430086667
-550915975 102807685
3996828 -239400532
156260747 67260466
-749454198 -122338513
-98073483 945078569
-4180454 714023607
817920609 910453355
714008890 425434009
79038995 -273386514
-490335322 -734874003
-96354467 3898422
-776000364 -65135604
952872729 627860549
-337386886 -58385665
63065088 241493992
-140360903 222100172
-945460327 -421332055
-636143620 269470369
627497157 -744711998
532338364 525075038
-856189985 459828008
-377602862 -344157069
986403953 -683678723
597712401 88688717
56238421 220663899
426659118 369382977
721896970 -991139145
-126167714 479277513
-163678392 -161954852
653114374 290833613
851037843 955492232
364315167 -289906782
248896297 836455676
413611438 -871618999
-395949877 -162883222
19958306 -263502631
456122142 -566060283
631457226 419990630
440896903 -808312405
-932097184 -980920296
-593479897 -1007668
129425556 -191798092
326072182 946993088
216493615 80586606
994474543 339754145
159206246 381870019
3527837 196414601
526362629 493746780
889869512 -171385312
843489499 -20219176
502492328 -534102394
-925474953 -762434875
-550532816 760471843
-59390915 -727610664
847301879 333067996
822161669 -247416028
-47406361 854981589
-632339419 932203012
-182043822 -391254347
646744918 -506991999
-698972597 788112472
406242113 -957511457
637243403 414053338
78306547 362839019
870031743 183714575
-859484272 491699866
156277203 569337219
-646962710 783256562
912549489 -33275564
559786333 587758272
174294052 -947250203
-688322721 668646703
-781971090 -963959777
567572343 -688954836
-533968745 -48239112
-900791329 -599989394
-669241284 -997933305
-879527602 242941426
-348149941 -615608165
-902081967 -193307570
502430300 606591085
215012039 541640483
539630155 -825300717
760374900 -465153818
-960226751 382011202
318366370 -325939594
85477183 639382075
-912091989 -203096256
-206349892 972574489
-573020093 450627919
972637388 -182634080
-659158409 -970921231
-284741789 237964231
498231222 87706652
-700884001 -9009620
204503264 -458490098
52558753 499750225
-331713821 240921678
904717571 926203527
587263514 -221736736
556716405 163896109
757390820 -50641452
-910615719 376974069
-348773117 -472591449
329635009 715027185
-268261259 -64508528
61602320 -304120844
-665787803 -104001806
356283348 -529663557
724051680 -997665777
370634012 -415379515
-215149733 -913195002
-168418865 -307175316
322690154 215163793
898587676 -599492417
-515648628 -63870351
-409148343 -48122618
-188848035 -526584893
-423047621 104688391
254839916 -823800975
185963959 -79511663
-546131649 557220738
322566552 637229781
418816372 419643426
-614312308 -874566786
66586064 -927886795
-100730177 -726941433
-139675764 -203826670
750017695 -621376516
-72861210 -521862189
-119262394 -632071060
384316059 -115804780
-712360558 -66621162
-663400890 -342877608
-369969391 396416788
287752747 195499446
-4736518 440535364
330631231 -679858106
41278996 -547428424
-161150615 163360751
771102439 -99295497
-31583546 -239370624
362357179 39215621
-739039065 -592389175
-945150652 888099369
237738866 510703985
886909307 458726923
222825366 25315703
-601546579 -828557139
820404283 644010389
-768954077 -429609386
-239264943 -82458471
278815438 -488532416
100575854 936082575
-769778531 630607316
-894084558 483741240
309861532 43376298
-894853954 838246706
-853002078 389166067
187696487 94970453
-897844542 -392542201
-168315200 -178281502
-531862224 769018493
274336829 860062774
411058176 -715130563
-172150336 -919029788
-781837756 -430249629
-460127930 131656970
-220266636 372749818
737655905 -846420843
-284408413 -304405608
402121943 -967193817
-944043837 406834522
371711383 855563597
999465807 848572534
-382845053 93800623
-80571568 -471111967
-832206271 -624065771
886228268 864415898
970446980 -11002314
-515154693 546495330
253419193 -366951381
272562474 86707181
207649796 434156994
-574283115 -820931879
-464431039 -257625937
303972593 -251972142
782239235 558437486
-884149322 435165439
-177814796 -188228433
577284168 681926388
-551776481 718073485
-445171394 -388796658
-934018088 599237332
-481138279 729042408
215775446 -613015203
-711181802 -912763141
-261383200 -511418597
70738159 632846032
732020549 -44670721
-8835267 -680157480
433261203 -504457356
-962719915 -195797745
585308273 -102918915
353460864 -567196929
443097616 649113910
-268513137 160100912
756642238 -592947261
-307368705 -764257227
-468463446 -498065353
776650019 903230416
-905444421 622597630
902548875 -737023200
662842274 22125827
-588819990 -710101132
-973589662 -39444105
70387484 838538637
715336037 -592558077
-551178543 -525913486
-332779160 294544648
-480985456 563836788
261953687 -26253944
139271030 -915888512
-48497094 -345807564
935195041 735226740
-859874671 -946719657
-817910737 -804519045
-338727081 926639666
655691771 213456387
905982199 -283231925
-928034698 -572936697
-785340970 -165254776
680959292 29896537
228549739 -775648288
-626378730 -95572365
866194124 -614276395
88857780 -360610802
872581542 625466683
548732802 -51923462
-35747116 -523703619
-292158619 -943218078
-768260604 368530864
-832624095 -555491174
763305733 623849804
208635945 -513131030
991438213 504526610
869632457 -645870295
-348652126 18137814
-908997342 93085036
-290456509 -58050621
-316492780 728446916
872005205 -858417496
-892822573 515152920
-627450985 488850994
504350792 206913424
850063082 245696074
844838182 -736128719
-14524642 114965584
10704911 304211370
-245077883 -324397754
797869431 357243442
-5103338 808258203
-664160230 -725572135
3263499 -77677089
-414975616 266992
-899177400 914194537
-155648776 -188664359
548626831 155431797
484073114 251875237
-989310561 800955747
-707850204 199122862
-611953124 678229461
870752200 999726855
737079772 793428202
-35618838 859803779
-79879167 336168940
-111902036 -370069078
938841869 -877513540
686194327 240502208
545245390 -195126318
910788703 704861927
-359322166 63353487
935343894 659202403
474093264 917775452
-239893702 -241194536
457368616 -149110651
-407209575 -508410609
777726257 391007986
-721333891 -623416282
661504435 72030104
754961683 -286988615
718457335 -650593583
808547901 200707626
-22041092 -63271324
-780695125 899503531
826520967 925092201
963653435 -647255219
-384873785 798482550
956386965 394211456
683645283 480625627
-229931299 -87236337
395574721 85897466
121012444 -592346451
-787974837 201438053
220848689 277431318
-314021382 -491399747
-683526978 -124995621
-988380640 238075001
263548252 551963197
-111688256 444895279
-921837737 -857713073
-407237122 215781298
-351223930 442036366
212235564 -680745194
173842410 575590618
538788756 -344447293
503108452 788009562
322188883 -359266844
-954724931 -49617487
-578871702 -711306396
-23009779 885194629
-707394809 293481659
742312138 -296075705
-876877853 -534814791
-959220048 -549878810
24338977 -476774168
-499654941 12966248
-378774577 -930330925
-529889261 223246733
-226276641 870909770
436711434 818163001
-99880493 544449979
14076500 -743392832
313081034 905277256
-701392631 120597392
-216776981 -763744307
-949279613 -422284996
-256935432 -240377500
294892720 470136011
173658189 70564935
790476989 -102365908
-355124370 -391315334
-445838126 843636830
409234352 851122873
-462010611 644227055
-123458112 976318343
-637658977 -753605598
33139310 813564631
5792187 -457834651
729172726 -883134991
-902758947 133445378
-209005033 898255363
120608068 242278224
-886962030 156621755
-393514534 613460804
565084257 -439293625
-998337191 132230544
-78396428 -652287975
636442733 985700819
-966040849 529426354
-220370686 -435938555
-122258377 946902309
227908115 -554140533
718985478 311276376
-201761895 483969094
203074254 773710310
-593853552 344381362
-619561712 -208360224
832480865 72082779
-682579453 432791265
852458679 -647977236
-535426622 653562168
511905003 78736818
-434376529 -224232489
-745051275 -407281535
140683458 -667667574
-304545595 275469421
-970760353 718858990
-370991072 -699483123
415121456 -807870579
728847196 347682434
970974867 -555504439
-958571356 -744802531
-101390674 -208180289
306293409 -337494814
-157231921 237105897
-485301088 -961365914
515552516 -220980523
-920316805 -830712748
-283535304 555567606
747463688 98534639
-735704162 -136291197
-580654504 884669589
-41371494 -4008662
659060978 5884053
-848586502 -867928931
969122851 397668412
-293267860 -546288760
918631862 -837338140
