40 700 100 10
454814375 -200378320
302074408 -345297351
-683242687 -54324544
506510296 185724245
-190735791 368601823
-216656368 169976555
309724154 -177566906
-310892022 -163452913
-312963206 -357483599
-648483589 864361965
-984405923 665896899
24678434 -690591749
-850491818 358912599
-958373889 -205354492
429872957 988087587
-707353800 -165515626
709478727 -981906665
576893111 -613601112
-910078009 -117787586
-939106705 959378837
471644332 969566516
-779378681 307099909
-824686866 996234424
-614232619 -305812552
-412199943 -293417596
-243380505 707398360
-955232423 394309005
-791509793 529752565
26595364 -477759332
918845816 132624443
275493433 359652203
329613504 -844570681
225819880 216643486
-916495819 995535446
-441657956 -926541642
36597539 246637526
-607070112 -261697654
687248874 -700959267
-716618204 -683613834
-83785172 -145575528
757300001 6977432
-66508897 58035830
-678604957 362290731
-945013284 19953210
-177539605 -744202901
-938422023 -562051865
-637182973 -616597359
-900349885 146871576
124173461 -142685573
-707006287 670951935
668369477 -220476473
296373136 -609303453
923416152 -90126625
-374703485 -120175665
794769024 989938449
-903613046 -139326592
119024953 -915193174
-993101237 -746164572
-990455188 -254888620
-428027968 -292748021
82050666 -134367178
-454144169 75598474
-404517351 -649767948
716320473 -981016990
722072302 981533492
99488428 792338742
327433115 7510776
-326863698 -161776372
-631886544 -362912869
326171167 -257454191
999634243 -487326757
-402734319 187438708
-58091650 -53628076
243474201 -123010785
86446150 486238040
227883218 369946086
-676761129 -104448249
704846436 164947262
714089217 -629530385
183502446 -670246673
-536184230 -72377002
-919055912 821717974
434146829 379905969
-970887255 -256447131
188143363 282195818
-375713127 -307060524
-269124585 -173966752
-400115455 -488774338
-703804139 852044143
37181121 -434382092
382890608 852720625
903546003 -861194002
863325853 -792262052
233304658 461102069
-168679609 -157023533
996512855 -539365488
324837862 -979574925
-332099310 323053005
-834928471 323967842
-30695887 -157355021
-498050068 -617369212
-246304628 -154052415
714760109 -906952290
-428535237 317216188
-52222408 -491710365
-864033200 -297346703
407663456 -624814879
-632232271 -577153254
329359621 87060279
-666393867 -477992752
-614937574 461704696
784649515 -175121037
-715950537 -329107796
-961014425 517163860
-251694380 64070065
582190168 764149550
-538995982 170407333
512123625 -594461158
934338428 111513134
-21013202 -162307299
211640935 84241863
477650791 -307854122
643286868 -262243316
-451749969 201881310
-735630269 -176295563
172521129 168692676
804983172 949821043
-32429100 -401982985
71791728 891204651
694937281 969454244
6779933 651170762
806592516 303193810
-568319571 -566447045
799935132 -991892632
-475157973 528456349
-529199937 479399716
362326456 -694859861
-367377892 874701090
272742472 -938436792
-354228489 -457846993
50636931 601121659
-399884749 125370125
654029141 -437644243
-956844775 -185059679
-398940460 -916162680
928331615 945102137
-852510195 359786251
-616811205 538576139
-76859040 347431510
-382818576 979434392
-279692232 -782019246
-232947527 253106929
81973061 520106793
-631023005 -65704228
-408155384 345053406
242104913 141762344
-302131144 170048197
-364953838 -134192809
-342448022 863261394
932211157 -509942034
-677887455 -934583138
-592869957 -449317109
-216745762 656172032
-771028278 -500697410
-294809495 518510667
425119201 -411873584
-819184901 848682102
-144440600 -44208959
970266126 7326704
267183717 7729706
313308497 803921896
-651619807 78566569
-432597657 -333703238
830387130 -654509179
46141162 -475415808
906646390 541052506
982057569 -544427277
389146769 695613159
-704212987 71981813
314633313 -614029865
260534595 165794239
-57272780 34763792
988015822 189125624
730896878 -128322094
564983986 416970084
755335155 846790865
-675276464 166378342
-488689024 245169119
57974417 933101379
856913393 268950466
-733231395 -481234960
-42076271 233504386
-220643247 757207782
-529876440 250208085
-992625170 995092719
749752683 221661769
-152632734 -849666826
861327580 333553221
685325200 540660351
-993180234 45169043
-788889511 -267294925
-659406011 314278408
-716573300 198520969
-371785038 27276133
-689146534 -706453959
-424546639 910448505
433516298 614309116
-31602636 -320829754
-371881664 -476684977
-351562042 199112877
-317008894 -424626019
-239315181 -262250854
-860027208 -727208611
166168935 269269835
975290861 -186218111
55578538 863402264
-89672185 148821758
-651270413 -224276554
-198196192 373448542
-951054518 -326967865
276573295 9319455
-202375975 -445591984
156852043 998092152
155223398 654931543
-753612430 -102023922
451424271 -544072424
-746311097 -629716042
-502267377 532664994
952615025 294996642
866328794 -84534398
-512639808 762755875
278465266 509229947
270475789 -420412288
534131557 744841337
-305393777 -451242366
854908980 649713097
-414778567 -388891339
-439733936 -35468355
-7397691 599816321
925076182 -249671294
-47496333 -272685876
505087331 339389720
566254218 65120213
728273511 827605011
-192144110 -732805291
-769385725 864952425
996763051 -469424512
290472637 -501426512
-8827317 352468966
403016259 799596769
866586711 -12020558
-182245835 -542139810
-116386377 280556249
664894040 -121779099
-81367638 -389557061
958848426 380732435
-625182508 -385239958
-722126410 -88159218
-488219769 103014259
-709792370 -865281905
481759756 -490652190
-233837235 717138761
-388402464 441081520
-411534206 -21690986
625474764 -36934203
307697863 -587665139
-924389088 -186075907
-130754461 486553270
735195831 280520939
492562695 -686161653
293969939 658537978
-232528659 303314492
759224641 435705970
-281797306 894067443
133269295 102508485
153035806 -865371923
-3213790 493295874
581846558 -205656402
542367352 855929338
-752373317 -405720285
-848038909 126157023
-738727203 -631961
-733365772 119501649
-314469817 -340271665
-160034197 487581650
110459567 895776211
-668654805 651359773
958994348 154364768
902839162 274321388
-543240568 961394682
-437625467 36599259
557353128 -567995572
381599058 939462371
-369623020 -795151576
630470483 -210720018
909518764 -461107965
-17589833 480390128
-178515370 -563728914
912999560 -430164534
470737507 230957480
-263722208 -79520857
-336430800 113650538
-797562035 -975807440
399845812 550452118
414669108 264862777
461859421 772988242
-264440035 -600947496
167215504 -362486191
37062184 740032488
-407709809 -383551078
990944373 -273152704
-606421744 829683253
788588762 -527727750
-228801630 801994828
30602335 -746238022
916434665 200414543
-117667798 -212978205
510675904 -434619240
-871257679 235936118
-690070447 468091844
297331750 -97052135
455296067 931014660
157210608 508893701
167435018 -359178249
-645066644 115771413
-673955804 723305919
323076386 229736350
-189357560 -204627669
-744452873 -302547469
714631724 165615112
126983854 -173144349
458949895 342394744
523166402 215846289
-801522300 963732182
-413136612 759856235
718349679 -851845052
53346792 750283629
-937257284 491541394
13581964 55954194
-851543011 -405411950
-940105070 855591154
597625367 -44844737
790936190 401363267
345219207 -876153031
488088364 -56413198
721758299 -418948689
-616210744 -523309472
-425196562 -7544432
88500982 -52129572
946169969 -948232839
-549567890 115302414
-349000694 566927621
-748290062 -964148432
117331164 -612970425
390377419 -485766672
335866204 -705779568
-233422663 940621756
-310467145 -64215476
894444253 -406222515
319848181 -356614523
-25900936 -456065188
-722481928 -470964875
-460663178 -8323686
572118079 -308574777
-124267124 -542288177
397074459 667812655
-134162140 -843616816
931266438 -938076742
496355680 -611046024
-309581953 -399507414
582699303 649748014
-467954551 -992931367
259043971 -322867109
240146114 691675390
603587600 -324809288
701176597 -576428605
-870638852 758903157
-513397384 -930975908
-430140475 349053137
5859347 -145556748
953255723 -985749116
-751328134 -478922710
303536781 -963765056
665149286 -207710869
522701995 427564634
196343953 -848079747
-970009619 436386240
116333029 920705149
453330958 329473357
275957530 723404672
133678490 -907735431
-445086037 181301627
-876424435 306946130
-548785914 554519828
-853895066 -857976647
-543760537 608012221
-720802514 -363291861
588306356 945688720
455518061 812414176
440137504 -977363373
425091165 972675004
-45527462 -968183203
-995547149 -730519937
267521316 -154078904
-539864074 808187522
-231973262 -198797090
-933395844 -727704680
-808807361 -527316232
-300477099 367410329
-330054549 783043834
238430815 632450521
639397302 850687941
-896204295 364015940
517443998 220095647
-396605635 -235962175
808025198 872990154
602426333 -310240601
-108366854 540545199
990751275 -610665963
893927272 619616642
-498082902 -743191900
476076962 107076291
634873980 468287035
-530408247 668131896
490961197 116982890
-514394032 366309896
243566792 -270819409
334005813 754139851
941461994 374722650
20483792 914715886
-114899055 948629595
448620535 516641243
-84781038 -616407289
415678465 248069970
-17497938 -239576823
820851696 -860879638
-424644652 893594202
645276608 -153350789
-249506487 -907791424
-252502708 -160190711
-65326552 710550475
-486878908 -923589231
739852375 -293562491
942560160 731175617
-912541247 341204661
143195722 -384137770
-442809241 198569423
227882296 313694427
743421765 -716461442
-322084041 -467380990
-393079598 -85657242
-683240741 -250767184
218879922 485624381
-53145954 907089866
315837977 -923803316
-758059912 -606875661
-427790381 195914752
-522072015 37575423
231082726 -69594964
182574413 -119731408
914481476 -791233381
90448049 -450166742
-751048052 653938144
-823964557 913113462
799571755 52389693
-90662944 458365212
698205181 722910223
-26628960 479862005
930625674 -563558352
863364167 875860626
1877709 -303947448
94476429 -550948528
-275631162 -754930389
-386646215 525412648
21005204 -204848896
-414365096 508533382
272477341 -877668219
930859178 -911159749
585748577 -511074884
-921877950 -999621342
305543831 324788058
561017067 347266221
-325409194 167437687
-370734180 888682677
842153008 -508890791
-79012643 814864083
-611226197 625202235
-138962429 -647651918
-834559224 -687977835
-746852095 -406766673
494758829 -432171002
-170929115 243739447
926339803 997186364
778075996 892763421
354801531 -93918548
-69901766 548113719
234774704 -309274579
546884779 -250115737
566037736 -199815933
-609662172 -304390124
168351264 231193689
26627156 544364113
538171538 -717052753
366366626 897089736
680713869 381242927
-208598123 43608667
600216903 493038062
-112119345 -413987902
424251198 -660817732
-6594538 -352772505
30102971 628216475
-633181995 14337087
-582962472 51413408
725538555 -43559853
-593592459 539258377
986793181 -60606583
-307318218 442500413
688098955 137478386
538697688 -661014616
-476274440 -10977778
-167044510 -986484525
964966394 -114967137
141572881 -543297767
-123779308 359579450
-960188091 790075782
159022202 260695157
603258374 -948090443
215580117 540252193
748292659 -442837791
245208876 -894991892
-900974375 419883307
-719980412 -139014654
387372475 695373734
183468888 -838939
-126088992 -626836019
939512518 -404271316
-105922109 779635361
131118372 -563048280
830682619 -256695930
-468320529 908171920
-386336277 -49558030
273395398 -143637964
-203028933 -191561122
568523182 -294818886
-305951572 468240467
180559165 -647591946
-537784307 -402248459
344501395 746352702
-130511498 -553940067
-653846240 -395530842
-709752604 -276258497
-148758377 199232960
879694945 -265036702
-400024991 -451671002
877015582 959191431
-84836265 104938258
229531462 896484801
182634528 -250145712
-775265345 340682027
63608271 2127642
444484328 -483035488
-993499683 719221499
-84299826 -186317799
-776873179 -355770583
-701679556 -69905456
-620479715 -43096615
401030544 -859944489
827713767 -595497479
-289339007 -719164041
561321346 -591508169
884237314 -269884307
95751557 -481263928
-479753405 160577288
-373285256 385378958
525384327 -939541190
453510744 -567569314
-987454499 -421834900
884538835 848077556
-966537628 -443880179
-874297954 -601924840
-829910175 -270005502
-116061211 778379596
190834009 63282376
-899408395 -429282284
227236524 253568031
857677843 -929102172
599049703 -245271971
390045516 -645922642
958880810 29790238
222133127 938748718
251273859 -938852797
-869525072 -371936349
-127128754 442302075
760163597 -147828409
606670657 -83991255
700732526 140531744
-239038131 -721948488
725889943 624229127
166792406 80272055
-78596819 -141508209
-605246096 278536636
-836015911 192526303
-330513614 981357254
-150040329 -244501208
462028101 487148565
-685013236 908314666
131673733 343865857
322931057 135563331
465161551 50370587
617235566 911136930
743283539 -724187120
964359794 617446948
-266531154 -291003770
541975447 -372060560
771613875 845205514
187911172 696827308
693000906 -30479799
-772743802 935908111
-604369929 627729016
-423929925 260030221
-662182651 922129587
753768631 -417988038
-987787613 253573785
-404376409 -670023326
620763052 -368039866
-752028577 -279607736
-19379809 -624317383
579897893 -85000604
-156756103 844813274
-115134374 734804386
124280799 791713525
149602918 170279437
-897171671 906079840
-202507033 18419893
-158018693 308397185
186872126 -988086460
276905479 494152072
520530607 -740174748
800660208 -391396137
-143213166 -514087953
829124001 157315718
-895256762 -231365122
-906583603 -438640898
-682705674 -342330212
-798374925 -444198989
677985169 297980796
688554012 558915103
-105705693 91011179
-433921592 -348127885
946825411 -49235360
884411054 -161204041
-641607598 635438532
-635516037 250259013
78544951 -214452279
-754850119 609787611
697758630 765705720
-568563965 253699662
383856783 855709028
-185345903 251874096
597788842 688908310
-433052233 308798274
-304287003 777734142
-720345055 879877886
-286168214 147493061
258193105 -186804250
163414810 979357753
926624702 -69601851
-627528073 -41618234
911472939 312996458
336421697 191777956
91120115 833278221
-948557658 -296202877
675412025 310498791
991327226 -234400794
725438421 -577572075
-849935458 791753038
582411902 -53768861
285267191 -6777171
-438217699 665190295
807307320 -267405948
528104900 793766228
340149329 512090342
-735499485 862421471
344300734 160687423
742620272 343306434
-717356367 -915411907
652653605 -847933277
-555093363 -811201816
642973571 -752487839
-127423861 -189199709
-442334133 -326750303
-651090723 -810668435
-188107760 -737463129
-644210200 -890562016
767312634 570450984
907563945 177847528
-404675400 162134717
729905063 45701046
-932738327 740470148
-889011314 -457501859
