10 700 1 2
0 -14426490
0 -32797719
0 85996031
0 -67077428
0 -56755171
0 -74673177
0 -87289297
0 -4285686
0 38885681
0 95797064
0 1970105
0 -67684436
0 23966780
0 -99905875
0 75032471
0 69213535
0 -6899542
0 -19812004
0 41609821
0 -56505264
0 -26928790
0 -37334140
0 70099897
0 89924194
0 95304078
0 -89569515
0 94534789
0 -52317695
0 83885413
0 5404200
0 -36375531
0 -69440712
0 -59225711
0 -20962755
0 4129902
0 99375778
0 -3642461
0 37112664
0 -35504854
0 45893274
0 -83421097
0 -35847685
0 -64714289
0 93814639
0 83319969
0 -70144683
0 4427839
0 -77219105
0 2893758
0 14964464
0 90404235
0 -57797750
0 -67895278
0 -40403439
0 46820041
0 -67619325
0 -19483201
0 -77563459
0 55020201
0 -63651628
0 -76330492
0 89207975
0 39963029
0 -59150513
0 -44407363
0 90770047
0 -77361932
0 84933175
0 67843617
0 69763625
0 -57084421
0 50628202
0 61605838
0 -43458504
0 96050241
0 -38981323
0 72545814
0 -58945859
0 -15535143
0 99501962
0 99786982
0 -13619794
0 89377867
0 -73631324
0 -59436050
0 71228734
0 -2030846
0 18765503
0 12019494
0 -26012241
0 -55851324
0 79420272
0 96999410
0 -82047928
0 35002050
0 46178257
0 -64516838
0 31531993
0 -53165765
0 -20054931
0 76283350
0 26825860
0 -31686549
0 -48701178
0 35042226
0 -1674977
0 81003263
0 24795563
0 -24754554
0 -1246335
0 -69303957
0 53909374
0 -93035957
0 32049914
0 27431789
0 -77459902
0 -30478271
0 -98200390
0 -22165531
0 -80469844
0 -44425718
0 49142388
0 76759666
0 19443135
0 -88733139
0 -9151061
0 87980888
0 47515213
0 98300503
0 89832868
0 72681469
0 86573787
0 -26016061
0 -97783174
0 28515248
0 78169094
0 34073543
0 -62300192
0 -61875989
0 -14170057
0 92316509
0 -70382196
0 -41013589
0 38195708
0 9831327
0 -1482297
0 -42146772
0 -4899153
0 -87129265
0 86654121
0 -89549443
0 -979800
0 -65003112
0 296596
0 -53993320
0 48630855
0 -884464
0 13065692
0 -15236156
0 77658208
0 -97083953
0 -69130916
0 73812679
0 64888047
0 67902922
0 -96383330
0 -61966644
0 85546552
0 -9756906
0 -37471241
0 -20252034
0 45541913
0 58841129
0 -97996761
0 -33812974
0 7358828
0 810963
0 -68205717
0 17634385
0 -71005739
0 5896576
0 -86200773
0 35083236
0 85516579
0 -70998811
0 39578173
0 -90075502
0 37860757
0 -32964654
0 17746610
0 31759937
0 53868545
0 -88215084
0 -92278023
0 -11542593
0 -44033740
0 67166705
0 -70527540
0 31838029
0 -59022408
0 -20750888
0 -17631637
0 76852925
0 60022278
0 75963539
0 -69051414
0 -54789195
0 67653261
0 -1633545
0 -16235953
0 -22153276
0 -11643730
0 -9657244
0 -96318857
0 -62253233
0 -4804344
0 79954132
0 -50768243
0 -66164310
0 30633421
0 71340678
0 -138315
0 -5656043
0 78715490
0 -97661430
0 -28212087
0 88425406
0 64309932
0 50970405
0 -70716299
0 4068331
0 29481264
0 -58993528
0 -17190519
0 12532021
0 35234832
0 41715572
0 46302691
0 -15419201
0 -43501451
0 71488707
0 85318946
0 31673316
0 91528181
0 -80517364
0 36332673
0 88669162
0 26458782
0 84102441
0 -95608013
0 60695318
0 46306110
0 91221051
0 59050369
0 29009350
0 43657429
0 35749617
0 -84747149
0 -22816905
0 27726147
0 95925661
0 25985682
0 -48295386
0 40442042
0 29049108
0 18326133
0 29905938
0 -61457149
0 45365176
0 66826200
0 -63942951
0 65248205
0 29472902
0 -60472409
0 -45275798
0 6029422
0 -37968160
0 -66734351
0 21774574
0 46478491
0 37203462
0 32719645
0 -78911639
0 -48250506
0 -49588029
0 97807236
0 -68609533
0 -61324517
0 -45769772
0 -91145673
0 -83568089
0 -24548762
0 -92212387
0 -73958375
0 -16622996
0 -42040777
0 55681147
0 24367524
0 -29210078
0 950620
0 77507633
0 73851608
0 61791766
0 -91122777
0 8687376
0 7190052
0 -46549575
0 -76621173
0 -85162596
0 77792985
0 5675246
0 -29676717
0 64254200
0 40145380
0 -32617975
0 44211864
0 -94160324
0 69468343
0 92156992
0 24956362
0 81847158
0 -90768876
0 -43765297
0 76590745
0 -94998032
0 38199317
0 76172994
0 50112913
0 32360477
0 86797789
0 -61858560
0 -47190101
0 63655279
0 -51761252
0 61293815
0 8073035
0 1592780
0 -65320377
0 -32846501
0 -11399688
0 13792290
0 -91231485
0 94592459
0 -28469010
0 -48294372
0 1270630
0 40474156
0 -31734233
0 -91421115
0 41436036
0 85173215
0 -28716716
0 -8073285
0 -35305795
0 53996142
0 -84582165
0 -10897726
0 31627796
0 6337669
0 43242408
0 48024800
0 46771273
0 -80967071
0 1810697
0 47491153
0 -67577187
0 55364194
0 -99148980
0 82867342
0 56192907
0 59683209
0 13299079
0 -23349431
0 -21532707
0 -71190318
0 83925946
0 -34156802
0 -61438739
0 26301791
0 -51049516
0 79842856
0 32939888
0 35018574
0 22172392
0 -35882840
0 -74902595
0 -14666507
0 83740490
0 18245100
0 -4305669
0 69586259
0 3447922
0 -65638327
0 -34527705
0 -25160894
0 -9827095
0 53436044
0 -14433700
0 60397059
0 -88371461
0 37908140
0 -82856119
0 69432330
0 -57515235
0 83870736
0 45331750
0 -64602498
0 90635193
0 81281461
0 80870117
0 -11066339
0 -22643444
0 -25921584
0 -1630997
0 -63972576
0 15929967
0 -10264193
0 11912919
0 -29418217
0 -97525760
0 -79810746
0 8125951
0 -3773645
0 6310584
0 16606921
0 31807306
0 -87673049
0 -9682301
0 -88856095
0 95716726
0 -1768720
0 50678817
0 48689460
0 -88799322
0 -86659927
0 82021725
0 47831327
0 45798303
0 -65367344
0 -18269103
0 62874791
0 46544094
0 50354178
0 66058543
0 -15381217
0 9664704
0 -78600653
0 35892350
0 -54881876
0 75540450
0 3279318
0 33137734
0 83714452
0 -94038325
0 -36784008
0 46580819
0 91668838
0 64792961
0 93838650
0 98153379
0 64531017
0 76543458
0 -39069231
0 10771468
0 -67010510
0 23173067
0 67604206
0 44990495
0 -60290394
0 -66685103
0 26207711
0 69421186
0 -76734934
0 29041304
0 -65798494
0 -27407951
0 -67291846
0 -48738841
0 -59171472
0 57268115
0 -95997719
0 19165719
0 -91702247
0 83325590
0 57542774
0 30430181
0 28985582
0 4830215
0 -92058157
0 38890744
0 -51760267
0 -38997834
0 57318719
0 67637440
0 36114400
0 13266435
0 72682068
0 -92284580
0 44610682
0 -53072005
0 88637549
0 72370688
0 42993688
0 -64964282
0 50752136
0 77074853
0 -74403295
0 -40364485
0 95297868
0 -44078586
0 80802298
0 -69795769
0 -65302638
0 28963849
0 -18080279
0 -91196911
0 4552042
0 -37003158
0 94874375
0 -47281977
0 -78255402
0 60158067
0 -90983446
0 22774392
0 -49216785
0 99245868
0 81722173
0 -6838394
0 44521586
0 -93715440
0 95949621
0 40630422
0 5211981
0 -69228906
0 -50146437
0 11191828
0 -18426983
0 -94642895
0 2754561
0 -94573290
0 40821103
0 44083976
0 3538753
0 98452595
0 -88981271
0 -93131971
0 86609745
0 2780813
0 -68469915
0 -29569839
0 -89361106
0 33312971
0 -51814732
0 25110852
0 8204144
0 -23032335
0 -61952571
0 -56389846
0 89920989
0 50649709
0 19877070
0 28622226
0 -93147809
0 -20635561
0 -73893781
0 -27045802
0 -82609643
0 16484175
0 6631994
0 6694271
0 62619184
0 -8629509
0 96420204
0 -63895071
0 -3947768
0 -53748336
0 -59950005
0 -45777344
0 89673557
0 -46616647
0 52896728
0 -28218119
0 37633001
0 23482495
0 -818709
0 86194213
0 24193070
0 20911605
0 36187099
0 5382789
0 -31477600
0 65675394
0 21965276
0 688670
0 -36872751
0 18141048
0 87256353
0 65300007
0 -74892243
0 10406134
0 -26129351
0 54396653
0 -63753467
0 -6739685
0 -21623321
0 15924365
0 55279223
0 82581567
0 72464306
0 -95138856
0 85038138
0 -50143464
0 7903137
0 -70205304
0 -57711496
0 60057212
0 28034582
0 -62157635
0 -2507101
0 18443716
0 21058758
0 11802339
0 38130816
0 50650346
0 66676973
0 12413660
0 58495926
0 90558458
0 59067336
0 -20217308
0 -73292916
0 -55686964
0 -34813480
0 79690805
0 54388929
0 -92861393
0 25650882
0 41346171
0 25674160
0 81459243
0 -38851128
0 49674888
0 9647142
0 -9568723
0 -18430422
0 -97407631
0 -31138315
0 -58028830
0 -38858600
0 -9785441
0 -27103264
0 35376415
0 -27540519
0 -24994637
0 -80511077
0 99644436
0 -91601729
0 -63437469
0 4421847
0 -1085026
0 41626455
0 38222858
0 73784067
0 54551349
0 54898875
0 -86600777
0 -96561773
0 -69937848
0 21327517
0 32040064
0 41574004
0 -34504940
0 -18521742
0 -75758487
0 -92608876
0 -58052778
0 -38286130
0 -63746684
0 21870837
0 82221738
0 46528674
0 -45548753
0 94057525
0 41699564
0 -23946740
0 -23054883
0 66307754
0 -65806913
0 -22778741
0 41786269
0 41483511
0 47719551
0 1012314
0 -29011645
0 34870278
0 38904655
0 56935924
0 -3171845
0 5939658
0 51386287
