10 700 1 3
-10436081 0
68240950 0
75052768 0
-71737664 0
18023334 0
-20238276 0
41912527 0
86483343 0
23944070 0
75049105 0
26406603 0
22880431 0
42861598 0
-64158140 0
88317597 0
93959672 0
-37306973 0
83158361 0
-8408040 0
-12652779 0
-28294856 0
4539456 0
-45619358 0
-65580893 0
-16001182 0
24978224 0
46046679 0
7932531 0
40465378 0
-57456039 0
77812345 0
-23310603 0
-14000949 0
-27788369 0
88093707 0
33130286 0
27630888 0
74337864 0
-3097274 0
96820734 0
80266963 0
-47237646 0
-83215682 0
4452085 0
20658629 0
22838361 0
98954123 0
-16803372 0
-60195610 0
-92528653 0
83930851 0
85466522 0
18350556 0
18198448 0
2355347 0
97155639 0
-62289795 0
29288696 0
55866990 0
-70158380 0
35152043 0
-87146365 0
-55963684 0
46632519 0
-90669993 0
-81554258 0
94450002 0
-34928118 0
-22174050 0
28173504 0
-98294846 0
-61308956 0
86470754 0
-59168918 0
-57974201 0
34011113 0
66481324 0
-20825762 0
-2355527 0
-53980298 0
85682307 0
-87012579 0
47381543 0
-27400294 0
49607765 0
93418663 0
-23707825 0
62964809 0
-37134960 0
24580337 0
99188453 0
-9349239 0
68150383 0
85137943 0
45920168 0
27125244 0
81139160 0
42981526 0
-32482538 0
-56500395 0
23457759 0
37307355 0
-53153075 0
-97718274 0
92433187 0
55497797 0
-42748657 0
-96966632 0
50064933 0
-4683412 0
-50098509 0
-3038245 0
-96535009 0
62975315 0
78258142 0
-7603304 0
-2888041 0
-74554414 0
69917621 0
43780905 0
77931861 0
-45391491 0
-83812254 0
-86538390 0
32938362 0
80844648 0
-45146374 0
-57033102 0
30925537 0
30472428 0
59243501 0
-42092950 0
98210573 0
-48972944 0
60662188 0
46620568 0
34500835 0
31838315 0
-75391649 0
-89337467 0
69239878 0
98710026 0
-1509559 0
-48272923 0
-66151243 0
-30221918 0
-39171657 0
2611265 0
-68068471 0
-27711612 0
50457972 0
58629587 0
-64833827 0
-19531532 0
12267276 0
51139902 0
-55200633 0
-17804066 0
-24424903 0
80679260 0
-1820359 0
62443276 0
-37113162 0
92740538 0
-88440374 0
8780733 0
-67728108 0
23579176 0
-88872935 0
-16242425 0
84857746 0
32357813 0
1705418 0
-69055959 0
91557303 0
-19143585 0
-5218108 0
-39919808 0
-10587176 0
-29721489 0
-19303619 0
10342385 0
-52243019 0
45653677 0
-41630581 0
-11266551 0
83815323 0
-66146901 0
-89171034 0
-55579192 0
11391594 0
3848576 0
-55365104 0
17999489 0
-89651987 0
30122730 0
85725225 0
30670045 0
55510425 0
80365302 0
-4880257 0
96588298 0
-79267402 0
-36196083 0
-50006040 0
20880074 0
32044038 0
28354654 0
-71219578 0
-57910347 0
42224525 0
-85527083 0
71663772 0
68815529 0
58116077 0
-56598585 0
34734047 0
-28425567 0
32676134 0
71624329 0
61622656 0
43251236 0
72440062 0
46143775 0
47411144 0
-38474232 0
96240945 0
-45258310 0
83663941 0
-22521279 0
-36459907 0
-87122726 0
30998426 0
37383394 0
-51035194 0
-8187929 0
-47822751 0
-45905259 0
-92701696 0
35386904 0
35372541 0
53072870 0
94666616 0
-1447437 0
68327774 0
14106764 0
5432189 0
29955605 0
-37753961 0
44676804 0
44054761 0
77151721 0
-17907700 0
-61216162 0
-79888138 0
27355113 0
-36934740 0
61830998 0
-39681492 0
26129847 0
-10695807 0
35005773 0
-72114182 0
-74281494 0
-87330486 0
7594119 0
5893262 0
-57636814 0
-83718014 0
-28689729 0
17078876 0
28061486 0
15737047 0
56548155 0
-50011284 0
28988231 0
65613044 0
63409478 0
-71083201 0
-5092179 0
17201905 0
-37552356 0
-46285086 0
-85115408 0
1407660 0
-2875227 0
74875736 0
17368684 0
49913324 0
93022851 0
-94553308 0
-59134877 0
-91012097 0
42287274 0
7431410 0
-71988101 0
-70726637 0
-54498277 0
65592515 0
-55746549 0
-34021574 0
76948767 0
29384982 0
30938040 0
-24876950 0
19620555 0
46686664 0
-83277991 0
-60432151 0
-84808677 0
25160877 0
26887500 0
75613732 0
7885482 0
-39032743 0
34110644 0
-92477522 0
99668837 0
-75862581 0
-13348410 0
97703823 0
60468392 0
-4830728 0
15682132 0
-94145885 0
-35977618 0
28624623 0
64469261 0
8735923 0
-70518904 0
7446080 0
-78397367 0
53661794 0
-75615473 0
95343337 0
-81758168 0
-1213685 0
-91586056 0
-78021405 0
-31040502 0
53143621 0
-46167343 0
-95342304 0
66905543 0
-14717813 0
81401150 0
-85950853 0
-81356557 0
78491873 0
-67014905 0
48311768 0
-31610179 0
-7941175 0
13211608 0
-50320737 0
47524308 0
-83682105 0
-94064727 0
88509223 0
-23261801 0
-87149184 0
-45432924 0
-65109536 0
12110527 0
37996947 0
-12796464 0
-12906396 0
44282783 0
72993634 0
-48800819 0
-64397016 0
41353169 0
94153647 0
-84888787 0
-93899791 0
41879846 0
62625577 0
-99199017 0
-23912983 0
-65185984 0
-30171709 0
-90328175 0
94891903 0
-54725172 0
9016908 0
81035167 0
-34187182 0
-66292343 0
22486065 0
40512754 0
-59087379 0
-90067905 0
8825075 0
10449956 0
-41074175 0
76096668 0
41705712 0
76569543 0
37479985 0
51187938 0
81530163 0
89900055 0
-4999312 0
33307289 0
-94150590 0
3268721 0
-25836243 0
63184672 0
-18855489 0
78604394 0
62803762 0
910987 0
-26810190 0
-69835774 0
76965462 0
74915087 0
-8318100 0
55195284 0
4468764 0
8481879 0
28465637 0
-25523926 0
-24540302 0
-66779383 0
-48357067 0
-6880606 0
80838561 0
78071937 0
6033711 0
-74000285 0
-48954299 0
-58587346 0
74027469 0
-82360898 0
-67021426 0
-26583049 0
-80375222 0
-48559973 0
-57409350 0
31299837 0
89540334 0
-88052118 0
18231884 0
23306699 0
-58559635 0
-29101823 0
-37958390 0
59918696 0
82101127 0
-93717120 0
-1511355 0
79336050 0
-53921917 0
34512610 0
-79066282 0
65776428 0
-72019419 0
-94641194 0
-33437654 0
-46064812 0
-74363080 0
7338235 0
69573366 0
-67631975 0
75125353 0
94508214 0
-58766681 0
36856099 0
68442892 0
91817315 0
-42002548 0
57873697 0
-42258113 0
45223449 0
89934109 0
-60635700 0
-88997883 0
7770736 0
20092767 0
76324121 0
-39587212 0
-55271582 0
10985413 0
35970257 0
-72332402 0
21767144 0
53047236 0
70890348 0
-47172349 0
-48953802 0
-77683251 0
-54520414 0
2851057 0
-30840498 0
-87459534 0
75430470 0
-69578342 0
11425551 0
-77312748 0
-84239269 0
-38996425 0
5614124 0
-61204488 0
-55336801 0
74437560 0
86754430 0
14650442 0
-20682124 0
-23804149 0
-40848220 0
-49865140 0
-96560037 0
19550356 0
-8598324 0
91133446 0
-29531935 0
-57283102 0
48631649 0
53614153 0
-43609111 0
-85972254 0
30028113 0
40196944 0
-32368388 0
3227966 0
79580057 0
-38172603 0
89526863 0
-26780205 0
-75979396 0
30348356 0
68698989 0
-73902064 0
-89756916 0
565621 0
-73217458 0
93893429 0
-36995747 0
-97321961 0
89614767 0
58548746 0
-7596579 0
15824671 0
-14828527 0
-73983356 0
47869736 0
-52278359 0
-64006270 0
-40910849 0
-26954841 0
34006754 0
81420605 0
70925212 0
16986266 0
-66715897 0
41902789 0
10204092 0
47408131 0
93590519 0
-5736490 0
80127381 0
-7686888 0
-28937474 0
-46459258 0
-19593343 0
-28625119 0
31809559 0
20119823 0
55346877 0
42321479 0
24111552 0
20262645 0
32113601 0
-25545548 0
-48230670 0
-96883050 0
55879934 0
-90834522 0
9133348 0
67924173 0
-68422902 0
-57160894 0
-81676712 0
9592005 0
48957955 0
49163781 0
-1805332 0
-71851107 0
31435445 0
20467874 0
67201226 0
-44725520 0
-97694246 0
-81487702 0
-20999955 0
37760376 0
1901749 0
-26478759 0
71365001 0
-43995991 0
-65027662 0
-24279377 0
99843128 0
88800180 0
-13700120 0
46249901 0
40610910 0
-2226090 0
21164657 0
52386316 0
-41373454 0
78753110 0
55565048 0
29220697 0
50851574 0
66108410 0
57925526 0
32009647 0
-36942711 0
-49704445 0
-23815868 0
-39728934 0
-36833477 0
418899 0
-57847952 0
87230081 0
-87198630 0
-54080647 0
-98286413 0
15579453 0
7176380 0
97361855 0
-57755758 0
-30989461 0
-50557000 0
32220858 0
-774454 0
51064099 0
66402682 0
32972093 0
-27958863 0
37130214 0
-52909309 0
6153130 0
-21166878 0
-35579655 0
-58069949 0
-43147669 0
-32523438 0
35758551 0
-71634202 0
12602508 0
-99145415 0
-10315994 0
46068501 0
-13455505 0
-69650042 0
43523072 0
98269522 0
-66674588 0
41303019 0
98658696 0
-90976613 0
-49401309 0
-35712821 0
93137522 0
29277789 0
49953797 0
76501335 0
14641382 0
-35483720 0
75215922 0
-91153764 0
53205790 0
-55157672 0
-34715618 0
29523651 0
12883967 0
-57332146 0
-4549837 0
12209027 0
-56022462 0
19754664 0
-68622703 0
-93424617 0
-55319929 0
-6609810 0
-11043210 0
-83661562 0
-63238588 0
48835840 0
-74825862 0
-28884194 0
64296832 0
-8252288 0
-85620128 0
-27390440 0
-69504678 0
-80751819 0
-40433408 0
