10 700 1 8
12345 -81654364
12345 76840934
12345 81519359
12345 15952594
12345 27365935
12345 37150326
12345 21863083
12345 -65209456
12345 -38507304
12345 -90646732
12345 -83611273
12345 -91352194
12345 -36421717
12345 -40452738
12345 -93189707
12345 67999013
12345 77452264
12345 -50272992
12345 -96284530
12345 -88966940
12345 -94826843
12345 10105644
12345 28215805
12345 8784507
12345 -36157904
12345 89721626
12345 1258354
12345 19442779
12345 -20383476
12345 -95069481
12345 62599081
12345 33517062
12345 2151132
12345 35401387
12345 21566956
12345 -30527048
12345 40035745
12345 67274680
12345 -8172172
12345 69575673
12345 42645045
12345 -49526568
12345 33028686
12345 -55968489
12345 -42419060
12345 -73680358
12345 39562416
12345 -74066200
12345 84606579
12345 -64407059
12345 -68089907
12345 -19373760
12345 -84464869
12345 -71532903
12345 -85273157
12345 -95139967
12345 -90151932
12345 -77343608
12345 -73242991
12345 -53457922
12345 74761600
12345 -8526119
12345 -9019702
12345 -92096854
12345 81156821
12345 -41923258
12345 -92558272
12345 15023152
12345 -40636236
12345 81470034
12345 -71629574
12345 21977104
12345 76643831
12345 49601490
12345 14040519
12345 34233378
12345 61170449
12345 -15860176
12345 96871497
12345 75738733
12345 -70932033
12345 49410256
12345 94832713
12345 -64219672
12345 34467003
12345 90110679
12345 -15055397
12345 87948689
12345 28645681
12345 -23303151
12345 -58629194
12345 -23019452
12345 1637720
12345 -69411319
12345 28814387
12345 13541782
12345 62038493
12345 87964266
12345 -31593669
12345 75156189
12345 -3852273
12345 -66398650
12345 3454035
12345 -24903265
12345 -92911289
12345 42433668
12345 69196996
12345 57707185
12345 -13375758
12345 12856983
12345 98919554
12345 -63845193
12345 -20793505
12345 30587300
12345 9766361
12345 71711472
12345 -52788180
12345 -73083847
12345 85072071
12345 15272169
12345 88844486
12345 36862177
12345 -72957496
12345 -99250937
12345 73736557
12345 36964823
12345 5392109
12345 18282852
12345 98998558
12345 48434928
12345 -80629657
12345 96118485
12345 73403934
12345 -63243977
12345 55098545
12345 79262372
12345 -3068580
12345 -66872038
12345 -84704489
12345 69905122
12345 31965169
12345 28024133
12345 44627436
12345 -38467472
12345 -70861315
12345 34062532
12345 -60215475
12345 6742688
12345 55395673
12345 -36333343
12345 46674042
12345 -41292093
12345 4243389
12345 78262077
12345 25315682
12345 -19940113
12345 -82427520
12345 -34174606
12345 -32745966
12345 -42542713
12345 -1058183
12345 90249955
12345 -47923891
12345 -41232831
12345 -95826399
12345 -20230354
12345 -58647940
12345 32026776
12345 37106584
12345 -41052605
12345 -74888396
12345 88213251
12345 -7293693
12345 -28192432
12345 59745815
12345 28493566
12345 60049903
12345 -79475677
12345 61489416
12345 97107133
12345 -91251582
12345 -86981194
12345 22428465
12345 74954458
12345 -58402692
12345 18149693
12345 -12299363
12345 -59481115
12345 71610505
12345 -87947895
12345 39053972
12345 81868944
12345 2987242
12345 31551991
12345 -48476220
12345 -99239077
12345 -50384632
12345 -75168564
12345 3096569
12345 58500002
12345 -50906341
12345 39841736
12345 55216084
12345 -96539774
12345 39077771
12345 4412867
12345 95835818
12345 96299478
12345 -62121920
12345 49980999
12345 -78790362
12345 -61321598
12345 87446028
12345 -82672001
12345 -49198100
12345 -74554507
12345 -41103237
12345 -77681495
12345 41384416
12345 14076568
12345 65130016
12345 -95882279
12345 76633162
12345 -60072160
12345 9729539
12345 12011226
12345 64304942
12345 -64978414
12345 90732044
12345 4407093
12345 -31301921
12345 82129692
12345 14682394
12345 -32872368
12345 -16508432
12345 -63173134
12345 61721912
12345 -70090702
12345 74875965
12345 94764080
12345 -8164412
12345 6194635
12345 90290889
12345 -95506897
12345 36552156
12345 -68539000
12345 -71619441
12345 98562424
12345 18226589
12345 27133523
12345 18853366
12345 40278698
12345 75060895
12345 11476644
12345 66306461
12345 -59881102
12345 -50017401
12345 53046073
12345 -36647268
12345 75934852
12345 -90759420
12345 15311610
12345 29651162
12345 -78791284
12345 47150514
12345 46304786
12345 74007372
12345 -87978116
12345 -18323148
12345 81705120
12345 96102074
12345 50257845
12345 55859569
12345 -83050543
12345 60965535
12345 67183828
12345 28261853
12345 40885539
12345 63972453
12345 -43755208
12345 45223375
12345 86612587
12345 -70693573
12345 90621260
12345 78528188
12345 68282190
12345 -15230487
12345 96703335
12345 91478593
12345 15655851
12345 -23002414
12345 11326740
12345 -31641608
12345 63387285
12345 -49642280
12345 91888625
12345 -89607273
12345 -65374097
12345 -199581
12345 -20360275
12345 -58710489
12345 -83761020
12345 21262117
12345 -12617521
12345 -8906529
12345 8302708
12345 78848212
12345 -96985927
12345 -69182263
12345 13656681
12345 32033908
12345 62132338
12345 -85793285
12345 -9694828
12345 -26853964
12345 83914739
12345 34938656
12345 27073855
12345 -15924178
12345 14834726
12345 27066136
12345 98492166
12345 42954016
12345 52184551
12345 53875827
12345 -30418989
12345 -2250528
12345 49756618
12345 23319753
12345 -72766509
12345 -13871956
12345 -45567229
12345 6789182
12345 -1373053
12345 -52742329
12345 17349723
12345 -99371748
12345 -93069657
12345 -91730337
12345 59732791
12345 20967935
12345 29136604
12345 -30003714
12345 -81001072
12345 -36413708
12345 -71708269
12345 54719793
12345 893973
12345 98205456
12345 62143165
12345 -7667830
12345 99816955
12345 -71339424
12345 79859738
12345 17156013
12345 -6998451
12345 -11592404
12345 -46168464
12345 36431360
12345 -16140277
12345 -19771236
12345 -87291904
12345 14256063
12345 -45665976
12345 39329216
12345 69548219
12345 14007180
12345 35959096
12345 -56539389
12345 -94901550
12345 -14857618
12345 -45363847
12345 -75681237
12345 -57746598
12345 -10707327
12345 90733802
12345 -88311550
12345 -15538652
12345 71196340
12345 -45145049
12345 -21684042
12345 41447660
12345 88537032
12345 -6648315
12345 94262447
12345 -10001582
12345 -35884146
12345 -23709909
12345 -21544356
12345 -61496279
12345 88870414
12345 -48100415
12345 -87626356
12345 -55706781
12345 45129955
12345 -2235779
12345 5063448
12345 -47078433
12345 43723699
12345 71916579
12345 -45860760
12345 -47277206
12345 19243693
12345 -73688767
12345 -44240612
12345 -21441827
12345 44416374
12345 9210239
12345 -514279
12345 -30889736
12345 94217854
12345 -39623543
12345 18440127
12345 -98853828
12345 -2722996
12345 -68812144
12345 25729155
12345 -86227024
12345 36753118
12345 29112610
12345 70612196
12345 36590913
12345 -63356846
12345 -35044107
12345 38365758
12345 64376421
12345 88338092
12345 61955987
12345 -52275701
12345 49915887
12345 69339448
12345 64537152
12345 -97761720
12345 -69927032
12345 21824597
12345 -69396427
12345 -59847004
12345 -92998149
12345 -42340742
12345 50827113
12345 -96436288
12345 55712322
12345 74896049
12345 96393183
12345 -18292384
12345 -1578289
12345 -78561702
12345 -85495647
12345 -13884790
12345 -8606173
12345 14596637
12345 -5918893
12345 10168910
12345 -54054761
12345 48549501
12345 62173621
12345 -83607274
12345 71160579
12345 -93690829
12345 -68980258
12345 -4503485
12345 57238805
12345 -34798244
12345 35426328
12345 34267405
12345 70704512
12345 -14629548
12345 14948723
12345 8371164
12345 -74643293
12345 100788
12345 -92180970
12345 -15416279
12345 -62624656
12345 86028157
12345 -64909879
12345 82739382
12345 86782399
12345 7164885
12345 -36412484
12345 9293007
12345 68970593
12345 7235622
12345 -49297876
12345 75321473
12345 -83778362
12345 -68949239
12345 203982
12345 -63183028
12345 12041090
12345 -76620753
12345 -85835073
12345 58625350
12345 291334
12345 89013468
12345 -7806400
12345 -2468633
12345 -11739452
12345 41158181
12345 -64486611
12345 -10128191
12345 -17011159
12345 69139182
12345 -34870851
12345 37753757
12345 76969868
12345 50092859
12345 59581155
12345 53316980
12345 -96134816
12345 -90549478
12345 -80433758
12345 -13972058
12345 32240980
12345 -50523929
12345 -25843290
12345 55215970
12345 -78740896
12345 -7325492
12345 51962658
12345 78682328
12345 59652413
12345 -53313078
12345 -64829712
12345 83673063
12345 -74806002
12345 -5309047
12345 71477592
12345 -58085433
12345 17105873
12345 -72263180
12345 -57407005
12345 79478058
12345 -63497864
12345 53084442
12345 61002880
12345 -47597579
12345 -72153673
12345 -8604211
12345 -62496518
12345 -24045037
12345 61897464
12345 95739689
12345 -28568235
12345 11602895
12345 -56902913
12345 96905958
12345 85971333
12345 19151459
12345 -860954
12345 -35482429
12345 18217970
12345 37229284
12345 -48769887
12345 -96899339
12345 -38125597
12345 -56237735
12345 -76544266
12345 18225536
12345 -12349197
12345 -30254124
12345 -54344523
12345 -9511821
12345 30147125
12345 29891161
12345 -89223512
12345 -80252751
12345 -76966847
12345 -52231677
12345 37806310
12345 43356868
12345 98255854
12345 -28531245
12345 -6385624
12345 -36805642
12345 -58148061
12345 -58956111
12345 -98229615
12345 22472376
12345 -90911113
12345 -36604106
12345 33402391
12345 34538463
12345 -51063072
12345 -79502800
12345 1240852
12345 79218530
12345 -57101368
12345 10394499
12345 -73719920
12345 21320493
12345 20912029
12345 -7800525
12345 -61664697
12345 -67431317
12345 -45236260
12345 2575189
12345 69099395
12345 -48012366
12345 7089621
12345 60145743
12345 37225073
12345 -97466064
12345 -74095707
12345 37854312
12345 -18145274
12345 -28828783
12345 -70931612
12345 -36641686
12345 72203473
12345 -7335823
12345 85496035
12345 -23178441
12345 -41047020
12345 18496676
12345 71115952
12345 59687079
12345 -60379675
12345 87401679
12345 59359789
12345 -70599524
12345 -96639872
12345 -16595275
12345 -46835332
12345 72038433
12345 66826105
12345 -71707214
12345 35135509
12345 -32831301
12345 -75062925
12345 98045142
12345 86668823
12345 -60968482
12345 -58376480
12345 -56833494
12345 -57018559
12345 -71178559
12345 -13257864
12345 -20907906
12345 26934329
12345 -30345854
12345 81670198
12345 -22837201
12345 -16638830
12345 41150666
12345 -12923152
12345 80034145
12345 68409172
12345 -15259114
12345 60661597
12345 12802985
12345 24261323
12345 87632621
12345 -8287226
12345 3807881
12345 -91430429
12345 17477663
12345 32881714
12345 -76548096
12345 -52469617
12345 33014719
12345 11369106
12345 -43727350
12345 6954220
12345 20256078
12345 -49135360
12345 -18786708
12345 93905310
12345 28424576
12345 35385582
12345 76105015
12345 -19054601
12345 69560268
12345 47748856
12345 68178611
12345 27377186
12345 -17288387
12345 -23797909
12345 1819593
12345 -90519994
12345 -44816489
12345 92189812
12345 -68320489
12345 52786439
12345 -44638716
12345 60027361
12345 -11440539
12345 59716201
12345 23048614
12345 30672745
12345 43460433
12345 -57556691
12345 -97898904
12345 3279360
12345 -62397550
12345 24601210
12345 -10846736
12345 35755460
12345 -10211975
12345 89118141
