10 700 1 4
-4864500 54321
-3701668 54321
7303983 54321
-50254071 54321
-98097147 54321
51566841 54321
20327409 54321
40213723 54321
4421137 54321
-18092069 54321
39369730 54321
12839249 54321
88297564 54321
-83535363 54321
24404276 54321
83953412 54321
-44594057 54321
31433752 54321
72081820 54321
2522971 54321
-70212409 54321
-50322470 54321
-75187168 54321
97003803 54321
84374043 54321
-11935058 54321
-85117021 54321
6859615 54321
-49832866 54321
36610339 54321
-54429559 54321
35108899 54321
39959145 54321
31869182 54321
48329937 54321
-40430252 54321
-71275844 54321
54844883 54321
27549394 54321
-38837170 54321
-44168571 54321
-14178648 54321
20370226 54321
24922722 54321
95265745 54321
43252659 54321
-70391374 54321
-9925672 54321
-73644517 54321
95815899 54321
-97714941 54321
1542585 54321
-45783311 54321
-92829049 54321
60704404 54321
-86085284 54321
-45438618 54321
61769328 54321
83369460 54321
61035799 54321
63906485 54321
83802714 54321
-98591647 54321
-90917243 54321
-58396426 54321
22215500 54321
71077883 54321
88559634 54321
83387736 54321
15928611 54321
78763886 54321
87010471 54321
-45608964 54321
57862712 54321
42592943 54321
-28103956 54321
-73243735 54321
-58566415 54321
65479203 54321
-35526103 54321
44034168 54321
88080877 54321
14342034 54321
17728797 54321
-98035721 54321
67973264 54321
6206404 54321
-34820679 54321
94904071 54321
27106215 54321
69288523 54321
99207651 54321
19680984 54321
-25334588 54321
63842804 54321
-53116308 54321
24090050 54321
28099483 54321
26149191 54321
-27982871 54321
80224528 54321
-49929330 54321
-56404765 54321
-54260050 54321
-86029264 54321
38683507 54321
-19424142 54321
-14660168 54321
-54576466 54321
-43454553 54321
83063302 54321
88651542 54321
-32431572 54321
35962299 54321
69081952 54321
-38348056 54321
34155727 54321
-77458558 54321
82889726 54321
-75031440 54321
36398251 54321
52956547 54321
74535511 54321
-65804169 54321
-80831152 54321
-84769152 54321
-2488001 54321
-71879296 54321
80367622 54321
5767322 54321
4415615 54321
-93435441 54321
61605179 54321
51230909 54321
60295497 54321
-24615099 54321
-96096445 54321
91484228 54321
86885495 54321
37867022 54321
16144483 54321
-16153794 54321
-10661162 54321
12069220 54321
-17032949 54321
-62531754 54321
-68083954 54321
-60421600 54321
-50171883 54321
79420957 54321
14910904 54321
-7899603 54321
-47978679 54321
-65896220 54321
-43617426 54321
20738083 54321
-14796850 54321
-52913465 54321
91928105 54321
33546036 54321
47446255 54321
58394110 54321
-27073377 54321
-84853564 54321
26684937 54321
99163746 54321
-23896096 54321
41100430 54321
-23126622 54321
-93985566 54321
-33033693 54321
-1085068 54321
22390151 54321
-59267166 54321
85347159 54321
-16380526 54321
65181554 54321
-36636257 54321
58584947 54321
-21113331 54321
-25448303 54321
-50124978 54321
97208523 54321
-36807830 54321
38494334 54321
-56960377 54321
-72182179 54321
-88551512 54321
-65121322 54321
88576419 54321
-67177998 54321
-81095770 54321
63598686 54321
-79777590 54321
212689 54321
62140723 54321
-62337060 54321
18153203 54321
3480118 54321
54236377 54321
-31062079 54321
2250450 54321
-82709757 54321
-36164157 54321
-57724303 54321
-34139124 54321
-92948021 54321
34857954 54321
74060215 54321
-18909069 54321
54652285 54321
91177121 54321
14632396 54321
92577686 54321
-49041832 54321
-67250630 54321
-25171360 54321
-42567112 54321
-51715535 54321
51724806 54321
83740216 54321
-52418678 54321
-99372888 54321
-41752165 54321
25543931 54321
85724917 54321
27218654 54321
37832734 54321
-93546693 54321
-23901207 54321
26468627 54321
27633343 54321
-75688166 54321
-51333165 54321
-1455933 54321
16250 54321
89952087 54321
-52107589 54321
-22893285 54321
-21191132 54321
-18876283 54321
-64931235 54321
45126105 54321
13932397 54321
69364063 54321
-24043581 54321
-42956651 54321
51644308 54321
91394509 54321
-30470583 54321
-47461189 54321
27216036 54321
-59897800 54321
-33104815 54321
24287166 54321
-74886005 54321
-80901962 54321
-43126283 54321
-47953690 54321
54215958 54321
-46282678 54321
-15012367 54321
94280816 54321
38394662 54321
-20346048 54321
-97994330 54321
-34180449 54321
72169926 54321
-55506450 54321
49362417 54321
97600079 54321
54374301 54321
-80197572 54321
-75203280 54321
14799712 54321
46442525 54321
-25334350 54321
33518891 54321
33038876 54321
-71276386 54321
40224481 54321
-75243872 54321
30913665 54321
86728404 54321
1622331 54321
-68578363 54321
-28838938 54321
-22051746 54321
-60109656 54321
42675065 54321
-43713260 54321
96214893 54321
30453328 54321
96806037 54321
24319718 54321
-36471897 54321
88591297 54321
-45177681 54321
78077211 54321
49733353 54321
-98686820 54321
-15901569 54321
-5811199 54321
-47309416 54321
81424676 54321
60444500 54321
-82959448 54321
-5359609 54321
25652723 54321
40618324 54321
9750483 54321
52288562 54321
71692977 54321
27966713 54321
7274711 54321
83037436 54321
-66852019 54321
-45780817 54321
-71178350 54321
26661679 54321
-63143661 54321
62445930 54321
16792957 54321
-93259462 54321
85368987 54321
24500630 54321
40387512 54321
31902703 54321
41483057 54321
12820164 54321
48890377 54321
-38068604 54321
-59336342 54321
98010101 54321
-68347887 54321
22472196 54321
-57393742 54321
91853188 54321
-58890657 54321
-78111975 54321
-22502446 54321
56197134 54321
82272719 54321
77890572 54321
61409480 54321
-88294637 54321
67379066 54321
14991043 54321
-20582210 54321
-14039158 54321
31542043 54321
36475455 54321
95003188 54321
52634633 54321
-75284384 54321
-27182605 54321
39988782 54321
-17587742 54321
-12755425 54321
96543604 54321
37218293 54321
84385317 54321
91124194 54321
-40791385 54321
-57445014 54321
46200275 54321
-66942297 54321
-2856877 54321
-95179551 54321
-56500604 54321
76992446 54321
76101888 54321
76543728 54321
-79555229 54321
-31994886 54321
32338455 54321
83566533 54321
71169259 54321
-85768305 54321
59413966 54321
-50965365 54321
92078455 54321
97500107 54321
48899629 54321
-32437893 54321
-70949671 54321
42477236 54321
28574347 54321
95706476 54321
89494549 54321
-11689686 54321
18365833 54321
85532717 54321
27263575 54321
57473146 54321
-34785543 54321
71329285 54321
-97870196 54321
-30485152 54321
14548483 54321
32790092 54321
-48135098 54321
-40247356 54321
79489292 54321
-67942553 54321
13272494 54321
-26267127 54321
28224117 54321
88080832 54321
23714981 54321
33429418 54321
-3939556 54321
35470340 54321
-36030209 54321
22143085 54321
57685063 54321
53175782 54321
-52004406 54321
-67182251 54321
77162157 54321
-7183759 54321
46618668 54321
75394264 54321
-24543123 54321
-9371531 54321
-23809555 54321
-16442226 54321
82669792 54321
-22122905 54321
29936110 54321
-78272462 54321
-60755527 54321
5659347 54321
-53196581 54321
69811697 54321
77553573 54321
-75662866 54321
18872990 54321
70351269 54321
-32613928 54321
-40982931 54321
76845599 54321
-68740903 54321
-75133055 54321
-19100552 54321
19896655 54321
-85566149 54321
19349342 54321
-33513563 54321
3169057 54321
29038158 54321
-81444163 54321
57641747 54321
36348065 54321
-15628013 54321
77444996 54321
69006318 54321
-61238035 54321
-5797777 54321
74235068 54321
-92955510 54321
-40956497 54321
2923992 54321
37826432 54321
10226832 54321
-65735427 54321
-81311250 54321
-64120686 54321
-37045203 54321
-35111726 54321
85762362 54321
-51575633 54321
56123152 54321
-20748280 54321
58246866 54321
64393331 54321
51080591 54321
80611377 54321
92498782 54321
43035300 54321
16746331 54321
47863094 54321
-65403683 54321
79123241 54321
90656478 54321
-9554044 54321
19303842 54321
-78761654 54321
-9488012 54321
-21840750 54321
76852696 54321
95022001 54321
38997192 54321
42434 54321
-41759449 54321
51905613 54321
26185838 54321
-51004592 54321
32042514 54321
-31850512 54321
-46317386 54321
44148447 54321
-53828218 54321
54523993 54321
-45802469 54321
-74251309 54321
-77569498 54321
-16620050 54321
-99860448 54321
33949828 54321
74552788 54321
46348244 54321
38279727 54321
-13529338 54321
-98706565 54321
23228107 54321
-59676718 54321
75208833 54321
-5204939 54321
72700065 54321
-51490482 54321
80451193 54321
-24742962 54321
-30349538 54321
-24408791 54321
75714046 54321
-77937938 54321
-56363594 54321
81556449 54321
76605997 54321
-37400623 54321
-59765308 54321
49968505 54321
37494885 54321
-85289086 54321
-65040555 54321
78869969 54321
52555619 54321
-12999189 54321
21915778 54321
-34572162 54321
-22994834 54321
-7699849 54321
-80043374 54321
-63472273 54321
-27827101 54321
85392048 54321
-12940079 54321
63382407 54321
28107659 54321
88014729 54321
-90732262 54321
-26935229 54321
27590336 54321
-66468432 54321
77722534 54321
88457630 54321
-21530896 54321
-89290410 54321
-85423022 54321
-23843377 54321
480611 54321
31290169 54321
61106655 54321
42149327 54321
-99078358 54321
-31340455 54321
-53030819 54321
-92796283 54321
-50614109 54321
-78765450 54321
73261809 54321
94156972 54321
-85124410 54321
-61197031 54321
32673230 54321
-27441271 54321
-8567393 54321
-72812171 54321
64597123 54321
27125205 54321
29311335 54321
-19628761 54321
34944509 54321
-37581028 54321
-72829132 54321
30169429 54321
86177092 54321
71838301 54321
-37509353 54321
10607031 54321
28814678 54321
-81829794 54321
-27554419 54321
-83679997 54321
-88208096 54321
44799285 54321
3607540 54321
32138406 54321
-22841804 54321
73763282 54321
95511191 54321
-39278173 54321
-64488698 54321
68482777 54321
-4631228 54321
-57265710 54321
-45254630 54321
-10956690 54321
2822573 54321
-94967876 54321
23745212 54321
-94504610 54321
68204531 54321
-36481144 54321
-64088661 54321
-31992092 54321
-73997268 54321
-54984820 54321
9870303 54321
40662168 54321
95941917 54321
77790964 54321
81731449 54321
38294567 54321
99383789 54321
-78104676 54321
-78550942 54321
-57042551 54321
17416155 54321
81021694 54321
37906429 54321
-96939228 54321
-53860098 54321
-17546762 54321
-49902450 54321
4279619 54321
-2464754 54321
96625026 54321
57247138 54321
39881521 54321
15775046 54321
16846216 54321
-77881721 54321
80105979 54321
-5664296 54321
55565070 54321
55677852 54321
-68580116 54321
-39521433 54321
-86554826 54321
25901788 54321
-62535136 54321
-52963112 54321
-81506398 54321
53099477 54321
-58913530 54321
26239601 54321
-48415460 54321
-41888453 54321
-67511935 54321
50483308 54321
-65785059 54321
38375000 54321
-87849054 54321
-95534989 54321
-50408781 54321
19411672 54321
-81923795 54321
78529504 54321
-81466617 54321
-97500505 54321
-69288139 54321
-38870141 54321
-13152404 54321
-98691859 54321
-83521814 54321
42641853 54321
35485148 54321
83534100 54321
-20804203 54321
-90480995 54321
21631630 54321
71972341 54321
-94384780 54321
-94017043 54321
57085337 54321
69799945 54321
6174379 54321
-60807022 54321
-67376903 54321
-69213128 54321
12421893 54321
37493993 54321
23732216 54321
12950850 54321
1370883 54321
42661986 54321
47468933 54321
95561697 54321
