10 700 5 27
-6505899 6506099
8866973 -8866773
2169894 -2169694
9589801 -9589601
9758062 -9757862
8624015 -8623815
9056397 -9056197
-4830755 4830955
-5787297 5787497
-4177876 4178076
3776162 -3775962
-1958062 1958262
1794344 -1794144
-906353 906553
-2087192 2087392
7220219 -7220019
6277534 -6277334
1801564 -1801364
-7415421 7415621
-5284202 5284402
-5818364 5818564
9145479 -9145279
77398 -77198
74530 -74330
3315290 -3315090
3960703 -3960503
2920456 -2920256
-9382039 9382239
2587238 -2587038
4573986 -4573786
-7670365 7670565
-5015664 5015864
2237832 -2237632
9979068 -9978868
-2132061 2132261
6198552 -6198352
-5844548 5844748
9009709 -9009509
-320107 320307
-8275995 8276195
2974524 -2974324
-8353109 8353309
3750181 -3749981
9662383 -9662183
6863390 -6863190
-2470045 2470245
9263071 -9262871
-1688604 1688804
-9378306 9378506
-6835387 6835587
3263357 -3263157
6124674 -6124474
7692422 -7692222
-2706715 2706915
-1839516 1839716
-5148836 5149036
-5305276 5305476
1062440 -1062240
-7160492 7160692
-5150186 5150386
-2616636 2616836
-7030052 7030252
-7759208 7759408
-6182216 6182416
-774 974
-1861109 1861309
7955988 -7955788
2540842 -2540642
4338061 -4337861
8102049 -8101849
-5922211 5922411
-2525683 2525883
1005523 -1005323
-4615229 4615429
-8432701 8432901
3019053 -3018853
-6147039 6147239
4385967 -4385767
5078443 -5078243
1370256 -1370056
3562987 -3562787
2218074 -2217874
-1510963 1511163
5701871 -5701671
-9628410 9628610
2172711 -2172511
7837443 -7837243
9943398 -9943198
3513965 -3513765
-8541689 8541889
4012772 -4012572
-7712593 7712793
-3977014 3977214
1252745 -1252545
6515693 -6515493
-1648114 1648314
941196 -940996
6946866 -6946666
2149118 -2148918
-2555170 2555370
1413420 -1413220
8405558 -8405358
-4549233 4549433
-2811053 2811253
-6466270 6466470
9284836 -9284636
-5779671 5779871
-7954217 7954417
733489 -733289
2910538 -2910338
850357 -850157
1681372 -1681172
-5579543 5579743
-6150741 6150941
-2506372 2506572
-6781910 6782110
3847487 -3847287
-2015377 2015577
-8269234 8269434
8267396 -8267196
6876788 -6876588
6396182 -6395982
9918058 -9917858
-7879403 7879603
6171237 -6171037
5584308 -5584108
-2860770 2860970
249325 -249125
9270083 -9269883
-9633102 9633302
407639 -407439
-9802973 9803173
-9812920 9813120
-4059001 4059201
6560363 -6560163
-327918 328118
-1301201 1301401
5445302 -5445102
1431980 -1431780
-8466160 8466360
-8684753 8684953
-9721436 9721636
2287659 -2287459
-6313673 6313873
244227 -244027
-9546541 9546741
-3751627 3751827
-4530121 4530321
8262351 -8262151
7825837 -7825637
-5837247 5837447
8026472 -8026272
-4588639 4588839
6174289 -6174089
-2634370 2634570
4089427 -4089227
-6268209 6268409
-3194952 3195152
4485049 -4484849
799731 -799531
661050 -660850
2499881 -2499681
-9229925 9230125
1425883 -1425683
6910371 -6910171
-4317592 4317792
5132656 -5132456
-7022113 7022313
-8742620 8742820
-318177 318377
9488517 -9488317
8302258 -8302058
-4147816 4148016
-8995865 8996065
3476550 -3476350
-5674010 5674210
-7182948 7183148
-6839587 6839787
3484963 -3484763
-1515253 1515453
8436553 -8436353
664688 -664488
-8791093 8791293
9556322 -9556122
-3637035 3637235
59595 -59395
-5519539 5519739
-1689599 1689799
7589033 -7588833
3395111 -3394911
-1392303 1392503
4230139 -4229939
-2614359 2614559
8581703 -8581503
2700826 -2700626
3309449 -3309249
6178863 -6178663
9567689 -9567489
-9620072 9620272
7681299 -7681099
2717959 -2717759
4154476 -4154276
-2486235 2486435
6818167 -6817967
-1722190 1722390
-6700538 6700738
5934939 -5934739
971593 -971393
-5542334 5542534
-8178295 8178495
-5171859 5172059
-5170626 5170826
22357 -22157
-5303035 5303235
6217697 -6217497
4037780 -4037580
-3253678 3253878
-3837150 3837350
-5050756 5050956
7921644 -7921444
4304389 -4304189
820530 -820330
3198357 -3198157
4219159 -4218959
-3224552 3224752
4920057 -4919857
5727711 -5727511
-6076333 6076533
8415347 -8415147
-2876688 2876888
-4878502 4878702
-3274310 3274510
-6440578 6440778
-4167485 4167685
-8093405 8093605
-2230787 2230987
8756715 -8756515
7018305 -7018105
-9889054 9889254
4358208 -4358008
7506518 -7506318
8699911 -8699711
-39399 39599
-5071446 5071646
-8131582 8131782
-3629344 3629544
5619361 -5619161
1099497 -1099297
-5436986 5437186
5981153 -5980953
9522858 -9522658
-5622122 5622322
1297429 -1297229
-2445205 2445405
2568854 -2568654
-9560477 9560677
-7159446 7159646
3521485 -3521285
-7254479 7254679
756544 -756344
8765355 -8765155
-8713456 8713656
-4701257 4701457
-3193837 3194037
1133671 -1133471
-2826822 2827022
5587187 -5586987
-1971284 1971484
6231613 -6231413
9071687 -9071487
-4369511 4369711
-3935982 3936182
7714045 -7713845
3149017 -3148817
7145399 -7145199
-5416512 5416712
3110374 -3110174
1440555 -1440355
-4799644 4799844
-242689 242889
-8708208 8708408
-5727272 5727472
-7648156 7648356
6676009 -6675809
2453140 -2452940
7502440 -7502240
8881269 -8881069
-7048596 7048796
-207638 207838
6917636 -6917436
1721730 -1721530
-3467374 3467574
8808419 -8808219
-9963171 9963371
9504434 -9504234
1780625 -1780425
-7429597 7429797
7945747 -7945547
1503680 -1503480
2912065 -2911865
-4015151 4015351
4470544 -4470344
-7081448 7081648
5087565 -5087365
1367186 -1366986
-7218298 7218498
-7004904 7005104
4107391 -4107191
-6609929 6610129
4651524 -4651324
-1354146 1354346
4723439 -4723239
4297630 -4297430
-9887078 9887278
6510365 -6510165
6074585 -6074385
495506 -495306
4712355 -4712155
-5845041 5845241
-3773484 3773684
4006132 -4005932
2700254 -2700054
-7643754 7643954
-592331 592531
-6255318 6255518
-4895538 4895738
-4116348 4116548
-1785868 1786068
5703586 -5703386
-7574525 7574725
-2741628 2741828
2537168 -2536968
-8522157 8522357
7687748 -7687548
-2596043 2596243
-5820955 5821155
-9092321 9092521
-4933098 4933298
5203663 -5203463
5021655 -5021455
7870387 -7870187
8688248 -8688048
-9376732 9376932
8630663 -8630463
4195047 -4194847
1002898 -1002698
-9111868 9112068
7841345 -7841145
-5053919 5054119
-5926805 5927005
9697705 -9697505
-6295433 6295633
2502939 -2502739
-3513696 3513896
-8955870 8956070
-7337174 7337374
-26890 27090
1808377 -1808177
-5444677 5444877
-8994544 8994744
-7408451 7408651
697754 -697554
1980168 -1979968
-7770356 7770556
-5009633 5009833
1621723 -1621523
-3383999 3384199
-5913852 5914052
5374043 -5373843
4613679 -4613479
5883254 -5883054
-7342477 7342677
6478020 -6477820
-259438 259638
-3371478 3371678
7881632 -7881432
-4089108 4089308
7334600 -7334400
3938330 -3938130
-9564361 9564561
4224722 -4224522
6907770 -6907570
6267500 -6267300
2322769 -2322569
-7064050 7064250
-8184617 8184817
9125529 -9125329
1914829 -1914629
6456694 -6456494
-7087103 7087303
-7345292 7345492
-3701571 3701771
-1735278 1735478
4375482 -4375282
-8212816 8213016
1055197 -1054997
4506823 -4506623
-5218609 5218809
1746124 -1745924
-8508974 8509174
-7316783 7316983
-184430 184630
9362362 -9362162
-5645967 5646167
-9168435 9168635
3539488 -3539288
-9494859 9495059
9746400 -9746200
8961443 -8961243
-865128 865328
865264 -865064
-2457241 2457441
-9704244 9704444
9010662 -9010462
-8741672 8741872
3611370 -3611170
9643537 -9643337
4142805 -4142605
-336996 337196
-560005 560205
4479207 -4479007
-4051820 4052020
-8983013 8983213
1261429 -1261229
-6298306 6298506
-3830219 3830419
-2289339 2289539
-46227 46427
47857 -47657
5078411 -5078211
-7775913 7776113
-9072776 9072976
8097710 -8097510
-3342938 3343138
-550914 551114
1100340 -1100140
-8136002 8136202
-3249881 3250081
-6308105 6308305
-5387090 5387290
-219404 219604
-1326053 1326253
-7108333 7108533
-2305325 2305525
-460988 461188
-1133350 1133550
-6268953 6269153
2890115 -2889915
-290010 290210
2308685 -2308485
-8543098 8543298
-8922170 8922370
9251280 -9251080
-5631054 5631254
19790 -19590
6973534 -6973334
-8123175 8123375
-3902916 3903116
7557822 -7557622
5129163 -5128963
2464420 -2464220
7494216 -7494016
-5379299 5379499
-5033306 5033506
8645341 -8645141
5663497 -5663297
-1894532 1894732
5232315 -5232115
-6519382 6519582
1954289 -1954089
7362997 -7362797
-9005421 9005621
-6496709 6496909
5572799 -5572599
3496770 -3496570
514840 -514640
-3259379 3259579
-6404293 6404493
6235680 -6235480
-1965843 1966043
2001815 -2001615
-4040158 4040358
-243012 243212
8725194 -8724994
-6348756 6348956
-2936442 2936642
-2294298 2294498
7577787 -7577587
8229718 -8229518
8107508 -8107308
-5525957 5526157
6653058 -6652858
1285550 -1285350
6178140 -6177940
-3992347 3992547
5751604 -5751404
-4936550 4936750
-892851 893051
-7423527 7423727
9618596 -9618396
7582612 -7582412
2385782 -2385582
-5147511 5147711
4767511 -4767311
8919538 -8919338
733918 -733718
3686507 -3686307
-9489478 9489678
9337296 -9337096
7441867 -7441667
-1944082 1944282
-833808 834008
4883722 -4883522
-3399544 3399744
2284434 -2284234
-576836 577036
2378930 -2378730
9124255 -9124055
-2038958 2039158
7608213 -7608013
-693627 693827
9000836 -9000636
2524816 -2524616
4109004 -4108804
-2083 2283
-5350173 5350373
-3067102 3067302
-288935 289135
-389900 390100
-5857758 5857958
-5199674 5199874
4459996 -4459796
9013491 -9013291
-5322065 5322265
9248548 -9248348
-4083760 4083960
-8258696 8258896
-966624 966824
-2574245 2574445
5192446 -5192246
7755906 -7755706
-4284017 4284217
-2907156 2907356
2702070 -2701870
-48336 48536
3481883 -3481683
-5703941 5704141
-8605449 8605649
-2054851 2055051
-7370913 7371113
-503890 504090
-9434192 9434392
9814290 -9814090
5686060 -5685860
9120851 -9120651
-6128918 6129118
6582569 -6582369
-5157886 5158086
-9447267 9447467
-6795188 6795388
-6004269 6004469
-6468181 6468381
5014843 -5014643
6076981 -6076781
7342338 -7342138
495034 -494834
-3230179 3230379
-9410185 9410385
-3332946 3333146
653348 -653148
56386 -56186
8270313 -8270113
5917164 -5916964
1350145 -1349945
649658 -649458
-6832662 6832862
-1662219 1662419
-7353758 7353958
-8760269 8760469
3187259 -3187059
5493085 -5492885
-164642 164842
-2157496 2157696
7384886 -7384686
5059998 -5059798
-4010666 4010866
-6724714 6724914
135292 -135092
8366290 -8366090
3297397 -3297197
-6328334 6328534
-5066596 5066796
92575 -92375
-6103224 6103424
-1677082 1677282
1225546 -1225346
-3825162 3825362
4087676 -4087476
9274868 -9274668
-9634114 9634314
-9354903 9355103
-5135772 5135972
-1437878 1438078
-4137256 4137456
-9978205 9978405
9610037 -9609837
3036653 -3036453
5802036 -5801836
7672428 -7672228
726736 -726536
156857 -156657
4202804 -4202604
4952461 -4952261
-9360871 9361071
2510641 -2510441
6390177 -6389977
-2749559 2749759
-26181 26381
-4924445 4924645
6829267 -6829067
4744895 -4744695
-239774 239974
-7806113 7806313
1864571 -1864371
9699693 -9699493
-6616464 6616664
5615158 -5614958
-65250 65450
4458856 -4458656
-7705915 7706115
-3223602 3223802
6045675 -6045475
-2076884 2077084
3573288 -3573088
3359554 -3359354
2454016 -2453816
-6078916 6079116
-3660290 3660490
9410461 -9410261
-938801 939001
-5914400 5914600
-7561642 7561842
-9906225 9906425
111280 -111080
-4079078 4079278
4933583 -4933383
-3964373 3964573
-7693404 7693604
9821646 -9821446
-4563871 4564071
-1927910 1928110
-846504 846704
1762193 -1761993
-7977096 7977296
-4387578 4387778
-795706 795906
7981953 -7981753
4373418 -4373218
2466432 -2466232
-7089556 7089756
-8804557 8804757
-5292122 5292322
5499153 -5498953
1975112 -1974912
9674816 -9674616
1166667 -1166467
-6747189 6747389
-5899236 5899436
-5127735 5127935
-2917844 2918044
1724900 -1724700
4167772 -4167572
7999148 -7998948
-2251337 2251537
4110447 -4110247
5532521 -5532321
-8388523 8388723
-8245662 8245862
7589944 -7589744
4580417 -4580217
5115275 -5115075
1919388 -1919188
140378 -140178
-7754961 7755161
4490709 -4490509
-5086411 5086611
-5365868 5366068
-3330669 3330869
9898224 -9898024
-6964 7164
5616711 -5616511
4425980 -4425780
-6979574 6979774
4602448 -4602248
9967594 -9967394
5376296 -5376096
2133340 -2133140
-1220892 1221092
-7210714 7210914
2313909 -2313709
