10 700 5 27
-15389 -15389
-6567948 -6567948
5287556 5287556
-5371246 -5371246
2449899 2449899
3533069 3533069
3246222 3246222
401730 401730
-3091157 -3091157
-5026097 -5026097
4328939 4328939
-9462589 -9462589
7476458 7476458
-9342526 -9342526
8283788 8283788
-7242513 -7242513
1506327 1506327
7350938 7350938
4701728 4701728
-1103010 -1103010
6793547 6793547
-1518888 -1518888
-6968729 -6968729
3621353 3621353
5356931 5356931
-2904699 -2904699
-6876012 -6876012
4689832 4689832
1720742 1720742
-924203 -924203
6585268 6585268
-6749008 -6749008
5844023 5844023
7144398 7144398
-5950174 -5950174
2658872 2658872
9162205 9162205
-1598407 -1598407
-9656469 -9656469
9197662 9197662
5839774 5839774
1873271 1873271
-7340024 -7340024
9187671 9187671
-1693853 -1693853
-6902209 -6902209
4996492 4996492
6436239 6436239
4258226 4258226
6121954 6121954
5108587 5108587
2699820 2699820
-2652696 -2652696
-5890370 -5890370
-7627319 -7627319
-5442228 -5442228
-5159797 -5159797
9220104 9220104
-9094294 -9094294
3441552 3441552
-4326262 -4326262
900674 900674
2549465 2549465
1674319 1674319
-5783910 -5783910
4871988 4871988
5728912 5728912
-2205167 -2205167
1942362 1942362
-428574 -428574
5398934 5398934
8016803 8016803
-9565938 -9565938
-2874854 -2874854
5133967 5133967
-193377 -193377
-2231219 -2231219
5765100 5765100
-5992005 -5992005
-5537741 -5537741
-2809231 -2809231
1615984 1615984
7056498 7056498
5406936 5406936
6416264 6416264
9004588 9004588
-5097356 -5097356
-999357 -999357
-4397857 -4397857
741251 741251
-5913049 -5913049
3481011 3481011
-4667996 -4667996
-5393818 -5393818
7890409 7890409
-4321319 -4321319
-220011 -220011
-4553114 -4553114
1748404 1748404
6757971 6757971
-2181677 -2181677
8822981 8822981
2139438 2139438
8889521 8889521
-4518414 -4518414
9998046 9998046
-2381526 -2381526
4158035 4158035
-2739159 -2739159
3407446 3407446
-3958296 -3958296
5375163 5375163
4521782 4521782
-8976661 -8976661
5940540 5940540
2469441 2469441
7634886 7634886
-2961351 -2961351
2199922 2199922
2012020 2012020
-2894553 -2894553
-417383 -417383
-1332576 -1332576
-1827392 -1827392
-9729223 -9729223
5012593 5012593
-1234420 -1234420
-3130034 -3130034
-646805 -646805
-988065 -988065
771701 771701
4998957 4998957
9530415 9530415
-2326315 -2326315
3224026 3224026
-4269040 -4269040
1706415 1706415
-8381295 -8381295
7768171 7768171
5202828 5202828
3598201 3598201
-3885579 -3885579
-618787 -618787
7216297 7216297
1554935 1554935
-316063 -316063
9358206 9358206
-7850301 -7850301
-8286857 -8286857
4487030 4487030
4262992 4262992
9844752 9844752
5257972 5257972
2450355 2450355
-3969413 -3969413
1749360 1749360
9919894 9919894
922206 922206
-3586288 -3586288
-8121886 -8121886
-6764931 -6764931
4645108 4645108
-4363150 -4363150
2710017 2710017
6210753 6210753
2952383 2952383
7470264 7470264
5751881 5751881
4397226 4397226
3892872 3892872
7701909 7701909
-2910715 -2910715
3319789 3319789
8709970 8709970
-7105782 -7105782
6199100 6199100
304776 304776
-3277770 -3277770
7018906 7018906
6190031 6190031
-667611 -667611
5553777 5553777
5172827 5172827
-1360546 -1360546
-2413827 -2413827
5556329 5556329
-902110 -902110
-271675 -271675
8920405 8920405
3893108 3893108
6156558 6156558
-6770909 -6770909
-536885 -536885
6701707 6701707
6546339 6546339
6822239 6822239
-611484 -611484
3051698 3051698
-4984805 -4984805
8418352 8418352
1714490 1714490
2204496 2204496
-5845222 -5845222
2198130 2198130
7487466 7487466
-6121801 -6121801
1432605 1432605
-8058641 -8058641
-6441411 -6441411
-7680386 -7680386
2864871 2864871
-3171681 -3171681
7990081 7990081
-2187120 -2187120
1471629 1471629
-9093006 -9093006
4515365 4515365
-220174 -220174
-5664979 -5664979
1598743 1598743
-8419390 -8419390
-1983519 -1983519
-3935194 -3935194
5360518 5360518
7099900 7099900
687755 687755
8761662 8761662
1568492 1568492
715001 715001
5928328 5928328
-757298 -757298
4503383 4503383
-7629288 -7629288
-2625106 -2625106
-2764084 -2764084
-4289906 -4289906
-3955085 -3955085
-6257760 -6257760
-9327741 -9327741
-9344297 -9344297
8248694 8248694
-4174193 -4174193
-4296253 -4296253
-6940955 -6940955
-2645649 -2645649
-5949652 -5949652
6546463 6546463
-2597886 -2597886
3240707 3240707
9258945 9258945
-9343131 -9343131
3668194 3668194
-8314768 -8314768
8560099 8560099
-1534823 -1534823
-4718143 -4718143
7865167 7865167
7166815 7166815
-6112863 -6112863
4229052 4229052
7990509 7990509
-5611818 -5611818
6364204 6364204
1200329 1200329
9614455 9614455
4585872 4585872
8763566 8763566
3892735 3892735
-2760794 -2760794
-4069697 -4069697
9954885 9954885
-336889 -336889
7235628 7235628
6649615 6649615
-3353246 -3353246
8758940 8758940
-4610985 -4610985
-6756942 -6756942
5490771 5490771
-8733082 -8733082
-4454317 -4454317
-5793187 -5793187
8603664 8603664
15305 15305
5576879 5576879
6158812 6158812
9578931 9578931
-1322944 -1322944
755206 755206
-1163086 -1163086
-9810577 -9810577
9423916 9423916
3974301 3974301
-5087633 -5087633
2483766 2483766
3136728 3136728
8984152 8984152
3801302 3801302
-7500993 -7500993
7386603 7386603
-7054169 -7054169
-8047620 -8047620
-2051620 -2051620
1147802 1147802
5046255 5046255
-6749723 -6749723
1607464 1607464
-3370198 -3370198
8924406 8924406
-8527945 -8527945
-1676701 -1676701
-5115854 -5115854
-3215402 -3215402
7414956 7414956
-521652 -521652
-4493327 -4493327
7189289 7189289
7134766 7134766
6882215 6882215
6717923 6717923
6549978 6549978
143970 143970
8170844 8170844
-5890934 -5890934
-2015596 -2015596
247964 247964
-4960814 -4960814
2345300 2345300
-8752932 -8752932
-7614591 -7614591
1423347 1423347
2977548 2977548
2554702 2554702
-4974877 -4974877
-3620341 -3620341
-4273362 -4273362
-3790475 -3790475
-2725692 -2725692
-4647234 -4647234
6825205 6825205
3533646 3533646
833043 833043
7322028 7322028
921840 921840
5880895 5880895
-4842741 -4842741
-8652139 -8652139
-8927208 -8927208
-7682876 -7682876
-2415815 -2415815
-654218 -654218
4649645 4649645
-7956853 -7956853
-3066115 -3066115
8035399 8035399
-767630 -767630
-4424548 -4424548
3623642 3623642
3623280 3623280
-5581184 -5581184
3980688 3980688
-5229628 -5229628
-8836758 -8836758
8247087 8247087
849440 849440
399895 399895
1976959 1976959
-9670141 -9670141
9368180 9368180
-1413270 -1413270
-7511313 -7511313
-1058492 -1058492
-3255512 -3255512
-3103847 -3103847
-5804088 -5804088
-4674908 -4674908
-9425928 -9425928
-7752269 -7752269
203438 203438
6518350 6518350
-4564097 -4564097
6652642 6652642
1687180 1687180
-5763443 -5763443
-7415424 -7415424
7932202 7932202
-8502431 -8502431
-346456 -346456
-1012903 -1012903
5141991 5141991
4530136 4530136
9713606 9713606
2429853 2429853
8126476 8126476
-9671570 -9671570
567260 567260
2293460 2293460
1946774 1946774
5731346 5731346
-4923706 -4923706
1038323 1038323
-8260545 -8260545
6991477 6991477
7170823 7170823
-1300245 -1300245
2826166 2826166
1000071 1000071
229708 229708
-5721842 -5721842
-9149249 -9149249
-140748 -140748
7814987 7814987
-1032583 -1032583
3184952 3184952
473342 473342
-9767360 -9767360
8594122 8594122
8278611 8278611
-6557670 -6557670
4479163 4479163
511266 511266
2107589 2107589
-1371327 -1371327
4992197 4992197
-8069203 -8069203
3418870 3418870
1695483 1695483
6504411 6504411
-5724782 -5724782
-5680209 -5680209
9296863 9296863
8492934 8492934
-1666320 -1666320
6668157 6668157
-1764324 -1764324
1858472 1858472
-7544767 -7544767
8797471 8797471
-3236742 -3236742
4577353 4577353
-3489476 -3489476
-4430134 -4430134
2493686 2493686
1041344 1041344
-2291792 -2291792
6326884 6326884
8956458 8956458
3298648 3298648
132834 132834
3968620 3968620
6261345 6261345
8707878 8707878
7378991 7378991
9776733 9776733
-4324261 -4324261
-4646574 -4646574
1378893 1378893
7122250 7122250
4656903 4656903
5036265 5036265
8329220 8329220
-738097 -738097
-4682995 -4682995
5143298 5143298
-347306 -347306
4915826 4915826
288770 288770
-9910990 -9910990
7103157 7103157
-5243368 -5243368
991537 991537
-1231788 -1231788
9898088 9898088
-3650427 -3650427
-4829077 -4829077
4653738 4653738
2417424 2417424
5476734 5476734
-3067782 -3067782
-3151649 -3151649
-7171165 -7171165
3572262 3572262
6604009 6604009
8612489 8612489
1035556 1035556
-428472 -428472
3154227 3154227
-8892462 -8892462
6420900 6420900
-2788718 -2788718
6159031 6159031
9737590 9737590
2026608 2026608
-1203915 -1203915
839898 839898
-6845880 -6845880
4058506 4058506
-9185187 -9185187
9426931 9426931
6925347 6925347
-9869870 -9869870
9588258 9588258
-2431428 -2431428
6930837 6930837
-5569905 -5569905
764561 764561
9990299 9990299
-5737000 -5737000
3395829 3395829
2122984 2122984
5816736 5816736
8712452 8712452
-4018525 -4018525
9262981 9262981
-6246040 -6246040
6651193 6651193
-660108 -660108
6018037 6018037
2407230 2407230
8788686 8788686
-772639 -772639
6852856 6852856
5681963 5681963
9982667 9982667
-4459238 -4459238
257326 257326
-6801644 -6801644
7810263 7810263
8126564 8126564
8952130 8952130
-8622281 -8622281
-8780688 -8780688
688063 688063
-9497376 -9497376
960824 960824
-28909 -28909
1256360 1256360
2899542 2899542
-2672510 -2672510
-7422305 -7422305
-8582150 -8582150
4389683 4389683
-8664456 -8664456
-9292623 -9292623
1394935 1394935
4469392 4469392
-6867544 -6867544
97627 97627
-9085865 -9085865
7573958 7573958
4847018 4847018
636378 636378
-1131173 -1131173
355641 355641
-2815310 -2815310
-4694560 -4694560
-2537941 -2537941
-1727783 -1727783
2638603 2638603
-9040864 -9040864
7829026 7829026
5219823 5219823
7360263 7360263
-3453211 -3453211
4420837 4420837
5236346 5236346
-7941018 -7941018
-5463471 -5463471
-4189099 -4189099
6406198 6406198
-9902231 -9902231
3871020 3871020
9598592 9598592
-7812895 -7812895
6121623 6121623
1908187 1908187
-9736309 -9736309
7922423 7922423
7530903 7530903
-2380619 -2380619
7112716 7112716
-2623270 -2623270
2566910 2566910
-1756110 -1756110
3104620 3104620
7668175 7668175
-6865791 -6865791
-6673170 -6673170
7002729 7002729
1946960 1946960
1109842 1109842
-5762855 -5762855
6793131 6793131
-346548 -346548
-3078918 -3078918
9201411 9201411
3826698 3826698
5688778 5688778
1404731 1404731
-8870956 -8870956
-2690363 -2690363
-8509811 -8509811
6835767 6835767
-7293363 -7293363
6936282 6936282
-9187508 -9187508
-8184821 -8184821
3724417 3724417
4546054 4546054
563960 563960
2569989 2569989
673636 673636
-809004 -809004
-1031909 -1031909
8254338 8254338
5147523 5147523
9266296 9266296
2833313 2833313
-5479 -5479
8134578 8134578
8843482 8843482
6224254 6224254
-6088039 -6088039
-8734798 -8734798
5687408 5687408
-7376273 -7376273
-5722388 -5722388
6666663 6666663
6603483 6603483
-3145703 -3145703
8005750 8005750
-6722884 -6722884
5171778 5171778
-6232409 -6232409
5384843 5384843
2525717 2525717
-1398076 -1398076
-8568829 -8568829
4707357 4707357
4705879 4705879
-3843447 -3843447
2320108 2320108
-6593864 -6593864
3359174 3359174
-9311611 -9311611
-418486 -418486
-2365189 -2365189
8274849 8274849
-8818129 -8818129
-999890 -999890
-3744956 -3744956
30487 30487
-8948125 -8948125
-1369135 -1369135
-7052300 -7052300
7490818 7490818
6919984 6919984
-3964201 -3964201
-3876235 -3876235
9868141 9868141
4210331 4210331
-5530676 -5530676
8413953 8413953
5822682 5822682
886614 886614
-1042928 -1042928
2482392 2482392
6188678 6188678
-3454054 -3454054
-8979325 -8979325
-7723624 -7723624
6152634 6152634
6905853 6905853
4846527 4846527
-4898125 -4898125
-3806440 -3806440
-2708375 -2708375
-6397500 -6397500
-9439423 -9439423
2916521 2916521
4870220 4870220
-2868200 -2868200
-7993488 -7993488
9236546 9236546
5224806 5224806
-7760333 -7760333
-2906814 -2906814
-2923581 -2923581
-9676266 -9676266
2258405 2258405
3385754 3385754
7303787 7303787
6836157 6836157
-7137168 -7137168
-238083 -238083
9440147 9440147
8650415 8650415
4648758 4648758
1464456 1464456
-5138712 -5138712
