10 700 10 100
141549783 226004437
309007990 158137197
124735357 -286905820
157301570 -462069380
75694991 481104305
-21236548 423451168
159449325 -411128973
-309747441 206516300
463495425 -205223942
410287766 -182638102
-29790245 397622252
405283806 73007804
241897787 22052247
-280781349 374320291
369727318 89018822
-68767485 -198853938
-399615355 222458777
-251357308 4067291
-354155420 78146429
241419372 -239195660
-209381672 -341066514
189524025 -404151957
473066993 2374733
240521651 219839782
-148346388 -148812712
187139677 425541081
-43628110 -385372850
32765688 -435337846
114952226 438678907
280789644 198792044
369251233 57298925
214346385 -50205104
137339200 -167965462
135664300 243488946
-280078798 394986473
450842381 286347934
-328467094 190223060
-58233551 -190704483
-306753413 147730123
-458035454 -17805453
266213733 208718661
15036163 222350415
210239115 249747434
-482191073 -92643315
-228508623 7465496
307025502 -242311582
384579356 -318918899
-415644566 -98255482
334729480 294448645
232562369 -18098421
427581031 -40871200
387609856 -30476669
-154125406 381858428
407557029 -106034812
-233362368 85262022
21006872 213610849
-106957641 -185241181
-158059382 187737003
204499362 251936565
-126917038 -462682283
-28033603 -411473040
-164307434 372504455
-237192993 451538790
90541070 272382270
-261047806 -361608197
-282870745 208788179
275717227 203163329
-250717837 188979963
379479052 128023510
14776622 -210735934
416581852 -14864686
-409330834 -2033069
-243312910 -198025297
-408561243 206080087
91946301 266783340
-210346854 397500878
-91397998 -370785709
29149907 201098858
-388095514 -1649332
38834092 245684325
-268586645 -91152149
192489295 127731563
233938558 -419843459
-78799663 -237290643
150156527 -444498018
-125500382 -235709362
237215832 -103311883
310497505 -339201413
-251328160 193874421
-162306754 143549456
111757405 -253523043
-157092199 -111974369
383851774 86487606
-11498055 -224272739
-66858711 -429229527
-171966171 -421134045
191767713 228226898
242104695 -238172748
40823895 -168514237
-102104413 -342494066
-150980092 -225015553
-238287013 427570148
-447909986 111487510
-72103739 -426518652
86399461 -350488244
-228188262 -43654286
479242789 -105786600
-105466156 219016090
126773506 -432462729
-59801777 193480203
196481889 146716775
187271882 236400893
256796612 -363096773
-354937505 377755442
52494650 -464513353
-240360265 -76318502
219289422 -318912165
-218954116 86253724
-105473428 -366050701
129034994 351181280
-264815347 -423573224
-264183740 98086199
-130881582 182350124
-163377940 -258193801
455699092 -121411112
151623219 -366737976
81577121 351924574
173842567 446720637
-361257490 83883690
-243790539 -161100153
-387074609 191903417
308350507 171592321
32973034 455058491
196666976 306319413
-212575626 11156750
99441391 -170494601
-28192139 -430612845
386646278 -37311870
363508898 -292655442
118139803 239611988
373432141 147535956
-211282817 -7331219
444761398 37947212
134247905 -302944746
137426629 -90307533
333102364 -162183741
-320448329 -175014210
-184410687 -253557788
347688241 138857645
411993017 63201344
391148712 7302386
129432859 347644481
217417259 -458134530
-174556659 -190923412
-100453007 177278699
149603055 -436408037
-114973278 -401764768
-428365790 -68379216
188785402 256840262
117291868 -325839035
217133861 213752761
-333937346 -135671940
286927323 -66662276
-159159593 124754785
169423077 447719522
434432317 91091354
-221289140 18274047
-415511069 -83714691
26094494 -471825943
-172414967 264109787
377658403 168220044
-374605959 -224869347
120726520 339577835
425760508 248600524
-43602394 -213838465
408222084 8261641
-349737745 -363693308
22417058 469869892
-221303289 -17131817
264218445 102775720
-278487788 -180093535
172537179 -109789871
341343648 151873569
-254967276 16391341
-16251113 -225507552
-104853981 -433387512
-345808270 -156555772
236291358 171968679
432834557 -17040207
220250726 432536207
387408441 -11873878
-141889200 147394894
-205453135 -248541610
168526765 -440998208
234819844 178191065
-287412168 240907200
-80568765 430628764
354504295 53470250
-471208000 26880996
40340594 -228583067
317612100 -194021661
198298293 250177111
-416558360 121117953
362404896 -183322196
-99546985 -238410214
220434044 181183350
-266796332 342946276
-181880657 -203576762
-401531664 519387
-8637824 -477205991
-188698205 -277427804
164296217 -73383416
-247404348 -257923098
261275312 -28718239
-221574547 -70244987
-332644916 -301979100
-207091745 -117302957
264957501 -55927276
-228317680 188599303
-123361230 -353279074
3489793 -466679557
-210753064 -173688071
-204059303 -250414530
302719935 -138407837
-286112268 -172999001
-71731397 -458997655
-326464948 114475001
-23704589 -456875536
-410775104 2946407
393527118 -187643810
390952062 -105376435
-85932826 418292814
-233500320 -96964288
274306793 387402673
214281580 149319996
-77234236 -234859377
397427683 -174049407
-217710553 156989542
404412981 230908413
264663310 223376817
413698857 103265111
237750385 -402669412
411152719 55975832
227945795 -228795173
389660295 -63666001
-441046727 -272249353
-477322664 118058664
-382839770 184996830
412710841 -311647286
176442548 -104739341
235987591 280757282
-129030601 -486301409
-124748225 -171009870
280330156 141967666
24943720 203262430
-351748654 -109352885
-241628123 192402412
193907145 -402713551
142783199 -405335170
-301910906 151166242
345062913 -252447390
-380168190 128011108
218286069 232980960
-94679648 -383459829
411337987 -62700231
256042164 97670364
199087720 -195958107
71811489 -448636435
278726838 153998065
-127946922 -327414450
97347416 229948274
-18926110 245070609
285324484 241530956
-226502352 1771500
138232182 248933174
-192662503 -90403976
384786265 230826862
-121543479 289546189
-193252921 79200697
49641672 -201131525
-60528740 225156321
360997695 -308014762
206769945 -186729109
-250691094 -63939732
-325997888 323939815
-205203898 -226187201
53395398 -385176198
-394933006 23080935
90322784 171415094
-430533938 63574706
-235221834 -146048065
-14912362 -397419723
-224204367 -150048576
262942584 -334986774
-422900788 50766653
372031985 255943166
402842090 -204969577
-24222825 199483920
-189605433 -195949432
-193445883 -251156339
-394150694 277557707
274098203 -384781822
371561026 16726109
-417387318 174395331
421756390 -39123148
416539215 26865611
-191843414 -253137868
-231634861 61595194
-342986946 135082408
-239206960 -144905362
389634195 92047487
-252212584 -34087102
347342782 128299877
277207400 -167124098
153328094 356309861
299016839 -361822950
15148374 -273916221
-165847886 341199946
-104184683 -420170766
392375761 48650387
205467341 -369544004
401296311 185929447
14860457 -246920551
-387866302 -215126729
77049021 455307884
96547767 245654412
351117477 115181690
-222963768 70588502
-102708853 -408964167
481801087 -161177352
-264165409 95205407
-76633285 -229880268
210076475 250063950
162224414 260643390
-68981893 -234278113
216104219 48967726
-133117527 428079082
-254380175 -164377515
427817195 145457814
-300492784 -155172812
-363773543 292815361
249963826 160636961
207911464 177041810
-39263727 -459239975
-181914568 79465363
-167600230 -422146987
-90207822 -235469956
257634568 -444987022
405608504 -170490470
-190489455 -220188440
30803062 -212502525
-203378712 101031397
-268074223 176348037
137054060 -330480340
290571806 -119634212
-233557243 43848880
388519137 70373338
66384827 226252488
-126939822 361189321
-431504599 -94387261
-113013629 -354875575
459541673 -108650169
164761692 -385573321
-413548278 -61648006
241831456 92301801
280595672 165688844
-285752085 -367747982
171833954 410150839
-111690371 -355022780
-219795611 32432420
-139882843 287987062
-242567910 -22010755
145766811 -194711814
-218585384 -206524818
-351613605 -309693141
256763665 -40854750
58928874 -438639730
-176648590 -391231948
213584402 -13700007
-53683845 -209623237
-397172425 9714168
-69468692 184621909
-194936392 403144843
-464245315 -123497977
186927998 -205175280
256046906 96676172
416007265 -129257066
-165285889 101153777
-121941288 -137163091
406783120 -13738183
-191568536 82037692
-277259604 -182937045
-352172479 -76901693
156413228 201112475
93115565 319429611
91341376 -477037165
99079101 -353035758
92914876 218763497
223095761 -396170850
381538766 -111344366
-405064006 184148802
-152776725 -351571362
99409949 369912284
-2626599 -447008021
339689617 136682735
180889206 54017186
326120270 -387084644
-33841268 -202024210
279742500 146727429
229428567 -243369198
-174018376 -75245743
341605060 73505983
399938710 -191359417
204831215 272821069
364206294 310846382
136398026 346872106
231023272 388349851
400517217 46980979
249349402 27174986
282558244 190330840
-269745982 194838164
-237361347 -277886551
210044404 -235436683
310731851 -412607665
-104374598 -487503234
-447482893 -268824787
219975056 250653877
-108900542 -425854612
217885648 -139656027
103223861 455863875
-176684895 -286607744
-124429420 158777447
-196950540 -322516837
-154667660 -306599373
-420022655 -40501987
-275171809 170282071
-218581793 -75694458
382345524 -17349265
-375491131 -78207234
159749927 337293100
-31251926 196595203
-61113157 431976449
-124528995 144984484
-205534860 10754243
227105049 -422734005
275078928 174527490
108048702 455691814
-322646528 327208055
266275750 207420927
84323706 -478672005
461624801 30633162
177445138 249468474
338235790 304786651
-434273637 190613966
483540767 89713755
-11421584 274815527
400430499 5046383
-405783014 213205877
174361284 264108687
-31783340 -229018506
214247511 128159404
-59784674 -345425316
90464193 -152120459
373692410 -172263664
369792185 99946296
220040551 -171437916
440011906 -109360214
108976019 229495740
78258860 207445748
160916051 321873519
-158817378 352196472
222765364 267233027
347666111 127933035
397629284 -173278380
-225021548 261510036
-65174491 -462450389
230751721 -264455148
-444846544 -264491543
-414522654 119244385
192973612 -356944428
87462623 243324559
-62038509 432057461
-198701648 -147878852
-291086558 -138899502
210419684 -396659306
-245345754 -155138577
-176995331 -226248750
162292669 -434169039
334321207 157224466
426513342 -109683041
-217988245 -223629460
226581063 242407364
322230796 167207158
-401439366 124905226
56764870 -256342838
-119182667 218194642
-304132677 291218853
-22270736 264076593
-182729948 -198653149
-238957385 307631336
349193610 -317503289
238668966 -409756669
218204539 251778727
395234097 79860184
86778074 -179483769
-18559756 -421162647
482825453 -109255096
175669306 446290498
240321026 64064499
-241017914 -132596961
-380434201 28564058
429072783 62761019
319200448 -212086349
237713972 -144938173
-295656490 144737881
-66585 212341761
-416635265 -321320891
-228642195 -200487791
453210457 -28848362
-359032911 -354616311
140548728 -387964243
-209930640 -174058694
333466798 -337840908
79474220 -428188591
-3818105 213003036
-89280958 -238463931
-370326994 70976533
165388837 428802137
216541552 226289400
382155160 -263783873
-221084288 -220166344
44118963 -416162374
-158625844 112796300
-76990227 -385006750
216836599 271202410
-194720283 -450765536
-40397539 265198245
205082106 21671542
-227550546 -173973441
38421069 407391683
254093944 242970586
-319014007 342341150
93167524 -150085080
431510275 -98260
-210423250 -213231983
-46837650 -449810830
238966852 50104529
-446152365 -212478069
46234422 -413208832
419611991 -141030005
443346336 -205335824
228887743 -166665702
407797668 125658669
-111447404 -401985981
-90005621 227070741
-155146797 434790339
-452473224 39763141
455465404 -152856884
-44915131 401176004
395498612 -238077547
242437102 404033764
-383079410 -264998690
191884482 160879031
-101909538 -217439453
185194566 188795449
-185358091 91985996
-223696117 -134579479
-141438128 -335331416
38442564 -462923002
121721786 -439641727
-327917259 354301076
185187005 -395406703
-146991962 410707963
-445696415 129865843
270543869 243140327
-183602542 301245515
-354303332 116655083
-238737153 -37263661
387309732 151691207
445983388 -7188154
335028811 394535062
-244903393 -239723743
65193035 -240674188
249679699 422864244
-369487350 -371249776
243321776 151564588
-221152973 113634844
108532891 -327677018
105180106 226866174
391606912 64765419
-99752535 271827761
-215505174 -213472190
437901202 -82775547
-124702645 382045892
-211479365 239520212
193390829 -374195620
423085685 -146277930
-265285701 369928706
-129389460 110409686
58223967 -387839239
-200693796 -136703890
-92464449 -170294640
-403823629 -74037485
67410751 -431647029
-392762497 243825035
-429380638 -90108311
83047874 -433926287
278271529 170727278
92110537 242769998
114687684 -416685046
-355420538 214813181
261289665 -157504537
-267442964 -215154959
-463897658 -132484263
212900762 -196050991
374325409 232601150
-46634011 -403664170
-35424097 -427814603
-267941147 37948152
243665606 188002011
317090540 189733433
-403017573 92018894
414275824 -50683974
370142176 89510832
-5745223 435521230
286489221 194282814
366819444 -272170337
-264027604 109509405
-110327750 430208517
-391942388 24259691
264240076 101480805
-169187088 121964977
-237496259 -36538064
-91263021 -426014676
-198003083 -262197826
-256144373 -364535569
90110583 -267778375
382574242 -18264447
213595168 34168754
241445227 221416755
111935099 205636422
-204587016 -283785951
-243515028 -24260340
-379162223 49241354
126339045 -417613195
-103140907 -460035954
425318931 -213866187
181197898 -96060676
254784197 228373182
-194216157 114469225
-248862933 -63554411
-70682127 -401633685
60522570 -171785231
136346186 -138390432
-463498210 -136062520
-280527821 133459480
306790072 324359606
-115074165 383250437
-219404251 394296380
-382310693 -68030976
210818251 254269406
-79633876 -196119352
-180158187 -396573401
128856443 -118186065
9366707 -256724005
-238161984 -34902711
422167414 -120413170
22366175 398465911
387792259 -45033416
-279312100 188848136
-60822854 -393681759
189017784 -326810595
235689731 -374911645
241469317 -94970413
248335278 74669592
486410102 -85377467
72494701 -282194604
315086048 -395502192
167101800 371038071
-165075 464568395
406176462 -65616136
-172138121 265546693
342035789 170698688
408140328 47324550
-242392754 -245598315
196476243 -53437113
57258464 -159576390
363366663 -130387250
71527281 -466289843
24505065 203442429
50008075 -163688046
-205573159 -302212506
65949677 -245753264
-447398869 13866226
141119240 281754186
-139292919 144006179
-76708383 -434259075
70918142 -380830897
-109454951 -364335885
-450039619 -263467453
