1 700 90000 100000
-187412824 -156158849
-478859774 -181174796
-16743713 -296648051
228885839 -68868920
391223038 348420573
-157888304 -82787898
301573442 178479820
-29380683 200416286
-87352166 159507719
57575626 -253199444
-72062181 126077618
214137822 -184813260
202159297 -341874755
-35262686 -319649422
42792537 198391758
-54136127 120430658
-184067654 74518813
100266 311979589
-486912494 -155600802
220122367 -71355947
-254280533 239977892
130013855 -344191088
-462686047 -214797399
-440608356 -506943062
279343950 -149005313
280205268 7174636
-368339886 -241681896
-429121051 214185839
-26079074 -423524667
541089756 26750098
-165687470 -163233508
287766479 43175796
266435230 -311179110
19517799 -438460774
-85822389 -295888762
29957909 123638192
147964292 -619633010
278134727 -418759967
74368496 -188786133
-296761426 -279967687
308509189 -242583562
-54196260 -212399810
-130252018 -239163047
-109310662 207414902
402094801 396113669
-137456172 219447279
-292209098 320653748
359330653 235300654
-416997191 -8729580
-316066521 -183598161
325376248 627223421
121887233 -169479559
-20262844 51450495
-60823086 211240790
1393166 -262942103
285315939 330261477
420927885 51743055
229060403 -424893935
-60601229 396162523
1873726 371364453
-411831111 176834895
-495166933 -36927395
290952535 321363476
415227589 -311866091
-5330898 -122719789
58185149 275584803
293204053 -148625518
571261531 -180318515
413267457 134300147
-295844379 219325710
191950261 -242159642
266206069 -85462035
-30725466 -307848862
283850135 -162072336
-440702028 -28321001
-408884697 -233429091
-86500768 223003400
308255150 -65606914
254043205 -106539296
-251808568 -307174254
-354415713 -226785132
3013869 216181721
128009102 -78673285
-92928975 -185906267
-20983730 -396245313
-257545599 -262081422
110421344 -57593021
52032061 -216245211
229267086 4185864
394959361 -347592148
-265384806 -101065970
-558180008 403471247
184544045 -194385942
-227095265 -73816976
288307799 29840370
-58368628 373546004
316703727 -136232379
-378620491 -232953949
548629636 -157533556
-238772264 125883061
199270982 -113322676
98611399 -161433997
-66388276 -213661060
-151951911 -216318520
-131123583 -191852622
7643586 12368823
-217728680 -253587172
-24521242 35581178
-313634803 -95819039
8126003 -155612510
266310916 145789343
-241500813 406822375
-255245259 87069894
-252163056 112507339
2895389 8108766
-54617027 -40884835
-189369755 -55191135
33568417 -24951982
57953182 -309929206
250606950 190866810
183554110 -106782228
-75954846 165725966
199961429 -168440647
238917554 -395094923
378532231 -238436575
430728509 -8467369
-139293818 -194387102
-392329139 -177381010
-143409325 -318571744
-379628347 -299455468
-112881229 211160247
94795075 -13065004
506446649 307063900
-323007556 -158356828
-510072960 73097145
-299072916 237020832
-95276383 -95277024
205942110 -95099147
449383095 -54783612
-105915679 166970079
-286870809 -243757739
168223226 -532848753
213114909 -273739292
-198529933 -220581341
-179480131 374234965
469546734 144407521
-232541749 184015167
183233526 -554414
36355598 -498986026
127307105 -155729626
-437002757 196359422
187321993 -290623259
150484227 64632009
247120751 -101627702
159583015 -382577920
-177729421 -327492029
-20667378 1598933
-19333318 31463990
34310733 64136364
-177964238 -230917025
-493101333 99863437
-39098615 363010519
-63893880 -23344248
-43147233 -401029938
-31237720 356962403
-421617034 4975890
311075302 -138107678
134067071 -290097742
-5606844 6127483
-464306048 -270491059
-208210019 26184607
275355276 -288204959
-247253452 3331217
41249173 389525223
236803049 29473079
-83037962 -250236911
7656693 -371934266
-169169158 -376731850
272266374 466814587
-9332692 332696003
84283638 33005203
102169020 77330851
-234224409 -336287260
112680186 -348888451
223235608 113538481
-41474032 -568671836
253011301 105108360
39239382 6794744
-415515893 229093259
23620300 -163621204
-49143122 16266166
418755088 380379090
227415102 -226600950
-340993211 79014872
-166258752 -136409456
325279683 151089485
-137566739 -97154553
385905305 -12000075
283811050 -256566384
-429173466 -240903867
-230433619 64930644
390442761 62292468
335623528 -67041162
399582997 133281886
-552898967 -393093901
-22861671 76185451
245469875 54758642
-134770541 127148521
94903200 102350975
-397256242 -473808650
32834332 -158092607
109841911 409222894
-181030047 -248831035
-121300013 98562910
120498844 303244081
31812915 36555743
408928895 244713519
-346140702 -13504154
-79973384 -82990711
-10788147 -103470261
-108189507 -260152851
90952308 182516481
-186751971 316281087
5775212 157132539
-227440347 347796140
256658819 70612449
50464173 317984988
424125572 41454817
-209560559 156634774
-182373919 121653997
-37703967 3188923
228029629 -288796198
-63911435 115314997
-264085219 301896754
440089367 210914392
223577289 28934706
249074947 -21579571
-460704302 -8814700
-90690987 280354583
97644219 442427571
412490137 -103943660
119173152 129815188
-16387990 233203547
-353447622 -249955542
-139143573 -163413409
-191785730 -342629639
221953196 -411157592
-648080796 -120370456
-118713164 430610407
93226532 144606993
-235368196 -384738070
1882345 2114754
9331200 -280632551
-201994769 -229301293
-85227501 569583305
79644940 -214605513
331498312 558983679
-175980410 219084482
151003376 -254465698
35503588 -230355528
517108160 78832325
466590642 -33941368
219843750 142076377
-256846943 -309884415
536132370 -60252721
-205582672 -274327732
123451314 -67819464
-74914236 -111894683
-105511276 418531612
-184415631 256170443
247858222 -147718799
-565501009 14863419
124770453 -346142057
207005280 -124573384
89183308 -214967530
249841999 -62125130
124845559 -320513629
311067060 -30036864
61901307 590098813
-372330187 -16819231
-277745946 -125722787
-498611086 -83898691
-259489404 83544101
246170495 -335928782
-282819435 -18163770
563512469 -261312148
222404615 -198544049
-481279605 -43094503
148864255 -55870588
-220298266 460809228
-110355330 155995592
133895330 -91907926
110040328 246289275
-445715166 90878137
-314469537 49196741
14163389 10343701
34771901 -470768105
-416582506 96471561
-245917149 210906163
280135086 20522441
-30088829 293077631
66196065 816043629
135396197 -324999317
197355418 -431423490
473407031 -21655424
-330517983 169382683
321461547 433855129
265184270 -270685486
469325848 449620690
449149442 295127264
-71309214 146717248
481738299 -164165014
225780492 34273035
-423134933 71560280
253341631 106699111
-61819851 276036150
-302778255 344523093
-180947919 -434284104
247527168 -215006637
132603470 -9410277
-366622991 354571029
205741782 -350860015
-23773905 15544209
287703654 -108559261
311610523 -107038022
440283129 -529968327
9689143 115851667
138881211 94919370
227608868 200706076
172248244 318284117
163560022 232435721
298634180 364149571
-112289117 16827443
6001847 334162814
-78700520 -121954825
-48927148 -379141833
-349994717 196908467
-56680473 -202858895
273645039 -224001171
124597019 -177607616
317388704 53440056
24861264 -239688928
298330665 131145410
256268335 -103848480
-108562985 -15589364
-125205429 32289387
112445033 85027902
223432087 617854357
-182408581 -146735391
-492867736 238961023
234153959 140952658
225475467 48473509
202138310 4865039
-7647081 -302503124
-156160754 403999612
35423546 -223155973
-368660765 58326329
-269691477 323905753
309927837 138618470
-72247255 355395136
-199060565 -24065239
394108402 -55376673
126335886 84960781
-204240733 -80906256
-382737483 -193943772
-502283887 92658264
236209841 -60197179
-50061022 -380340298
206174252 321903645
-256186675 167754508
-130732999 -166424468
-38010347 -250840302
-198534420 -475652271
-47114180 233544950
-162236802 42041865
36408148 44197402
-415832088 81005516
320350872 184540846
-355648067 160273414
123703173 326217344
133605784 51159699
-255592839 -298767260
71340164 -417467276
142953491 279932003
-148555538 23845289
408095734 -205361370
-163469552 -379094677
142675836 -10752432
249110 -355072456
394489460 -109967648
9121776 -17198636
286587366 -125743875
-10650660 38151898
-223161937 108743283
60156678 -335353796
222747662 546387942
239070106 152820121
126200204 284091742
-216832615 -64757130
-232261581 75778012
-144401005 -374099829
223141972 171248981
64128735 39636678
77159979 -300587662
-155838240 340267340
-123253423 411368452
-204453992 -87057402
-80019490 -65020614
87764683 -395654678
235547725 -155072185
361326780 -216178682
105249587 43178959
407354998 106649671
-227661898 -88963128
310730882 502443320
-101263245 208889538
500078288 -134954324
94819074 -559222924
448858978 78567215
390901461 124861762
133774451 -124311004
65907816 52485689
219836620 -288438317
16751769 179773163
210595830 -518306956
-134107319 283808754
-222619471 -111863350
135354265 -170961543
-296487021 -292185142
139659925 -309811956
299185457 149178765
-36864374 296902674
43261228 144169082
330779309 98260960
466660901 258667755
44312645 -83838100
-300253076 -185679713
-318135363 208100175
-210191681 260884267
322558508 -359649072
-324085555 -55185397
260813059 -499881744
269837076 64810891
-233381317 281154078
-5995321 -330611609
-144568532 391054897
124910969 -65904950
-295477615 -363695722
34722785 108175568
-63478195 -340304665
-48897039 -175697120
-280432453 266078572
75848147 -190795169
118376934 -481469502
1909615 34366232
203733447 232357127
281187251 -110995507
-70884140 -419247048
-14969385 -39975815
143030413 -20576715
-102716099 161448091
-397451711 5814158
-58155441 277241141
50446682 170886992
-279026466 33168927
-179062990 51542534
243947920 -421339458
700684563 -40668723
-209743995 -110101340
-230062432 154881351
-10437313 306580464
436187726 370135730
-327703578 186376807
-352740735 240343815
-139159156 -449513073
-377060795 103275293
-55509593 -122180749
-208148163 -466661291
-112370198 -46236635
-172690216 403885939
-56084572 -323110998
-301881157 -106903040
398102058 -33177329
-17330319 20431131
112409625 362969944
151864109 232157576
526421771 -64631185
-173406638 -116705605
13807180 183069129
399354136 -267641171
371351237 631119053
-20803335 -62863113
-205503238 -10529503
-188011792 -406839142
-31372825 252877692
379001828 -133536017
213940597 -41869655
-172429605 -782915375
-444192187 254810689
446159510 -352688056
60107455 229705773
-86826061 -68660597
-210437270 -62497539
115306228 197283947
472861322 -190796782
-262872481 -127418034
-417512865 175408298
-58621073 372720462
-65762314 -162703215
282670449 -157597022
54840590 -35144779
-167753682 275595643
249498776 -275466530
527561763 128970808
-194317823 241644577
-298816608 -86593033
78415529 -15939807
-336704511 -54774937
-466465291 -56377081
-120873901 -13751692
100027737 52314703
46254644 91270963
13321383 318731
-172597069 -172968832
-49655863 306518472
250693332 278240400
204579591 -106152711
284724821 183515651
261351489 255090433
-81602549 80137510
133147880 116475560
-221213157 -82631978
88538224 -274442735
-135795248 -340649991
83322503 6845362
83687210 -270252271
104966719 417563821
-430380424 -33780600
78609397 -436704100
53753594 30567331
-227464062 -313291149
122455592 -352102479
278109059 177895258
-63216831 76189137
-103324674 58684307
-243034811 -129584962
-444400130 -84718299
-401536649 -169695417
-518843123 82343186
317207 -103791681
9108855 -240062142
302662950 -33539811
-77711408 314902553
25003080 378359735
-180530197 378806991
69368763 -355333710
-277643707 14233222
-87318485 57047562
-117667836 -404012882
325805608 113067987
-143628168 345803949
474982339 -261897262
-242032152 -233985620
-138002336 -65170638
291161617 132677789
-249124610 134763542
-46336115 238014933
344666721 20225230
-561620485 551719960
-232865978 -417738064
444017036 194289023
301847208 239134233
-239355568 43461868
-121518535 274338138
-48443261 -49811229
-85662289 -306466963
-25103431 -25934480
402124366 187481311
261140939 -189309982
-293519400 -103238858
20852451 -240562983
350987689 -384566745
-331182259 -95329805
-345980441 82893052
-25897277 176647416
-106850245 194448367
202415675 96002515
345139704 -401694109
-178403394 -96182698
18966569 44793244
217128559 -370869173
173483489 -157452830
245474747 -210911250
722229 133689
-153757213 199404145
160100699 -297023671
-80433213 -550603142
104198596 106228987
71717531 68465409
614831070 117908361
-110783278 -7326135
-235024158 231286996
388651108 -283649869
221674559 -92032363
55171189 182343541
208054258 -522871397
-333080911 451167913
-53014053 275411196
-618541817 588429101
-50242705 56605874
-271426071 -84367437
219687350 -181621178
-243504274 -69234027
-169977670 184375551
381370480 -244890246
11241186 64819739
542614345 161536022
-225030419 -84624630
245818948 -17176251
-383803222 226889691
-80115039 -430092727
9153182 1321482
473794604 -77523524
-287441538 -201528226
178635221 -212454555
-320283243 367018268
-53194266 -331130774
-13542176 157866848
144067949 135016802
854114872 952323945
-423637798 -65247573
-274708766 272278651
217409613 -255875092
293520293 318077787
-309300736 -362599102
91592452 239872924
-70004606 -214510188
85201366 259771261
247065798 -328290905
300718545 -225598300
-419046100 -2165877
177668263 168249861
-253067453 -299421712
-39925426 -31788714
-376735054 -240459982
167785165 303517609
235016586 198192542
213794793 41760232
-234757200 252811549
-303172431 128676734
-19931034 17781277
164299590 676176400
23569800 -78371027
-189176333 179045300
263375113 313168111
117978827 67971104
-130347578 333952914
155281734 224728558
49052774 -45556427
-216190039 371542668
34686095 9984206
183775670 -288578352
292979039 -169183987
-196412391 18289345
-270982574 470679375
333494794 -101420212
-225310367 360898872
1152320 -378853
-156724527 -406391113
426379755 123249144
201432830 -18001411
-36531986 18441829
-79877924 396720197
246122758 -408336796
-74485345 -350833832
-271205551 -16172645
162346880 59941254
356979323 121107654
-349280017 -246841703
-234324471 255073312
-5688752 174951536
-31119071 380511606
239670456 74593899
439356592 42894945
376260502 63884363
393690318 -170918389
4906902 248252638
242446978 368160296
257817103 95084257
165600708 338395124
106308608 -69383096
-90380577 119993950
308006566 -137936683
113047717 254098908
-176056080 196520350
106371600 -150081043
58982346 437507558
105139666 8369956
290124814 -97150238
289185888 -160896013
