1 700 900000 1000000
42584480 3986302
-31932378 -84782661
11491998 -272629771
135503619 -100075316
-171332812 30147690
-34681409 1269676
-32982067 -137945853
90032398 63388837
108510858 -25140590
-131645946 -108263179
-86129327 -201735845
56938124 -45651352
66004922 -153121146
21397518 -11897450
-47390332 70201417
109389653 -14664679
132361018 4827024
32703467 45806821
-170855455 -179963899
16503854 -37416181
-130015456 23122682
-100221559 -45413719
-11068314 -15624181
25766683 152464265
79740941 -72348682
-50499533 -78714135
-136948058 14916712
-137715706 170450215
-98206272 -37426090
-7475189 63844388
116953128 32409146
18405367 95941472
186543024 38485341
133327100 161204036
78996839 -226862713
168982749 -17082595
5100146 -3925944
-93310177 122404856
-37876096 -28894711
155309036 16269860
109020077 -86749657
-74706487 22418582
-19254479 95387853
38086468 -127787898
99189794 95546239
65510879 36800007
-161144955 -105376503
43990521 51098141
-37808726 -53162557
104899028 -6148151
49488112 -206263425
3748787 -43504049
-92600386 8215504
-136369466 25201805
53413746 -83954973
80806112 -8931999
85621941 -82327868
12546797 8344515
-41640184 -31674277
96873147 -29862020
266295377 -79960489
87297205 35739824
-147038091 10495337
-23721179 -52757176
223685524 -1228942
197013859 12008124
-2157982 -135713213
75410185 -42154569
125525018 -206997731
-106770999 10232100
-181686730 33675502
199407960 -55756437
-8823478 -168647598
-108199761 69045413
-75591947 -79145868
5811277 8741420
65505504 36983597
-2140985 153476054
-16642216 -69096696
-80168695 41352783
7798722 -52604291
169152012 -164950543
84676423 183732412
-38329111 82222163
-153156126 -35495940
24166932 15063341
59463693 -164134599
-143728272 -171779083
-32743982 144143372
53607145 110778515
-75216575 200514623
22905479 93551942
88553991 17725039
-13608848 -16743664
-14215764 15102379
-31123484 -47819368
-81095972 92373422
20712956 207288880
82286831 -182137050
-204920215 66064462
97293522 130998315
143438324 75740756
-46380283 141406788
56460054 130757768
156412133 -144401647
54872084 23001024
-107223394 -68701403
37595986 159959349
13583405 106777342
-8481130 50347718
-4157781 -45488078
25663548 74802558
22735539 162369287
77589743 -132442577
-42535332 34097479
81221887 241714510
157405702 -141848518
-78135050 -20625163
-148947601 -12141007
-106187886 27850164
26449611 62427064
212279925 -9398874
22204208 937177
-251607030 -6465224
-89792964 131998448
-3638343 183215622
-148796299 -84490028
116017928 185814301
-12069747 101474999
-43147922 -32989340
100816702 -127633113
1151716 -560077
76848912 80442621
139802833 96886324
-21464559 -38713234
-130791196 -10116335
-31565060 -20680995
10648802 -64343085
-228187568 13803952
-11207595 -48945215
-82653017 -107627993
58530587 51969819
-255389368 70208761
-104722724 -157423133
107665698 -101908859
7674920 112089435
-184318059 -135392549
-16434723 38550807
85013699 21662479
-123162516 30420747
150985674 24195545
67427266 12693157
86209709 77467070
44591931 -56327252
-102125882 -50358011
70359611 -139173042
199913513 79225269
23535510 -61939174
-16110003 -64941847
-30552646 -72897330
36003391 -9102545
-31903261 -112511239
10116572 -4822512
76800957 -80396110
143948367 200784877
-267984397 -40322407
86342310 29026586
73250488 195790015
-42191561 127135910
-45271742 -150123005
66054458 233857736
20942919 171379152
-125149185 -223068654
109629635 56684078
41276567 185012046
66604262 132353079
90118810 -91144281
189439713 16634403
37446832 -2174642
-157586568 -46374520
39125286 47821608
63364665 -70048592
-122758131 13692741
-118576964 -31827292
-70316262 81350635
-33183565 -105580207
-129202959 -104047465
28980309 -38572117
88605807 58826525
68791512 -13973819
115882057 -2681302
97571044 -149630447
165208090 117680737
-217805704 120770431
-106265755 27153441
74424542 -146878864
-15620839 -17232656
64903179 195696456
-223477186 18149960
5141279 71924871
-31988456 -100769727
36607355 -61302681
-16017556 78433610
-139719164 14345978
-132900084 14556116
8213622 -66760820
30930438 86223068
-26965325 66243432
-189952557 6991028
57443064 -41627363
-82724901 -3241166
72734122 -84321359
-164574250 235370488
25995411 -172726772
-161745665 72988891
99437811 47944829
-111746536 -89971887
29808425 -3873793
27759532 -23240063
-6116036 -74566584
136229934 -32174536
-33042600 -3452995
2092923 -4371527
155811928 62867686
1888911 98108302
-138242880 -60655799
-144688273 101667160
-6760919 -51438812
-48323086 -57074986
-196603035 97377368
-12371823 -48386825
-1570367 -7623469
-90197981 -82830823
118577106 28005374
158318391 137164606
-53220832 -57708897
56405194 799684
-107725876 101509571
81083732 -90777004
59857595 52766138
-97168617 -70532051
-95918351 17979742
-180507298 52974585
36881662 27867613
80747300 -81025821
162745029 -155168224
-109630152 116167410
114726120 -51547204
173173753 -121295074
-13908507 -13311142
139106271 -84659749
242993677 194518287
177487626 -36523039
-42412795 93016252
-87692636 54628173
-64741536 66640586
156803283 48812650
67886602 -4989395
-77683693 173576656
946701 -171608133
93155224 -37751305
12317316 -106514413
128171062 -116524607
27131358 -112356964
93897189 12985311
82640473 -23413586
-100085330 -29029829
-228167268 -157563687
99507120 -78855264
-11061240 8076363
-175521902 -56779292
201624463 113524252
-20905813 4614607
207838051 -7234737
18679509 -154931345
-42810970 24915491
168821015 57397795
59621308 -135145171
-72369651 19736482
-109378453 -20834767
-69216427 66802099
8984578 -102211094
28995416 -53438128
96347907 -3240144
-66403966 106416788
-149452696 -142877848
102726044 112670320
-134404946 86949527
-64592758 41596786
-34124090 -8236493
-188883880 -140014743
35025009 25837883
-12571396 -32012124
198421062 80287626
-106639942 -87197638
-9220330 -44039919
-172353699 2418605
283379705 -125266581
56290215 -89512395
122323216 97432122
10187671 -31005760
185661667 187360811
103238407 -121620830
227497025 -53914607
-178574844 -45397579
149317175 6504708
69574681 -124741073
66780314 -179463923
136762201 -26637624
-113057316 -194614565
108787371 126123273
160078080 161369516
-203268038 -169769686
-99510768 -16681174
-124518061 89597899
9237695 -199883214
194613775 -27583009
173458657 17303009
-139773643 54148245
-29535839 -127638389
-86456177 15933792
99667293 -129745828
-66924465 -22449298
-140222922 48853638
-145492652 118634129
-90258256 -87456379
-1938462 -157787891
-71331236 -4487619
2150600 -1873049
-115100482 -7835751
-8643048 15226263
112397096 -64801436
142100123 201539675
132051984 -53753101
-52566772 -151438474
-204212163 -102327044
100728222 -172045136
168423 -89006432
60953458 83427584
45897225 143542333
-62122571 -51232484
127737635 -109034727
-147605556 -119379064
156623727 59748923
47886200 59457447
83900071 331707
-70572642 -74445586
-48871262 -15630070
46488845 125896206
43742585 183754677
8760441 25040745
-63715387 123786041
95705441 226295210
-32008257 -112965564
-69924075 -23264892
125656672 -110265707
-85110801 183995773
-126006822 220140634
91950304 -70545117
-219589434 256592072
116309046 -62058975
91210264 -79075031
-1237507 60898266
-103549607 -87062541
121494677 12805912
111731921 227244584
-173678797 -9473722
33623954 -160552161
-5189997 -161262566
-58101034 78371211
108342223 -201474146
30854149 -21917266
234294309 -2486609
-3537761 -4908121
130918377 -14881440
-9288764 108281315
58939282 -135149793
-22089686 110922598
181905749 18051693
-56072182 -34986429
220281778 111912428
-138014236 -84093092
-161517650 -56128567
41297920 -167390386
83495551 110848480
172403146 158011120
-231959468 62257182
88182662 25394491
-175295264 31998212
-63188925 120788475
-33997781 -13510612
-227326581 109463667
145663934 28378852
-91849739 -13805488
200453613 33079498
81161990 -115786976
171621194 94769075
-15819213 -129669603
38295824 -12549232
141057572 79560549
42642572 92795464
10016579 -139506015
-129094258 93132421
-48531388 -234408165
37663434 107937899
6986729 1254585
145162239 -35664352
-83352194 -107876983
73256827 -110547432
54502815 176220450
-216780104 166017942
31904686 -74947347
90892069 157698378
114329726 -3838953
-152780418 53826141
-183377689 -33159740
36367800 -29103539
6323507 60909322
99450784 -150520821
176143574 206260067
94816960 -150676132
-38743998 -2726675
47787890 95373734
-155301100 126083963
-400113093 98344754
38238326 61145311
-59589942 -18429075
-29994023 -34279587
27167736 36692425
12451511 -29786107
70264803 140840760
-78069881 29591364
-4109897 19822589
26962369 213629184
50872563 -193658698
-121934921 93257618
-210688790 -62569162
-2697219 -105491491
-10159055 -182771909
152490801 -286561297
-188151425 -6922902
173915969 28661465
-127126679 -117842348
-182246027 -112928290
63589 -114539462
-90746621 60364331
-69578275 156048514
24630117 -142348542
51029269 164984908
151040475 -151318944
-164460862 95422779
37317209 38535896
-68938186 95242198
-36095397 24210529
24702979 -91291120
27465773 -198526851
-82635638 -1535182
-85742779 -77385685
56512413 190218240
-40560966 60992887
35261196 -154066907
89683048 4987694
143096248 6185717
11756108 142561368
-141933670 -171896225
37522323 -22714019
81448741 -106083428
-38312706 -72239353
-63665138 265506663
-49890401 70396632
-155404599 65141156
-22790447 -99722363
45991491 -115143764
55035693 -146931404
-179182576 -130507998
55819821 43036308
-159121624 -80300313
-111744767 107671030
-41288688 22380611
7780514 -308587
46243733 -188029820
4010973 91699844
-73611678 -176507751
60429329 16375010
66825831 -102903022
-30146533 59820131
200558397 37457726
-49666296 24213787
-40147650 -51300143
242008634 -96074354
-5183703 1924145
-307858916 10083349
17441638 17739332
-17237269 189075946
-19106792 -98262268
-139219522 94340517
-129341215 40853995
-213724693 64537015
-421609 -87361
110925202 -9921667
1993578 -37148503
-163434273 25105501
15438958 157186976
102301691 61636934
-20119680 -10499305
137755111 -1673897
-127892681 92711459
-176979777 81653425
110828921 48972497
-123257878 -154826028
31345261 36945856
148685636 17695389
-19214640 -158975852
-68710843 -137938477
-28417099 -213009022
-34214483 199293546
-112343754 -58054752
110656260 46122295
-173996159 49624759
-66199734 771279348
-241427647 121317129
101717906 -116859660
-4475669 94318217
-124707928 5676876
-36102887 64600730
-86125725 37043306
183449925 87876087
-122039390 79137384
14452143 65424813
-102725066 -145912201
156174578 55380303
-86530146 -285339277
88732702 85406616
207469840 37300466
1366088 -4440034
190598010 -50255565
-66260014 118628042
-208421811 25313581
-30767790 -24630954
204248128 46550707
55164340 -58086836
-54921330 -34773491
120670774 -100219387
36837741 -13939892
-60111008 -262159736
-142319437 55860880
-147541178 -6040721
112785610 76584417
-97038754 -303466642
-178286823 -55723411
-7958339 -71696635
51939871 -43252597
131226135 22431276
13576930 -288285661
-178680940 118042926
12186726 47926824
-4095593 226536409
-40786515 -221340596
-119902599 -22049277
-11557958 29983580
8903189 -12000317
-10659775 179808409
64669811 -66193969
-73085598 -100696641
-75762789 -17346807
171789155 17000084
150115074 -114163933
-14526596 -186332550
113743661 -134731634
127749400 -28309149
19805294 21351719
59298277 138836771
-105676613 -47216210
-1910313 71757148
-147924623 -39018808
56900853 -80357649
140779974 52927348
194593339 -65011487
98660326 -12273793
-155686655 -32115326
98963339 89631758
84595283 -81488134
-105088838 -59097410
-108970703 -151723827
-75099899 24984386
-153757959 138642996
-54148070 -107271171
107998478 -73363460
-92424147 -100202283
74696255 -9151784
-44389650 66453096
129233206 -81694966
42200953 140834022
20188668 196685917
220343379 -45755660
-36903683 -92171424
-49590073 52065818
-92747125 179853656
-180160620 16560017
-30574618 -32221552
132852678 177291503
-56870875 -11018810
-260218725 -98561176
-129840859 -66938276
117288085 73202668
-177539166 62439839
-169565709 -167043536
-136739938 -129492797
-34099973 16793581
55022234 -25486031
-98884860 48211433
-101729481 -61370864
-135755880 -90504354
-110353708 -43431682
-15570749 -85539067
119617003 121630855
-168796446 -93429042
-64452842 2817953
-103466314 14209172
-80571894 198951998
-30145341 121420259
54865366 41135562
19409395 -61286138
-92369067 31913447
210046442 -6174005
-96722304 -21986366
-2644933 153571715
22527210 77660812
-102441935 43123225
186432635 -120179850
-155432872 -130932497
-68113925 -164741172
6470168 -14120676
-149719659 -49670855
-44374966 142079532
-65918078 41413975
-33971763 220008894
113604034 46523761
48990284 114483356
-93194326 -168055530
183087044 -64393986
-52924943 -16872757
-159875389 25161439
73997283 73458138
1668514 -125449410
98885684 -16107148
71467986 18105857
90532737 78159695
-197981029 -93362776
-2206312 14697987
99465433 -70391645
184985685 23907336
121967940 -35153229
-78360996 -51042252
42208079 68251613
-151707703 14155006
-88738786 -85883491
-168182792 23771333
-47858276 38053906
-146267884 121623636
-25031201 43795344
70065206 -35302389
-65107228 -124408313
-158512670 93425918
34195638 90148242
53988060 49750224
83858979 -162425624
64210255 1490802
-223239737 3390720
60698940 133358855
-128316960 -47306243
117033939 195138773
-115408739 -92016826
305983921 18043066
-56578375 194057160
-157877443 -50118673
-36940464 34599438
62131623 29444707
-187397536 96334517
114258770 12224694
149459553 45690557
-59573872 -22825681
74292661 -78191371
-255743198 24089264
39347665 -93314046
85380826 62167286
-15725313 156130029
-62411162 -153043190
-230080120 -72732168
-86178125 136715974
-130722730 80615817
-31487543 21173674
-24728079 -86119230
-128939238 -27124232
68334050 -199067031
12999076 -57886689
64801810 -32368338
-31242342 -82379619
-30142818 74025688
-120784004 -210279330
