25 700 9000000 10000000
396804564 119818690
34179264 -827769901
-618086057 -650107033
-743685046 287736380
-288030492 -317895178
-349306038 -494529523
416480854 552649085
313902002 809817774
116535140 787804831
91522821 -161765688
691675948 967384432
-857081554 -673307806
902341802 -328643919
170008037 -973034165
-554148473 508719481
658426821 -432611428
573859738 582867456
8219542 -167525062
-798722601 -256051668
-141996165 60494896
-6025831 -723514300
-704085938 -118559452
-691426821 69886186
-765436313 272530345
-690533850 -6564237
77954433 26880824
390973771 285194867
-619947378 -41976516
-609415503 -287866245
-707398061 -189846275
351865547 368931507
-224523887 697434803
179484856 -785431406
333693532 200072391
614230827 -559426114
-359137876 442089002
-224721699 741346692
632688831 846874103
-707398060 -189846274
-777696628 -57891064
-360916241 139867689
-346058219 206574046
449931564 124178203
198488074 92981795
161083125 -717745200
165187932 -963699765
377097995 -432399613
198587265 330415078
475488611 -22270390
158223620 931523234
412063345 578113916
-123578993 711014345
-282172046 -360773606
-30190439 -128940523
867129782 -545477523
-628459128 252324593
-403077719 100380470
-14715223 -66745098
-348366513 -285506142
-707398061 -189846271
582029774 527206511
-485717443 -217758640
115877734 -131089564
335287144 359018983
21713174 108028832
-806280620 68571541
-703268808 -242517121
-421154647 320139431
-204754531 718537509
-40619457 -193657668
71115785 95643125
-746236590 26923407
355783779 -114062072
-708616834 -208252342
-33250121 426011282
-248239065 -357338386
143700137 2167619
-348171751 -794447058
796568470 -517463429
317094060 280904547
331810249 -163590779
-109968806 -903903269
687418059 319723721
-335503162 -316749546
-91224366 -66110591
-272182288 -220200155
-613757996 -323356525
-548658230 -244367087
-942881470 74478840
205056938 597182820
791246118 369390904
212151556 500087830
-396627687 716172764
-196345202 239013378
514176752 425689416
-272238502 741051180
-179890003 -234068706
-398560708 398944760
130086632 450421799
68043638 407368825
128428618 888825136
-62787515 -17289733
242815529 490759460
-936785971 -122582480
-90364024 247085430
233480240 522539316
-707398062 -189846273
-73792691 470826035
857032406 -623315942
-742277662 -169641712
-430419061 224044227
228861531 -455116581
462672974 -245205325
-707398061 -189846272
99495906 120128701
-696856880 -830609505
-115012649 -844765017
578526928 -80118811
-65940801 -173733098
-167457588 596492990
991225562 547876055
568875485 173792142
-807830514 573247318
-156895917 215973089
718919723 -908800759
-705820878 -336333878
203188795 575934490
-312163054 -50213211
635030411 -37097189
-172254070 -200110723
-417180735 434719856
-411097825 516283452
512903354 201227978
-328224749 -64954033
275225000 -140391305
-50267742 -620107555
108962515 -125633506
-610614844 202342928
133294772 79953559
46183073 -428858024
631941790 98856394
-305033055 -963367292
-10896123 -450785793
-202444592 215294149
-644356276 -544489359
26057365 -739556989
-281181848 -698406951
630517473 504580479
107944968 -519672744
-524869108 445494734
-878463878 -306911116
242841439 -44573501
-237957308 645787876
67952917 -767158284
243714295 163274554
-275046884 -177006818
539239175 3352969
-435067162 -268030253
218368814 20250721
-465488992 372957233
470365251 720229771
104260570 891711364
-419692954 -14889150
484793532 -474223276
-153680107 565750352
224299409 -368019152
-232843125 692154112
-707398062 -189846274
-558341292 -611549687
-90836251 -391172034
-707398059 -189846272
-118436106 661720474
277083133 781292083
78148770 933967847
254552989 417919418
-235342242 571790637
254844215 -504360491
169537432 927733874
192199761 -14348351
822091997 -166333323
781396430 -265494866
-2565796 -11170065
848881654 -682075522
-209509233 398446365
-328715727 -67475826
354236792 465703805
-234583132 -539673150
-334669634 -343422768
218775617 -53412619
207894571 176108693
223658134 252796275
98023496 -730096472
567990194 -789330729
684409541 264999223
139949857 422835275
242144375 -145107094
-166672012 -541224044
822384102 -385362621
750356234 430164745
532571194 38607964
103162962 259778715
-427241307 -95362861
861985727 -303374854
24351001 537514540
-646955562 274406895
806041720 -42351295
-254153824 311712342
675455505 308753652
729576230 626813873
414789471 467269652
234777996 -561268073
735352819 -415780554
100622666 -681683760
705825634 -396246976
-415427843 393836027
-106154596 -224514174
17661709 -85142762
321888689 -151090432
15934116 490621906
751239779 -267234157
95484332 -892663173
-54581496 305208416
-114015358 -705876279
758367289 815448711
-494985819 532077769
-861265726 -619653084
-707398059 -189846273
-246156351 141472766
432711866 -46382918
-487900836 509108993
-334054800 -13816749
78630754 936490134
489500581 -781890126
529962389 -438648941
541558613 -499599132
-813253599 153613570
-129958856 418248507
-577991214 -743079308
374886540 -682891619
-707398063 -189846275
-220195549 -2121172
157429379 -148917849
-335535426 -545544875
-381178273 -580683271
-658778298 415168307
464012763 826219152
239997207 480730536
279710961 417514779
-462196073 255717765
-88517670 131142109
169157930 298750346
669273157 557815463
406888294 -306613362
260084940 -113589877
-276323184 -200928320
-272276812 -749230964
-754986168 176408612
-20833496 1199639
-96680207 305504436
184008033 -530064622
-909521509 -248856258
-712613103 -353135484
-488451013 209368428
404932483 -42086950
324835683 -747286913
-601466631 -295557672
219479545 3926623
-271090369 -112914852
-574687602 261403617
188502038 -548324347
742065111 -710793371
-173353754 -8876041
-245048480 281284540
-170378077 941276002
-854484908 -123784322
64645252 -672363063
130306065 251430404
6566713 -527616556
-907168602 312646787
-707398063 -189846271
116281563 -162310662
-66323632 609558046
-54840584 -262556829
397558981 -580162403
-707398059 -189846274
274588165 -443061261
208436615 59297172
-27279172 648044473
116776212 -673892683
-526877429 -551188285
-301724236 140488402
305933172 -543899698
-849176511 600330310
305560420 309519188
1743161 100799106
422763478 524517594
557403549 22826653
-221010295 689267677
29200792 -473066868
-863294886 -181888427
168915564 131525515
517815154 720642429
-12797519 419951592
-206949642 386507311
445410945 -368305567
712702020 79090648
589156578 361460861
-48345316 -220320087
-263745625 -590288871
144352877 -151985601
194128102 43502973
-638486309 598587027
485678781 192537392
805810933 636954291
858391075 654559946
54546815 246432473
313874594 177534574
595569953 582007187
-413477680 643393883
360545674 473896300
-458504550 -321098893
914991728 690144236
169635254 -354868181
284276984 -248684642
-276530446 676707794
239537182 -331754476
-372449576 -4747257
-707398060 -189846275
-20173793 -797238326
739931666 493539806
717409640 -276817762
-577736884 -171663695
-23696854 709664402
-685691120 -62992514
553631696 420956701
252792583 282346879
549382380 -842388725
16350274 5033300
653647232 -67580969
-518255635 674320362
-45362983 501550125
76524825 307404532
151927197 -116548543
-252181656 89787754
127611796 -307811511
-707398063 -189846272
690272620 438207616
-405999879 200458803
21788331 240953733
-969658331 -565163685
211383036 -900411445
-871486397 97811777
806355211 661571561
-134054540 475524816
320809763 -570829740
-323667387 94084139
-398684745 -716146330
-81212513 -235587883
-563005065 -174338423
-385972867 383594198
-353473818 -157839358
-707398060 -189846271
-109563814 53807258
394429419 847905504
597502861 -339996816
405976986 761227426
488564054 -102790537
317106322 -797355847
-755867483 395989401
201869032 -817768583
-255041770 303915837
631153318 -835765556
87586320 -871755751
-453495687 -63229178
-711455932 317463827
747989965 617380173
-349762211 -145760712
196962137 -30733109
490021889 -410890348
-311644049 421691059
340356121 183828285
669402260 81636935
98679169 -437697487
-636132872 805668707
124561768 -741068247
-32258221 -503453749
-567505459 136306961
-12205155 -599791549
167107886 -150024986
621300597 347149359
-530691660 13179317
109558676 509863226
-105178794 13765197
-92639062 -352947855
-184185725 -588698142
-297844295 98150783
-127923561 -732984189
285148937 136893470
277570698 347390657
34985027 -319065409
-84835133 -207182743
-595015575 -268835229
-370631558 249288529
-56084523 -529040704
237471434 -636765874
424414935 320913903
441316645 -117593422
209255576 -7688336
291306947 -372749218
-707398061 -189846273
-721427624 459609791
315306464 809106730
-521747086 -59389625
-540554321 300728457
188376469 536370626
-256562090 -666694222
-707398060 -189846272
250759657 -318771356
98446689 843499412
-659105663 343717428
331218360 69456842
579803630 289943459
-76110598 438798684
147368327 933745993
-324635252 -207802037
-827125075 -657130347
856532127 124963223
-231287954 152583925
-312338792 886495960
458067046 270180434
-29461991 141735946
-980110776 -536077495
217543937 438101563
689115518 519124317
100881936 957252055
633434217 -107495959
-27234846 132742848
1793502 652457165
884140508 -744952548
605693809 762422138
235966110 534854369
-29072874 401436044
-768997314 -652808462
-84793738 395243324
-163165957 182300594
463623420 -549308156
-234493334 -678127577
-278439230 225615237
133228181 -527966556
-850148231 -177103625
-707398062 -189846275
-280639700 -459215054
523936952 -226064089
-611325255 334006469
282120074 854959382
-442888950 -404422484
-829379098 -388838033
323447808 -512638065
219602951 538715092
-707398061 -189846274
-109274631 763610361
-789967944 -791961074
-141288883 -156423139
-611766789 513546138
-699266089 -179152905
92333087 444063109
-123675375 -219742861
658128284 518872319
-311013324 -124209398
764108110 -210473638
38772299 -290853696
-585616292 -571892801
-396863293 570764769
-734310470 -138901423
-707398062 -189846271
-144463056 -576412903
523829018 -578909929
607022126 311031655
575648496 260305623
600896470 335825463
24025984 -543346725
729885506 -109042768
-643739382 -827943046
68393016 -906663571
645215013 -335286822
709246996 290479254
694844523 392946738
-92362365 -665241533
-388410249 -238884884
561153835 -621623858
140420247 748257971
-825618433 218480060
391654983 717188956
620365887 -261653315
-135711808 413612442
-53557991 1461319
-559519318 -826920378
-65286349 -410578520
-599630968 52224204
-826988231 -111143459
331622383 53715721
486105988 -374674844
-762291181 583106092
-891339325 -640463320
180219333 148575760
392663539 217306785
119554079 -352749368
130208337 -359581493
-402704949 -458297525
13727370 -334228495
-437006920 -77929152
92850873 -285023053
314740625 -851878250
-115671219 -943101511
659674393 365130360
-406133228 -222440514
670274623 -4370329
471430089 116623933
786706065 -324196188
-58502682 -698074058
-133110590 -663603629
664956987 -139962834
64714194 189745733
-74893771 -630944852
27059978 81711546
-2102175 -245227346
-473706750 219100512
-562540715 -114920165
-707398062 -189846272
187334381 345645066
863246338 -231222845
72071330 -80745918
13301312 -216333271
238176203 -85070072
510431136 162932902
-163253710 539930172
35523807 -964383290
-750631691 196798155
-497349755 -226421795
254866143 -944179546
159893580 -74813806
-535134978 -889859304
474961033 -515406381
-251145597 328651220
-843498845 276241656
98376893 -30595362
-280001158 879955227
-17247815 751045666
425049145 -862507685
168930049 -243115274
-707398059 -189846275
-590781243 341975940
350414242 -743837876
-125079752 -118087032
-436133788 577573953
132104235 229411338
44956323 -664716211
-307398647 -819379066
-65618836 -144407195
168459836 771299718
-6484831 206204301
876554606 -727359808
-403174601 -408445324
-141771622 -533910645
869929776 26474821
285097892 -447231353
400644999 -704936400
-189877532 -806148021
903122899 204613204
-1801626 -591135743
335942306 -712075464
-454710028 839770204
-976193408 246243386
18944277 -354363289
353963543 -169736452
-52564526 -35606672
742729222 78808628
-589691379 322757503
-331428718 -678117405
-570406368 -15284306
-498475684 247783539
803069302 256389300
-258598936 -239211303
-232503425 778324305
-824831001 -937815616
-707398059 -189846271
43591082 329139906
-550747252 945450020
587951345 -41119936
-170730058 -110049944
163361030 -96731435
-752132431 541131055
-128222610 -600015654
332155271 671455726
393192366 156367405
436017311 502604682
-393526321 -738557369
-268841172 -331496323
137210951 588319692
507868834 -247979429
-928784009 -359799752
487530233 330715996
-28279599 364738650
530538497 -356813770
396123184 700127812
-72908246 881766416
-229201954 -356466875
-301618969 -527347824
-27231730 48704606
-216948678 -311605647
-707398063 -189846273
607545847 -152204312
-187667133 -463223867
-765763019 -159110771
228392864 -53819918
-416335702 -4910776
755783096 218548766
474050442 170544136
22538534 386124672
167915887 542750648
362013979 -229451221
-793989959 -317726988
685252906 762189886
-461306218 163442264
374102795 140943550
430033180 -663207685
738246438 -22842653
197815126 850757724
-282665967 815766331
-24636505 93289989
378338633 86810874
495677488 -26427302
166447567 406641584
-238901658 -117153012
-421843937 -126338871
187514151 -253844011
-763890283 572237894
239459726 557589609
-31462280 -127622762
636639477 617721174
192086575 9052204
120457880 -550260208
931480135 -58360092
-260837943 -350672646
466493635 263412985
321470660 286376800
-392599114 -587137846
-279110118 835318793
-840693397 351564469
-269408219 597994629
432752212 942902834
46119638 -613008922
-532972645 209991076
200554597 198426143
-523267108 -279176434
-321783047 909246039
852395339 277365593
-234714026 -164590569
-30110845 442851544
-87313997 245049935
-177181426 272205934
-394985352 -536351803
-149839390 862163782
252237950 -436184657
501896902 366803210
154011839 -52301225
524515204 -940787450
991640931 -697923865
-687025019 -495025508
-646943137 586597265
66397271 -169144023
55805895 -243031844
-381298888 413066993
-265803941 -780720424
741405934 -457074117
-341911451 342907152
-528407592 258304764
542150042 118352719
855268535 295137683
-707398063 -189846274
-92798084 714689977
-139542443 -665493284
697854236 -429878870
398226193 -182812183
-836592185 -776142469
447285108 -766061074
270991008 435575297
-440716004 568529315
-815255806 560731446
844593009 246229765
-707398060 -189846273
87485593 353108256
521887196 189410528
-582421759 -507739328
54199175 128293678
-403113108 -130222500
272826142 337559790
537251228 -44588823
330303635 668489106
475202441 -75467706
