50 700 90000000 100000000
-27359359 79518465
-167789742 -64401843
3015603 143368619
-98208237 23628748
34188153 -130145650
116218425 -132484385
75451172 -11133797
18282555 33168912
-166547930 -81723693
-32574013 -23085171
9650141 -20787994
-132714657 89598090
19832015 17997397
197380457 57610827
-61629845 128161110
-11845299 8040985
71445914 8375453
-16846632 -8182709
10790674 3918564
-130471381 45314803
-174650 -99437966
72171874 -129770277
138642924 -94102687
84933598 -152296241
-71416067 -57895521
-72975580 31043827
54126385 -118968676
123000572 -95770893
-58500869 131745499
3015603 143368614
-98217519 50166986
-79407512 -43315904
68600964 87184854
46316222 61631854
-3274042 -65272734
-13150761 -128789260
80949425 146869473
44836719 -143190673
-12997964 5970076
3015604 143368615
46441870 -123533281
28204698 44099135
-2493058 61997784
55031213 -50013022
-172171493 12604218
-105293802 -110192900
3384119 18334811
-751467 1167963
15513298 40108066
3015607 143368616
123423990 35039696
-95982434 -45508565
34299573 -83849587
35842371 -154527331
-60669536 87103881
3015603 143368618
-102061517 -127252805
84446647 35166979
-141177673 -140934166
75116319 -35857353
-120695335 37237490
87194166 24209266
-20047209 53677806
16970276 -78940296
61245871 -12247421
158031111 25569275
-83314991 -16930822
-80898984 121377540
17963938 52416932
3015606 143368619
10312537 -86487001
34934970 -52402013
59914110 -92279929
-112138449 27528941
-64147804 53920977
-6021051 -107623488
-52997982 252498834
-92245009 134558914
-53723743 178785469
22153240 181754012
-52679029 40940403
3015603 143368613
-14543650 179097214
-131452695 -54735896
-45453317 -63143225
-80557083 -140764635
-61888021 -144795784
-127701969 816827
29566996 -124363644
16131047 115907743
98746975 -246083745
3015606 143368614
-57010336 -90980045
-57189018 25628367
2231941 95872754
3015607 143368615
116291867 23646557
-164085231 40612814
97381957 -110310817
108785714 -35402149
96970134 -30990455
38915371 93016767
85643025 42480591
22964693 -49446565
96724408 94032378
49978550 -50755886
-53348118 -89777774
250417211 5338762
68508987 -69485241
3015603 143368617
-93409355 -160520511
202995750 -28593477
41571825 -48214312
62726028 186106099
-88248311 -22439297
-103059421 -82062809
-113605169 65082383
-88532695 26729103
89786226 173496537
3015606 143368618
39532588 -70185789
23480993 54944579
-214453829 -109742307
169502160 65574679
2518955 43595693
3015607 143368619
84687963 31946773
-117767774 -21223833
110085002 -32244073
-92533971 -88900709
119444596 6217288
114755156 -84016683
161977030 -45424073
19724311 212512072
10533632 35108457
187654849 -126070660
46222613 159984119
3015602 143368616
-55499687 113541441
21902653 -21106494
-45615166 -213517687
42108305 -33823657
207117621 39637741
140756261 22532030
60084933 194189185
12341575 11735012
-56576954 101880605
-59911589 185415686
-104092236 -97257402
-153051084 129960764
141083915 78672833
125843812 -148464292
3015606 143368613
-191319979 -112664610
-9084663 105170108
70959668 133784443
37465905 20752082
-14729160 -11305524
11266814 2579965
86790992 -76166941
-2083064 -1333879
29775374 89440297
-66716065 -66859891
184807941 -50016907
-75283449 85566848
-118236035 -53309207
21529765 3226826
118802477 70095117
45704576 134652558
15925381 1808235
-169477782 -21975493
-166432824 -46206431
-91829011 35509316
-31444283 47403881
123101015 -117105829
-160630451 -70724387
-5290554 -219587
3015606 143368617
-90143446 178151806
8658284 113024245
-102481622 83957150
-93541966 -141431492
-20919232 -5488448
-1037226 5001470
40507341 -151959084
-126086249 -121728586
96723168 23626153
-42463805 33550592
121006519 -11788942
-137276022 -81207738
-97557173 16252907
17143815 -75008935
-40973100 -64400008
-19112628 -125206287
-84197505 -155054258
3015602 143368615
-86060796 -117480434
135063893 67978551
136777296 125942006
29169223 573441
-565480 -216378452
-92390108 5840035
-132866514 2852931
28976795 -45390600
9382616 107947183
-73091462 85526128
-100250106 -118179210
-51883395 -39385592
-147201087 63369153
-10898 14445543
147886375 -62284485
32507206 -57217183
112600565 64156250
114779828 -110107597
117361855 101173049
3716904 -15688773
70085814 145717763
-168722621 95433788
17856611 87363427
181588240 116099561
-55870389 -163106408
30676573 134379184
-5446880 191508
-96584003 -73197265
-74527647 3021017
-88125555 126348748
-74806781 -6718057
-18620290 -134144668
-18964156 54114311
-24917031 112788533
84576676 -10823313
-103598037 -22193565
-105927904 19928526
143803759 -68699029
-17118156 123155317
3015602 143368619
196073992 40872439
58453531 24027879
-39853132 152442586
3015608 143368617
-179208634 29903260
-32783448 147635691
34672191 164844439
839352 322829
-74210925 -61966431
-89546359 -30321588
-149892222 58803462
-24316055 196948786
-53213258 -61082614
61984872 56920543
25838226 -56281921
84897441 9983828
-82723847 -108774084
-7290188 138714853
164722314 77293431
-9473021 -156357592
130387220 -118418746
2833825 -105389488
-72412517 53752458
42026016 39924206
-9505653 5621978
-51548338 79426223
67840762 -40580127
-129134495 -33627934
27694340 83157640
-95695504 -71077042
-54234219 184239876
3015605 143368616
-72348683 69011546
-77920150 141425392
-12688091 26437550
4379392 -15569163
-1915656 -232405658
3393901 -4530689
-1049175 57060664
80043614 52112103
-6530305 -53912904
-107803197 -139404850
-41357071 -194776003
57807117 94464996
-140284286 -119887492
-111108437 180758027
-99159284 48127761
132104730 78752766
119885940 -149994394
192091118 1552863
176786432 74447306
96899764 -95406559
55843273 -56102959
-26896995 -109444663
-31756361 -81561687
-6001618 85978658
144754908 -18136879
130228872 41584400
3015604 143368619
89896274 46121414
13535618 132874368
29398207 -259820767
3015608 143368616
122051144 -86819695
-9757970 48699661
-25664833 -209073420
89825073 -63227755
-26642806 87717854
176462158 -29562495
6337595 -24013047
100066585 -128801174
-32708668 145448940
37103380 -57500047
-51452647 -124935187
-40295500 75105900
99876407 -23436258
-186046756 56286902
173212847 -47124800
-7159714 -190344116
-24711355 145405025
3015604 143368614
25837371 49143481
111960414 -87676977
3015605 143368615
27393055 34828921
56129622 118343385
-100041820 22119438
-38386049 61642746
-94292286 -88342018
128970482 -51134734
2631369 40844631
26165349 -1100433
-192969000 83511633
-79955393 -155071747
68822600 -34248989
-89264328 -96161399
134121395 14348195
-108635344 -36276910
-69096646 -34734515
40496281 -50998953
75831092 -89727958
13162566 -73313842
-166372496 -68207414
-186786998 17778344
3015604 143368618
-200213412 125551333
117678838 -6060753
21279451 -69102422
27210158 -97697308
96631372 77105919
10124015 165297306
-155382788 3610202
70235659 -71880821
-4767893 -23876048
67540891 -53199189
68388375 -56378060
92507466 5998112
-21212546 18812380
3015608 143368615
-10139384 22256917
-51861768 50538337
29710319 105183221
84981819 -94439010
35860731 2594551
115155904 35462193
-25311813 78963517
-47160270 74012377
-95276315 -72072228
-20646639 42847169
-114485023 -101795520
-187751448 117119296
-9218628 12872478
114852105 -67639187
210469022 8172792
-119691724 -21049436
203498190 -174620496
10685581 -97773143
3015604 143368613
-60062280 56315372
127357683 -15868597
-68951915 114408168
-51784440 -22650844
-6335615 -34309515
80674477 -535829
-31481699 58593678
-234790690 95682121
-18452359 143524329
-127693334 43538379
-11022652 -73748076
3015607 143368614
-39236096 -148332116
-15819783 -65946739
17810281 55055659
3531200 67641379
3015603 143368616
-40382932 71043611
52585304 4982016
-124291620 66192107
66380177 -64436253
-143109042 64643965
25929821 -40094706
3015604 143368617
116747311 169699049
64159502 66778904
18232768 99591366
132497159 -4277765
108072627 43102063
33527432 7215058
-114215880 102559310
10855447 100843486
-84953887 41786333
-134650200 68450995
-97745093 40611215
3015607 143368618
55557602 98423803
-148054381 45865378
-32285284 -58241484
165855452 -95915305
-107653421 -118991004
-168569606 -93126895
-82152321 40899271
-38990108 -139024975
-371715164 28257003
-24044937 12368101
-55843737 -28867615
-28327352 197863716
15499677 -143596279
78416387 71361559
21711386 62768398
6417235 -9648373
-95364011 186460451
-145738174 -44426832
-2572201 21502482
75380016 -15330411
35720522 4687875
-105387017 -23919745
14789248 67349059
-42310207 -46787072
3015607 143368613
74105608 42197989
20236117 -39946541
-63038172 -37724447
-100939399 -104391115
-52969437 -143718214
58479098 17035280
-41553162 -67358216
-163739045 -67136526
-105011200 -44996441
30073050 484413
3633507 -514441
-154591677 51925884
-109532484 62577696
3015603 143368615
2310116 659735
39084637 26592496
-18552518 -134092406
-156728829 73269546
-43836486 -76674760
-135237743 30915954
71536611 -88254303
-84475238 -3251440
101963903 53059809
182199794 76482852
6011348 -158477011
3015606 143368616
77038404 -86527885
-49436214 114884521
-55919872 77758644
147440382 68783336
72314811 -75130453
-76559320 128310033
42746129 91438079
3015607 143368617
110803302 -8872777
-14419295 -96258079
4644194 74316786
10450269 -2920383
109319779 134474612
-179076057 -26301326
-70984707 -18435905
-6715715 90697924
213332923 -13229408
-136826769 124840255
105887434 -6272079
-99758354 -83926543
-110525182 -158076093
3015602 143368614
-41622799 134814999
-23243192 103560606
31605543 -55819541
45150071 75139232
84740406 -97510588
6452279 -140613123
-104159237 -138667276
-11462877 -11307757
-147770840 -84121920
37614923 -122259223
-72745176 26679580
-117077036 -75344588
32815649 75991641
7136272 -64007853
183415602 128457321
61039123 -51447079
-111457972 -62521266
-156241601 5364613
-48221667 67293382
-4477211 -43670063
138681488 -35247501
-107118659 27692818
-82973059 15177130
30994097 219118788
-98569705 197683295
-85140452 -185403242
3015602 143368618
-71282665 25777597
37856945 -96634699
116072822 -141665943
3015606 143368615
87477292 -84070963
73248834 57137145
109803413 61267371
-1254275 -95149148
85558405 -50667940
44145250 53343804
3647079 55510759
-145002932 -157793357
20045291 13575791
-113254168 59902821
19949373 -146407585
22080420 15447934
-47644546 -110812694
-108179943 16983958
168574983 138792913
9108842 63658333
29456100 36234400
76015064 -29371239
140858370 24701352
84664174 -73965480
3015602 143368613
112851285 -4798147
-111343672 -164667319
-5335756 -99169025
-72598247 -59794884
43210900 40216286
-49742577 -32506608
-161198016 47195047
-18111188 -131740916
-24892082 -88983213
-28970434 -69032191
73423189 128544509
-64527657 48256946
68732022 83958794
-5976524 -183632118
38027382 25896511
-82081776 27600169
284847 162938461
-8697808 -96032985
-104335410 58167843
53996397 -31769708
29825974 -113329562
92524399 36556253
159052238 58563249
-52759889 29538711
-14214192 -153009154
-174269981 -95698418
-126157885 -49409016
-94478046 147332206
-99722839 24977142
3015602 143368617
81410457 -175418577
-102691238 -17634770
28244012 23591972
-29735914 41930851
61941603 25720577
-83382132 -177100875
6681184 147329823
3015605 143368619
22544904 -75757221
-40788011 60410641
125133948 90499298
-15752959 -32395505
182650420 -25134942
-61834896 -173300122
-4771101 -19574213
-87569110 -2457571
-66541461 8336365
-47334891 -14243528
-195858844 5344612
-25887663 35881742
85320821 -102673694
20508817 -81545361
44475220 27061628
-213403266 48250786
-70172299 9527433
62417935 209646977
21939316 -98204668
-22511130 -46044496
-96373883 -8689636
73268824 54541247
-22443994 103369745
119174086 -163928918
26489538 200391565
-71572793 170520881
95291831 152821682
117926495 -72389701
-19562302 63348678
3015605 143368614
3015608 143368619
64960516 42113071
95232011 -170951323
-89018848 145975517
133533262 -65952090
-25365357 -103426314
131450737 -115450500
-192960098 24525068
-183576058 33989453
-74609002 -67373097
45262823 57025668
10776799 9643623
54201369 -170709229
-20855979 -11610414
44562173 -32148544
-103082000 75062113
6191902 133594232
98988866 79799898
113062504 -64916323
-23929136 -21712577
-92440498 -76542332
-141197420 -51743639
-45716557 1779943
3015605 143368618
-113966007 -131287651
-58717127 -2621411
3015608 143368614
-138100602 -4215570
-100698187 51994052
-178351179 35066971
1306125 56250191
114766422 -24901168
68598999 43314984
-85252060 26470143
134816213 44530933
-80014480 191879077
11180430 -168292248
12296061 -5848247
-73146644 -36742245
-84741047 -157113920
190820037 19013649
121060595 73897815
44649059 -174953147
187548101 13183991
112190802 -18088083
-61608489 110350809
-72457226 2817272
57010644 -13435815
21563138 22359121
155941039 11993963
3015605 143368613
-134780710 104014404
-124777901 -33709160
87514880 -84709899
3015608 143368618
1805493 143966037
-88884259 140880079
-282526621 14201522
-32365394 -207443834
96210917 24553076
-2239718 93873599
-164895953 -26138615
-115796605 59103437
-6471761 34255403
20121280 7571466
98589263 -42371589
124198054 25884640
-105276287 124251561
-5527059 -8750137
-1851837 -127866502
30326793 37069992
-2685928 -61484536
-108502798 -23015670
-146025943 69876998
117929546 212061631
114883403 195860610
86925501 -72691489
3015604 143368616
39230339 -107887704
15507044 153353995
-47239680 35295005
-20280496 -15140117
-84071972 132143960
25907597 44269667
114952738 -14427121
-145425064 24414626
3015605 143368617
65498734 -152886690
3015608 143368613
-88875916 2209092
34997119 -101016755
110527046 117433629
-27195158 -72236515
9066406 25504577
51212528 100743139
119278539 72882395
170379589 -68674040
