100 700 900000000 1000000000
388612627 58366211
388612619 58366207
-113340482 163511087
-604657183 -403839808
705009470 862704842
128027871 -336992789
-887616879 -152775822
-393246632 127132598
-120790394 268240435
583916816 -184304753
735114446 -467383408
283872394 -679469442
388612622 58366208
113865520 -108202719
388612625 58366213
781605694 -120257335
898898105 400740319
-512505901 -15241352
579648860 -444477205
621738096 439877352
-725699830 871466212
-256580737 -166825548
-6831418 249523745
374038893 396789883
388612626 58366214
-822075378 -506284161
-568734898 374458035
-571579115 276648407
-445837615 391836494
-138182194 -628445900
-283560182 -988234214
-56776146 -170603864
-4632780 33538187
-863156739 -513355500
-401481084 904314695
-396858621 -32371132
886536275 -737347849
401112966 -680098679
388612622 58366212
388612625 58366208
886818324 224058613
-500228757 -54087385
-286268001 -845383614
-790134771 227877079
73618584 513680640
-697732782 -45723225
388612626 58366209
-69759399 349409348
557772951 -442749189
-552179819 -84641602
-501789213 296188713
311779270 -519556308
-298749735 -761531183
-70497843 283545726
-178180533 638428930
166728589 814340520
388612621 58366206
-274152377 403890141
455308554 -565594126
388612621 58366215
325256880 918302035
-173709263 63726497
-721413438 -56324111
388612622 58366207
-621147891 74468522
-818440293 -287497207
388612625 58366212
891384181 538611376
173427162 884419987
-803885352 -471612506
542955780 806336658
-580752991 -91380504
-510316163 -285930853
73179727 -78373119
-101949612 915494750
-783570571 33217934
28736586 -653727215
-348693334 -625742428
202017532 112913648
-716319526 -946605102
388612621 58366210
51552600 -342122160
206320447 177006526
-116281298 -517351060
783896212 348559400
-707560567 68883429
-567752029 244637809
-272619099 -672979325
-127274873 339378434
388612622 58366211
388612625 58366207
261824821 953448796
-530271146 104459176
-443368444 750264160
-81994363 -53763677
350970662 364383279
-514444901 238209281
957392165 542278578
-280157064 -527581029
-695599489 -374813394
698364637 716949901
569497956 -146880101
707939211 510870974
719367327 -22506297
136982786 943663005
-534882971 362173903
-353801015 654173613
388612621 58366214
620648313 -30101397
665605907 320962053
-850058310 -798134372
-856992928 45351754
-992497127 710660567
764498548 267089165
-303190269 -342771679
-193246484 269609989
-772620294 -375673315
-353550335 758949955
322953449 -306721260
100101075 321344296
-177512837 350050309
140407653 -425258961
-393129828 -582465601
-328248352 -564580302
126402199 872436171
388612628 58366213
-611190196 446537191
-136687850 -52130860
453559208 44787410
-116420168 -873135611
187124137 646170867
384633329 -39032097
421401300 -255841009
25751769 -150010030
816152037 161264736
108450805 -159291179
561662644 57455910
363578824 622135532
-704255980 711104380
-742616581 -186729803
471917247 64586283
79364494 293027076
-196948433 -607956020
736146834 335320377
965216805 -108324981
388612621 58366209
-597182141 -293648023
-122138693 477333797
-435829793 247891179
388612624 58366211
374480584 312174598
239821669 -143101116
-597303124 -773430336
54151479 -557904026
-209079090 468112134
-573209822 259923231
388612628 58366208
706603283 -664727377
-179108555 159838073
572248516 -109280262
140052369 410976338
400083 -1261272
306308197 -57656836
-298073615 530326933
103357788 -703332567
830833165 -812406885
-505312963 -945471862
444730088 -782056300
-21206376 215332320
73481171 812895805
-16178300 583237142
-823618660 511596270
-583938911 271539943
584296543 -297171224
388612624 58366206
-497484285 332897059
388612624 58366215
-687633150 30261020
-162580232 -381444851
-505166780 665537215
671123385 336590475
-833609990 283897888
741265692 -148719017
165319856 -460223659
-142075503 -345398799
388612628 58366212
-491946679 223949048
-872691070 507474151
-785187563 315552975
689197961 167374716
-357854242 738326885
-973515476 712283983
621970621 -467341242
388612620 58366213
-336673594 -123898220
671195169 711158864
870019560 -263171318
20700964 899479453
808059798 -59685421
388612624 58366210
229334143 -893624417
597295511 -45089869
-833635001 -339759843
-668249170 -528237248
461623636 98270964
10671347 329453593
-61487754 125507288
-549511168 910131133
332001027 255213351
364968709 550911617
388612628 58366207
20898816 446915081
-29849648 125987931
-169521237 945879267
715580397 803595090
73070880 -663114871
-204480933 -402821975
-407589579 -813992554
8136058 -803423933
8168949 -984331068
-135350540 524936272
675400949 -941581673
-843960263 -671484502
388612620 58366208
-340594424 -82602214
388612623 58366213
839457639 572363200
-840804855 333605109
295126114 732103332
-429898272 717701293
-604647715 -455437176
-657329109 -662488901
415438493 85608170
388612624 58366214
-551576847 -873510313
-562504591 -355909204
-160191162 123268226
-489472203 226474076
-754168508 371575693
61023327 -754819589
-917454431 369748792
82842532 6505468
482789012 583967482
-743964700 324615439
388612627 58366206
273867722 695822680
-987694216 -663873652
-434151486 407353884
388612627 58366215
-571265640 -269623900
388612619 58366211
-117477431 295992634
-92389806 -176152829
590857234 128621173
-95621419 -98269182
609122082 316626801
221266272 131877560
53661515 730503917
388612620 58366212
-3458508 -139907698
829447896 -257781353
388612623 58366208
-528925894 550632906
294511046 -998739932
-607764886 783178363
295299212 28070145
388612624 58366209
-510069714 470435561
-572172057 882067815
-594686107 -146704971
-780166231 -238439377
426282266 -19085336
-201911743 -48218764
621434060 269254560
194797836 -831452263
-775337917 -185963410
94865637 88848476
452897803 285395549
435578477 593405956
388612627 58366210
366329043 964462502
388612619 58366206
-497016795 518118082
-181395488 -988699975
-526044456 718705543
388612619 58366215
-295794989 398842397
388612620 58366207
47863035 -935181649
22618206 -62175567
91546536 446942557
388612623 58366212
788265477 707688226
35434735 697447292
-875292437 641883570
-847461329 433819661
254566583 -559602751
-398516445 7892509
-347823500 -521669544
7138342 130031555
-329258865 121617800
-572980764 -397012
394030541 -394948409
-42146257 52171364
388612626 58366213
-298442455 -269699384
388612627 58366214
388612619 58366210
-476243194 -160128502
-128668205 -666312895
384224616 404201261
223837240 926126600
-526790326 -771042866
-576820087 -794678476
100128659 775663425
-717469559 185716979
388612623 58366207
222139475 -872680125
-548671272 -319874613
519885978 544651215
-503327368 -594688459
435804586 808900067
129936843 -716466684
32613925 51290610
388612626 58366208
211965937 -761386173
169340819 -143873290
-802816349 -822458456
287837570 38754676
-307239006 352750638
475064394 -258789689
592001156 620855736
388612627 58366209
307727214 622653424
-235457970 -528400889
-30654717 138292363
53921102 403012697
388612619 58366214
119131349 91665303
-576107888 671730775
-892037491 -67450304
-423318151 -627314591
761698332 239028532
-601197145 -140814997
236815807 55685518
542368451 400371418
-459423050 -597440
-358776743 934716444
638062754 -530257917
-539431191 -739800764
388612622 58366206
388612622 58366215
627806933 -658450408
68206658 28005917
388612625 58366211
272451564 -322847352
956179559 -253826099
579105169 605741065
302996085 751338544
388612626 58366212
-593176624 550213096
-788937353 175781619
-467071739 -427604948
441536764 251331588
591837185 227408601
-808529580 -726793370
-529836342 -410166602
319383764 15988415
-369870045 495317741
-215894781 -139008339
388612619 58366209
761124269 612064031
-850219975 562211970
46538452 -273770944
-377645627 -287700203
295226347 -715817863
917249859 -295714098
388612622 58366210
-204038857 798248985
388612625 58366206
388612625 58366215
224177054 635135483
407604741 549239494
652068104 -377750058
388612626 58366207
-105701271 247362682
-610111001 867191918
-523497063 -674997725
-196988561 411659058
925185081 322057652
-695827805 967483125
411591510 -775655391
-335551810 -452834569
-126088588 519796526
783078659 938191123
666781125 430487349
449316402 285825323
319082478 -472967194
-72249597 -286443410
388612621 58366213
749864110 -583933506
-443101197 -57032326
-135813974 -141157231
388612622 58366214
388612625 58366210
-559794710 139504979
407416436 914365369
994222190 -818677326
234459355 -274226562
243363607 215861403
388612626 58366211
-161776474 324470931
-150698066 -324291531
150033298 -164240994
405697784 960909245
313630504 567700605
-489502755 205910710
-60264033 675149535
680820876 729473551
554047746 258344771
667920658 424138380
388612621 58366208
-864742332 -20640091
993608037 308853004
-224021480 916792904
388612622 58366209
-937837899 -457174749
248426114 -542467590
-739301219 137597192
-255288811 362261487
388612625 58366214
649553799 -288293007
137508729 -633090304
-187441949 -142110931
-5295695 -281088365
-409436524 -895215402
379625036 -130002071
157677233 167509243
-642968207 -197823245
371568436 -594030814
737343831 488459396
5883176 -535301645
-531073939 173251721
-393229591 -591043005
-330014496 -389337218
-356609081 340710996
123315851 751955311
-214161555 148782369
278798598 -44505650
258349539 -80127621
504133437 810337863
916661873 284475090
912416306 -531403728
388612621 58366212
-217561077 -502470873
614635166 542603243
620129166 506889221
-617241419 27380944
-355097297 -190386413
370338491 -231866747
-351156381 -270911
-730720646 530557697
-375371783 918542806
388612625 58366209
-404236033 -339329332
755826644 10779607
725177295 -179385587
388612628 58366211
102264630 -392360733
-976686477 878820447
970201553 264393431
301809403 354601799
-61211981 136327351
-670701677 702742855
738907548 998454929
396585427 52849797
435082362 212514037
-743115837 -184557741
36573316 -433791324
406962752 888832753
-26474498 61762519
388612621 58366207
207962327 -700161127
370554484 -588619705
-519044 -1398206
108755551 384206137
-776145771 982217488
156891602 527430110
-208360867 -277162490
443776384 -559948355
-710030967 -405811964
-144513709 218043474
481236155 366328006
388612628 58366206
-257670593 -637719815
388612628 58366215
-480807622 277939457
-394396298 -8283769
-805674815 -277030495
55634577 143287874
-90763527 -228642175
82430840 -136387815
-931715013 -875259191
389959890 -987684932
-491528414 -862961835
695003524 -368665727
-72388672 -118179311
-707245681 106152610
-791197210 -791462562
-285883253 -734813899
-201354064 -524473236
-242450401 -947526278
388612621 58366211
129189463 -174431504
432270274 -616025536
759598569 -206338093
-373820823 393230911
-156236172 -542417573
830290085 789999258
-40356037 -359528928
690031827 -56151678
256891416 868766076
388612624 58366213
165600076 515377975
-781375471 103900142
-397933366 328079193
388612628 58366210
-163903614 485498380
-226893550 868684364
820994121 937689317
-192868616 -296090823
701394468 -534879863
-448253437 888267956
-617751724 -490599243
-103816237 20023221
-30540430 -215431952
-834885340 -102020532
-555590033 283410226
-370007971 -383995540
-885663595 -534148425
816450565 644212083
388612620 58366211
742901801 -581820302
-755382782 869644635
93559508 -238854337
-371870979 -796692595
196555639 916388626
388612624 58366208
482376867 3415390
-50130784 39410090
381738221 -642958058
-175713968 -18139127
-540489841 -243314915
75201369 276962247
-533605015 255125040
-367301384 -190208726
-970094735 744002616
-682496771 -487444721
-724023830 90894690
-505261253 -340531395
388612628 58366214
-291379509 563563099
-81214964 -363567074
-97059895 -916512336
12130736 -55247450
217235276 399289826
291912331 300710441
365288298 749586141
565987888 527290646
388612620 58366206
-779792682 712984207
388612620 58366215
-574810391 822184174
388612623 58366211
-301758119 -476167306
902850887 -101668241
-318565338 -720962162
-990337173 -59114219
-671333886 927570832
388612624 58366212
-460289593 -157824099
-119349407 -213677752
213623297 -31082714
-572016112 314591072
-98660276 979013865
-190804841 11451119
-700253519 -376389608
388612628 58366209
-758562118 -94514153
-374478827 407578394
50771311 -630904275
169040401 -4139137
388612627 58366213
-434774956 187717661
-500650640 480816032
-144250732 491761830
388612620 58366210
388612623 58366206
980461222 -133463668
529733516 659620154
388612623 58366215
-68910003 -801523180
-875115644 -37225370
-287204887 361280480
304344138 17516794
388612624 58366207
-3750708 31391862
-263991055 -520747817
388779327 -194702776
-608408681 -835193194
987298449 778737662
5263705 4461829
299565993 852709024
159902335 490979113
388612627 58366208
-941444459 -87267889
190789978 127722173
264342659 -544114695
792481457 -519659821
388612619 58366213
568861062 -753148391
-46410915 -398147378
51846086 -675642769
388612620 58366214
275709279 913578649
400381745 -343237982
388612623 58366210
-789712029 614155687
386505882 -421743399
736666205 -97565246
34718395 25666578
61771977 576718918
480114369 846848030
963102720 -514081364
-196850216 732648056
668447388 -12958412
332589067 642448765
248922784 181457216
346787449 473354608
-758396849 748802768
-547625253 -50610323
83929729 -130471526
-630965026 373690008
-480191149 63001742
315334032 24338911
388612627 58366212
-691947270 -566047005
-667046351 772769275
388612619 58366208
584665348 -885177975
596362616 763846378
458267012 -363932143
480945625 -335686302
-4036225 159729394
388612620 58366209
-507617257 343472014
337476852 -494698857
-285445491 361332193
388612623 58366214
-614040542 152216290
139110146 130181745
-366517211 -201795704
-626011952 -577692931
-527647286 871118792
-814120909 957217068
-545267898 936723967
465254574 -869587509
388612626 58366206
-370694833 825970552
68613587 -528690580
388612626 58366215
834270280 71826224
630111335 -88570517
38916503 -424792153
388612627 58366207
581767359 -587714178
347095994 -576594863
627869393 107261901
388612619 58366212
-324937969 900906240
35025231 -135525728
683380028 482535464
-498526683 -997018140
-831465722 99928722
388612623 58366209
656632922 221895510
912181052 -335557596
-347652534 -801844059
-41317598 -773302793
388612622 58366213
-530789034 -132772230
-892406326 -548110953
-167555819 -980014799
388612626 58366210
52020685 458555807
-730066857 -239458043
147256292 691783110
169867981 -687264672
-307128878 -314711232
417463304 -630418338
