70129
1045164
1091012
1300110
2161738
1570231
1927449
1633672
1996091
2379771
2916263
2148832
2598979
2520883
2616064
1655132
2503427
2238100
2275656
2461880
2556373
2817541
3547350
2350617
2412722
2655854
2594645
3180436
3598068
3315180
3766455
1692144
1983617
2463842
3206252
2529213
3209260
2354296
2755096
2754714
3572876
2305887
2913859
3381865
3499432
4357228
4865157
2248010
2104086
2818935
2745731
3337427
3442288
2389969
2759785
2389499
2873973
3438113
3706343
2813655
3244369
3922831
3444583
2553846
3038264
2084868
2994177
3031634
3654315
3937381
4264232
2930096
3011464
3155845
3130312
3142668
3763663
3659137
4232207
3080515
2411641
2590066
2887731
3299707
4050263
3830028
3812170
3270192
3455362
2989284
3098001
3661292
4143020
4262084
4136818
2290315
3204041
2807746
2243382
2960414
3422356
3208734
3214700
3407607
3398382
4193858
4580933
2320418
2536290
2905484
3705256
3369179
3921862
2715148
3266728
3884718
3548014
4110619
4055935
2625737
3598674
4107614
4555742
4322381
2830421
2516476
2844660
1802784
1843574
2019333
2921558
2237832
2283902
2345178
3048574
3240641
3314408
3479523
3778501
2943923
3811735
4049042
4258331
2755449
3435287
3199980
2798487
3168319
3624401
2792728
3048092
3512058
3008560
3585956
3711880
2929202
3228321
3535081
4076249
3456923
3871059
2904719
3048550
3142184
2916668
3771671
4405171
3289697
3512325
4194468
2835248
3822603
4179780
4318519
3793609
3818758
4084262
3517029
4494396
3664827
4563753
3195896
4075061
4651075
4645663
4432523
4769085
4502489
3463894
3273037
4168848
2897411
3097441
4024613
3874645
3029144
3724601
2324468
3056856
2860514
3063815
3690493
4567865
3448084
4312345
3826568
4447100
3161319
3915764
3303887
3803991
4118588
4516409
5237169
4449742
3304308
3605510
3241781
3546085
3008137
3935905
3165197
3512263
2987383
2679684
2813252
3498831
2760711
2817179
3117635
3311581
4113298
4528803
3281746
3664973
3899142
4662716
3532307
4028883
2760580
3742121
3721941
2961778
3195324
3345319
2686629
3075825
3493454
3074052
3567684
3923028
2538804
3120045
2999918
3814033
2594898
2995260
2308565
2717145
2231134
3025444
3624160
3985894
2064886
2394032
2406121
3022169
2671825
2940832
2948557
3601412
2596262
2689848
3082255
4045370
4151655
4413227
4475155
4716266
3166499
3877650
3923430
4834097
4208805
4175399
4398168
4762215
2453734
2569194
2691911
2828569
3505272
4059889
2611767
3358197
3712907
3016778
3542957
3850896
3757212
3547120
3670762
4347532
3378286
3386268
3252972
4213631
4142454
3619344
4229113
4692457
3016021
3202491
3808052
3516842
4492604
4842788
3856614
4731983
3151150
4118608
4390858
3513515
2367440
3169484
4047963
2674817
3294149
3375664
3068416
3202335
3787832
4516066
5286107
4345564
2971836
3857186
3767962
4178410
3723324
4519081
3235144
2706958
3595802
3705759
4300262
4536602
3836295
4611792
2937377
3193717
4092560
4167070
4541053
4544545
3496279
3519346
4052073
4973648
3073078
2320415
3074726
3474939
3608335
4605907
4093901
4595633
4435682
4070897
4036299
4556694
4566154
4578751
4677074
3215702
4094171
5018968
2888491
3816816
3333953
3108811
3390678
4205437
2274020
3243448
3904638
2397465
2589901
2999066
3034287
3135946
2722117
3720295
4652333
4597221
3006011
3163549
4024950
2751968
2673097
3230822
2799267
2870874
3263980
3637186
3974634
4678835
3269433
3303961
3319134
3711396
3834766
4037261
4177595
4964360
3780886
4275984
4177362
4890181
3055415
3384565
4376369
4125803
4374591
3675739
4411103
4070256
4711149
3779839
4557910
5130899
3516012
4226936
3939006
3756290
2853538
2921608
3590818
4495078
3367558
3395070
4315795
4785368
3752264
4541316
4026507
3664030
3093696
3502511
2715739
3532677
3516201
3091280
3273625
3650972
3161180
3326558
3635744
3306804
3608976
4273675
3290259
3932218
4217513
4156084
4350533
4745339
3848237
4170161
4087934
3445778
3776666
4413019
4080355
4293281
4016548
4332795
4803789
5273748
3140785
3990037
3841953
4300842
3008946
3379238
2931478
3157167
3689726
3576640
3468552
4349137
3004382
3954970
3499806
3814629
3856316
4278512
3255178
4191920
3371629
4042903
4284720
4296242
3033593
3806880
3817027
3005851
3935201
4455310
4101305
4201484
2357645
3043690
3506676
3573373
2742374
3515681
3019364
3723378
2933811
3249060
3237791
3271278
3525025
4194965
4179472
4838271
2553174
3237219
2681947
3529726
3047954
3727850
3982103
4601265
2464752
2727182
3077108
3729265
3804546
4787394
4461575
5246520
3343841
3728917
3081540
3999819
3627627
4175972
3433677
4227032
4264602
4829794
5314652
4608670
4402443
4973021
4731686
5109536
3299832
3786199
4354584
5117160
4407335
4511789
5219730
3655262
4068361
4685448
3319490
3595926
3945641
4144386
3818062
3979289
2369646
3330677
2887641
2927974
3481772
4480850
3140796
3622557
3580172
4143484
4148029
4535959
2833117
3566519
3805933
4000997
3855605
4544847
2521601
3413406
3625850
3586092
4414979
5375079
3181845
3796878
3749566
3143489
3155206
3276767
3905042
4366125
3286674
4249576
3496400
3889359
3601198
4158609
4280729
4138229
4077612
5028607
3954466
4479325
4414678
5136400
4705310
4044218
2976490
3017223
3193400
3313263
3927560
4363486
3527717
3878706
4217736
4468878
4525097
4095109
3944438
3728133
4726658
5091634
3006337
3664849
4062114
5013732
3885150
3236599
3667058
4305852
3116529
3175966
3225475
3582462
3803156
4735754
2610724
2691720
2855839
3552332
4176381
4779633
3816569
4200636
4077921
4597912
4148135
3404708
4087192
5003472
4955846
3674627
3853014
4323565
3390558
3892173
4776832
2801615
2860712
3804296
3791764
4139016
4145634
4100798
4292606
4357162
3326333
3644835
2966699
3196193
4027193
4205866
3845705
4553339
4483171
3135536
3806241
4183790
4302669
4960285
4890843
5216058
3365040
3729235
3245858
3485174
4101114
4044658
5026924
4393093
4219793
5157090
4958776
5294380
3514470
3870665
4167352
4046188
4660433
4209960
4516219
4811174
3467489
3773562
3098515
3837084
4057707
5043308
3803978
4422657
3896802
3120035
3302539
3479400
3771891
4546599
4642151
3420983
4016256
4133349
2809157
3334141
3524502
3160346
3429878
3958837
3832835
4248900
4401394
3831099
3973325
4747149
3484135
3847740
4605815
4232434
5200807
3751073
3254880
3652994
4023426
3370798
3005755
3472655
3755611
3426733
3961660
3750346
4107731
4113172
2390394
2915721
3870815
3135183
3259545
4155892
2895013
3032673
2828788
3736179
3502156
4134263
2818301
3707956
3814667
3423436
2651037
3418075
4181979
4909082
4543530
4200448
4582821
4587415
2114884
2495660
3150291
2714187
2815911
3756976
2578653
2648523
2893718
3178859
3407775
4162449
3202548
4053190
3182994
3952505
3861370
4258404
3540530
4205648
4560332
4501252
4512450
4439921
3198327
3322135
4289952
3048244
3177305
3559134
3760188
4340321
3684185
3019306
3908375
4457367
4380498
4464907
3995611
4609835
3447491
3669794
4454136
5341055
4193041
4947133
5386971
6219385
2999394
3260042
3313306
4123672
4651076
4106075
4754188
4911378
4518612
5241259
4346156
5063060
4873247
5452410
4154199
4353736
4650295
4885067
3529580
3956193
4443705
4414957
4826871
5469592
2667268
3129304
3709093
3323666
3456961
3824642
3515723
3747643
3412391
3265870
2938266
3139141
3310394
4093005
4956144
4063181
3681026
4419275
2613830
2634296
2821022
3092328
4037575
4500140
3896943
3681282
4655270
3233462
3723573
4505135
3881415
4660266
3122008
3844731
3837224
4172686
3397637
3894008
3750748
3216948
2921766
3727457
3829593
4198500
3629300
3763412
3348400
3769294
3376423
3679481
4248524
4205248
3729022
4516891
3439362
4070509
3865411
4368849
4312554
4683252
3152690
3820661
4110867
3981793
4747784
4979481
3987875
3616322
4594399
5110636
5489250
4581616
3359524
4059585
3407322
3296248
3354981
4279994
3663048
3727145
4492166
3864774
3930579
4562981
3899269
3517552
4474780
5444168
3946428
4632297
4170603
4402246
4752903
5018130
5357612
4844423
3476542
3947936
3714038
4323350
4597637
3947900
4415995
4538218
3231386
3961828
4056242
4665946
2497523
2520214
3404881
3304775
3905338
4578775
3413839
3657397
3614922
3320187
3969455
4472467
3457303
4147255
4534003
4117563
4291430
4713360
2847670
3837433
3902696
3517455
4311957
3983235
4213879
4399042
4829462
4211273
3947733
4590089
4115562
4207153
4258144
3988963
4751425
4319831
3658484
4008601
4343816
4699689
4153630
4180168
3944271
4699748
3381897
4328216
4610831
5187487
3861937
4608542
4362062
4184015
2331266
3140646
3139939
3522860
3355341
3464411
4251770
4869565
2461810
3311891
4023658
3891505
3264023
3492704
3598302
3718392
2498308
2671057
3235422
3613877
3597883
3359337
3320962
4014557
3814953
4081740
3639057
4233630
4421395
3413856
4202327
4790201
2388333
3027186
3392291
3576229
2705011
2920094
3692955
3748308
2440477
2860119
3658100
4286098
3321600
3732089
4294901
3721167
3297905
3344405
3493261
4421696
3379533
4198150
3469225
3707237
2753623
3634344
4251725
2434513
3120854
3376064
4001893
4150003
2568675
2751015
3472014
3588960
3582739
3695393
4342822
4315431
3480656
3822731
3468484
4233210
4072347
4559924
4414009
4799445
3877896
4733753
4622677
4775741
4817483
5817306
4309780
4987844
4299740
4557403
5550852
5358581
4918913
5915072
4386177
5212400
3942297
3722956
2847273
2848650
3041752
3122642
3328929
4191532
4727267
5407510
3035796
3160726
3417822
3499678
3080614
4017127
4120831
4595114
4946290
4234736
3869409
3543779
3808901
3981411
4904460
4688993
3513424
3686489
4456344
5046686
4768178
5524603
2395592
2713678
3683346
4028160
3020505
3527488
3410611
3779278
3188074
3315348
3695753
4472451
3281901
4115337
4554685
3790262
3646810
4086606
3789791
4521534
4766977
3514176
4123065
4411352
3269559
3297972
3425618
3907188
3956704
4598804
4592347
3846682
4267271
4671853
5505987
5727156
2671464
3382283
3652888
3927722
3774324
4357940
4142383
4254663
4490990
2865534
3474541
4199154
3205546
3851051
3800132
3977247
4029176
4918453
2981986
3847344
3993945
3349405
3453074
4341398
3492849
3846148
4404692
4488096
3116018
3132389
3499894
4454154
3978917
4404272
3993315
4035103
3253424
4154031
4946160
3971877
4810014
5789379
3793750
4378999
3505747
3746711
4650369
4161781
3980574
4401505
4503931
4272836
4817608
4608379
5041329
5223361
4842858
4771337
4076409
4970824
3023030
3460147
3952391
4204870
3838499
3969343
3585263
4052120
3744415
3881874
4806739
5025139
3968293
4396943
3932914
3648608
4343831
3900870
4407221
4909314
5097028
4165789
4434236
4765195
4492235
5065483
4357583
3580232
4382500
5118294
5395143
5994612
2963872
3404940
4388937
4933737
4539242
3944619
4500203
3538745
4038401
4552615
4084878
4799307
3745790
4695841
5181347
3883928
3091472
3366104
3839728
4786670
3308056
4285414
3745147
3878376
3879618
4527797
4951798
5764828
3445713
4108819
3371086
3757186
3021687
3899332
3409892
4212979
4486812
5163315
5078539
5334751
3056875
3544527
3850493
3982474
4294633
3324045
4066631
4331560
4489678
5405648
3389325
3771277
4185306
4923716
5672315
4868518
4921454
5649858
4147214
5112605
4177156
4465064
4364647
4650620
3269586
3440953
4198501
4353590
4991242
5257104
3671462
4361263
3231814
3422431
3664124
4135750
3243750
4130823
4240690
3342697
3869035
4193734
3480487
4087823
4974702
4403809
5277463
5592802
3519754
3540331
4094273
3470255
3218252
3365093
3273910
3423875
4378127
3729006
4392031
4129665
3860526
4678227
4967588
4751671
5168549
5602491
3590578
3417795
4299105
4464354
4713109
4635555
4281595
4343048
4707306
4361823
5167872
4720006
4403723
4507685
3841027
4270291
3732494
4691790
3370784
4325352
4094043
3920416
4105498
4798958
3761176
4453762
4955032
4352697
4602505
4817929
3877093
4497016
4700194
4624240
4558394
4556902
4428456
4716500
3842944
4813496
4164076
4606654
3687173
4412927
4583253
4257076
4650549
4712926
4972684
5013019
5026689
5125451
5293776
6062586
3077037
3993220
4601995
4248112
2999352
3785741
4341307
4911011
3750633
4369914
4162244
4442811
3179446
3525287
4468734
4004142
4014833
5000378
2770894
3435457
4301994
3892840
3801935
3856580
3732636
4682524
5141161
3608629
3778114
4619792
3643667
3857056
4060590
4306101
4560072
4441324
3516556
4506115
4260321
4759153
3622780
4499056
2764746
2894955
3477611
3538894
3939672
4695037
4256202
4350468
4789329
5255340
4750714
5248044
3541916
3697573
4030443
4642318
5082311
5649735
3647252
4597076
4484746
4292520
4806394
4750528
4752864
5359500
5704832
5124311
4234620
4901366
3101595
3334312
3454972
4133314
4601067
5518124
3640442
4232815
3528743
3056653
3403274
4209610
3682168
3640793
4387705
5368559
4132647
4947117
4530903
4894950
4891727
4254820
4623976
5035032
2558704
2660334
3165157
3692370
3755887
4419177
3526411
4500442
3168086
3624482
3982838
4754479
2908121
3244262
3849569
4432916
3495941
4474687
3587546
4204892
3986382
4652239
3563988
4152507
3452250
3782178
4569635
3998521
3861492
4116441
4077021
4124423
2526441
3036596
3206517
3229840
3310089
3522606
4417938
3938422
4068756
3826139
4653298
5594356
5339682
5461059
3250361
3536160
2713719
3456934
2557803
2930968
3225610
3642872
3492253
3699534
3497906
3902722
4014435
4202023
2925291
3532595
3110087
3188697
3320059
3364962
4016846
4082177
4076462
4473734
5017187
5717720
2755977
2827740
3347278
2821213
3228731
3417218
3917261
4899787
4190474
2859119
2890215
3717335
4082699
4302922
5179087
5063793
4632489
4305035
4085203
4806089
4674507
4835943
4170733
4397154
2825074
3728701
3980405
4169381
4176762
4199036
3217173
4054701
3552670
4173925
4032481
4850159
3660445
4132832
5063102
4276463
4077201
4116859
3801099
4781758
4229175
5105084
5192930
4208996
4947329
5135305
4683466
4955880
3783499
4220414
5164912
5198023
3268446
3448308
3804465
4795932
5162935
5973444
5186577
5267985
4669432
4084385
4152280
4019342
4704775
3864012
4779883
5044573
3818879
4533047
3739135
3116279
3980198
4602191
3917365
4535110
4403272
5219402
3843850
3957411
4036649
4267943
4824332
5031843
3802266
4034585
4762789
4881638
4424495
3645840
3734614
4560131
4306449
4435658
5082783
5170529
4828338
5033389
3538070
4165045
4567756
4564348
5313609
3478679
3424848
4216658
4822983
4520647
5064593
5415283
3977873
4832581
5175690
4630865
4883291
4698235
3018796
3557003
3389284
3692972
4196130
4860002
3710519
4413855
4034606
2944580
3071692
3359968
3736833
4571642
4249986
4377059
3573602
4061446
3810830
4569231
3674131
4168725
3748013
4426000
3071797
3753662
4307583
4533203
4827731
5415666
4185345
4197680
3719255
4194257
4590466
4595995
3224112
3473236
3343983
3663392
3795222
4463970
4090302
3803212
4119574
4344612
4967010
4781235
4113839
4387626
3992644
4078124
4115211
4972954
2851414
3389520
3642922
3673376
4194254
4643665
3713600
3869963
4156236
4133457
3500793
3956965
4244507
4655913
4282282
4606606
4639169
4148367
2719951
3562471
4093340
4548595
3588027
3701333
2991344
3022116
3762545
3821265
3952582
4413379
3312546
4084232
4894161
3547722
3490116
3503558
4210587
4779429
3393142
3933828
4454353
5254063
3608650
3355823
3970735
4130825
4068168
4089365
4444186
5344951
4273281
4809314
4898349
5804135
3872347
4253571
4254003
4405713
4071138
4183848
5158686
4724133
4741023
5065890
5313541
5838693
3939385
3242290
3341806
4263255
4119439
3842678
3970158
4053273
4587232
4597275
5249063
5117609
4713469
5452705
2918336
2933382
3920561
4260956
4592988
5511431
5698543
3442160
3549299
3612199
3767983
4348517
4823205
3519021
3864982
4307822
4056626
4690982
3936883
3920740
4609566
3860857
3621701
4089288
4484469
5200463
3846585
4265950
3536725
4482760
3876975
4144878
4932360
4929294
3724020
4003272
4314347
4900002
3727244
4355731
5296854
5196687
3678312
4221491
4233934
5117032
4801364
5264922
4708276
4028252
4665141
4866670
4586528
4983256
5767691
4959476
4035487
4779386
3401654
4037526
4847647
3765345
4214487
4213158
4440346
5189496
4866115
5032132
4360586
5021519
4401381
4960034
5498945
3355984
4044535
4517050
4398567
4883817
4316999
4730029
5446123
5988038
2724412
3416462
3161387
3876059
3432204
4419771
4012224
4313109
4628747
3950954
4945439
4303964
3538468
4413825
4203490
4498189
3739334
4107445
3299940
4251095
4588433
2819020
3365855
4320107
3626918
4580537
5090000
4340618
4577313
5029917
4246888
5067292
4217873
4769034
5241845
5432901
3818692
3999055
4471699
4828195
4812771
4143160
3877096
3921984
4860761
4165488
4746793
5147105
4197869
4783943
4595636
4379850
4380377
4827758
3726774
3743488
3280322
4119766
4234046
4617577
4165709
4090148
4642181
4098298
4644183
4518919
4103293
4788200
4983401
4589783
5073994
4527983
3382681
3510340
3645158
3736193
4097060
4530871
3904817
3981792
3897281
2906226
3480717
3947659
3195482
3761708
3552267
4551110
3875089
4208507
4170751
4752992
4782300
4191793
4496559
5256213
3837489
3296167
4147743
4862741
4891647
4002470
4582509
4732762
1844391
2566442
3111507
4010919
2814671
3397776
4162191
4103725
3725197
3811250
2561803
3282886
3433412
3438399
3947887
3949518
1909972
2246470
2413527
3299317
3549655
4005855
3870030
3000331
2726922
3190959
3194087
3446582
3554866
4497307
4257640
3186265
2849704
3408513
3327502
3888783
4222198
4605350
3875451
4376965
3116293
3262826
3070185
3310263
3793400
3934833
4859640
4874797
3731407
4069871
4249965
4654413
3002813
3340390
3950022
3816577
3953076
4206001
3574221
3983674
4327520
4182698
4447207
5380285
2853147
3585806
3634099
4402700
4208231
4799644
3983778
4806677
2408094
3076342
3207088
3255622
3272134
3362589
3804105
4192503
2685784
3622112
3324859
3773825
4055214
4652719
5138203
4035571
4004922
4531024
4212490
4533803
4506047
5118412
3455591
3598066
2878999
3207001
3997801
4359874
2830004
3284365
3400959
4169510
3377485
3889098
4879049
5041847
4047720
4094092
4271957
4793920
2656629
3142503
3195985
4032188
4819453
5290392
2806804
2901241
3334313
3838639
3775968
4768672
3858155
3927710
4198478
4613519
3037756
3802172
2465710
2719912
3424949
4046292
4379097
5095495
3556268
4108185
4448592
3885790
4471123
4744808
4015916
4297463
3158504
3516554
4182266
4451772
3361439
3858145
3988060
4909624
3729381
4132059
5056343
5716987
3824616
3880073
4592485
4720948
3945918
4433790
2987483
3265503
3355928
3707976
3334308
3875069
4640293
4332689
4396677
4515282
3782124
4382406
4458059
3334362
3383248
3801254
4102927
4679864
4996021
4646212
4328398
4363190
4195780
4875187
5066323
5198190
4631561
5154987
5295069
5827155
3363416
3528995
3993367
4248303
3556922
3618495
3569170
3859988
3707935
4357797
3030982
3444618
3732279
4569878
4415499
4431453
4301769
4450962
4782237
4838971
3456804
3545381
3235280
3755394
4185829
3744838
3892673
4469558
3020906
3290900
3598942
4153573
4927671
5897005
4067247
3697471
4380696
3736900
3499926
3590349
3422353
3484718
4390064
4152336
4280985
4376181
3181570
3424094
4042081
3906073
4645224
5359745
3754322
3886018
4303968
3932255
4425103
4981164
4886391
3887401
4162590
4637858
5353573
3755162
2486293
2801315
3325436
3382254
3726901
4213324
3463636
3758016
3460555
3598062
4080606
4412969
3195529
4050116
3391445
3429343
2922046
3878650
3470356
3936411
3906661
3163422
3252590
3990984
3054711
3086542
3322271
3674070
4248889
5134082
4056447
4275168
3297916
3534723
3813126
4214909
3219121
4038252
4298917
4521572
4569643
4283374
4231313
4424675
4887700
3508479
3542872
4188347
2856859
3849945
4068558
4278887
3598709
4023871
4304130
4686918
4041134
4960309
5071825
4163411
4389087
4136989
4129938
4704075
3852617
4520309
5221159
5828833
4993808
5011071
5764818
4762354
2461434
3053622
3974222
3454090
3532871
4279651
3723700
4006281
4191832
3345969
3425714
4012310
2895968
3578123
4225133
4144182
4594581
4941582
3327298
3805315
4039305
2998738
3977674
4311996
3459247
2312093
2825434
2964697
3205812
3476316
3947314
4512898
3903828
3672088
3802454
3945758
2931685
3741480
4739219
4908588
3456791
4201247
3376020
4134324
3582403
4560506
5121730
5445853
3856011
4591941
4157072
4539903
4379891
4963287
3589763
4444340
3968404
4675311
3488123
3615008
3895245
4408555
5174852
4164498
4043850
5040399
4101098
4909563
4019162
4066809
4051797
4116631
3493013
4434210
3306232
3302561
3588851
4509476
4232039
4438608
4477998
3286344
4245845
4679703
3486431
3862486
4618130
4280568
4387113
4471555
3609366
3842110
4686417
5063428
4016560
4457709
3650848
4226202
4687812
3728722
4656165
5655344
4886721
5019481
4381110
4437678
4150612
4870183
4309473
5060090
3762723
4031431
4226220
5071824
4093901
4633942
4274269
4844375
4548315
5251132
3198537
3588007
3863445
3673341
2888341
3482604
4441211
4826310
3555564
4377363
4083811
4766808
3553565
4525398
4166421
4545735
4393495
4966710
4484696
4848147
4671604
4933589
5340766
5123659
3887153
4082928
4800469
3377621
3832103
4091318
3626081
3443652
3689097
3833167
3952676
4449198
4604137
4981749
4216980
4266171
5232672
5491353
3907331
4332792
3559410
3574748
3796625
4666841
4812352
5110134
3204226
3257206
3769618
3774532
3794849
4363897
4389415
4782072
5252149
4704185
4460805
4757315
5066850
5257434
3271556
3598093
3709100
3797571
3677565
4106372
4117714
4904370
4605212
4612752
4229993
4787860
5098350
4700248
3800791
4087377
4158849
4866025
5180683
5317725
3816150
4041834
4260705
5210573
4208398
4621240
5273429
4428152
4897669
5241957
4598690
4823500
2918786
2994421
3880709
3220632
3221614
3980461
4533631
5404725
3147221
3103743
3948432
4902704
4447625
4308899
4746556
4122267
4473230
4801794
3743929
4508573
4879814
4186339
4659394
4800755
3676236
4042605
3844848
3766719
3573189
4172714
3241545
3406284
3664960
3687388
4230316
4829060
3470703
3631570
4365285
4270970
4311442
5123135
5089210
4248245
4732855
4971489
5626047
5167556
3968596
4491221
4538877
5320199
4520118
4673330
3316284
3895815
3539790
2950695
3726143
4362322
3071144
3100365
3717167
3812678
3626812
3768423
4319297
4634016
3325687
3505535
4284835
4489313
3353164
3838541
4788694
3464742
4118224
4755429
4940738
5199964
4625535
3607001
4061189
5032647
3713618
4665685
4548031
4075279
3757572
4035181
3877794
4424603
5042940
3707301
4618626
5078092
3844142
4746811
3717591
4665427
3965408
4189647
3995981
4176127
4087342
5063157
4778273
4893866
3047133
3333771
3642626
4414593
3817352
4038248
4142131
5055240
4101828
3601103
4054628
4355422
3786496
4464118
4553257
3917826
3630775
3752844
3820991
4665169
3923872
4780860
4683607
4122075
3732444
3799576
3824409
3894609
4641227
5329841
3433065
4410451
5165438
4501629
5302744
4896877
3986917
4416546
4077969
4497147
3753862
3834352
3914182
3947913
3142068
3245556
3805550
4747561
3691357
3756103
3452937
3984814
4208601
5067870
4417520
4760086
3549340
4289334
4492638
5384251
4280386
4456101
4927196
4665931
5129719
5291788
4652841
4852301
5275936
5303422
4991540
4820431
3083537
3726752
3728087
4664030
4030375
4245936
4704472
4099297
5044764
4590446
4649848
4909265
4943155
5566485
5234272
5817203
4548731
4964016
4631407
4841544
5523640
3690478
4275832
4570072
4678619
5236661
5494683
5072166
3183269
3307300
3492822
3768530
3853376
4616270
5092569
3842523
3995096
3579205
4558284
4903801
4360776
4858365
4023918
4059012
3554027
4219018
4956678
5909681
3546790
3511213
4361804
4701492
5314413
4987328
4476689
4558504
4215506
4321775
4935183
4462610
3917069
4662043
4180339
4520332
5156723
5297502
4186705
5004334
4749682
5225776
4303162
4817864
4018062
4815319
5667272
3705343
4279054
4851044
3700992
4399370
4063281
4316380
4840841
4980458
4369049
4408965
5172598
5051189
4438945
5127775
4206090
4517163
4390111
5184958
5075324
5628691
4988404
3827044
3645498
4504852
5219743
5610056
5944752
4571848
4696875
4595228
5318956
6071637
3078799
3452257
3627537
3925433
4238032
4553589
4599009
5492935
3608424
3808903
3975091
4566926
4070073
5043052
5280221
4756952
4115628
4197803
4523178
4176382
3951702
4188556
4260663
5136889
3687458
4136403
4329103
3750295
4529390
4912238
4049877
4449630
4423092
4858042
4530171
4481873
2681270
3347828
3462534
2713252
3167590
3254906
3704033
4116266
3816663
3310998
3891268
4776356
3692395
4331754
5321637
5057039
4942606
5665523
3924377
4067794
4178398
4653908
4094006
4894447
3787485
4080407
4328428
3996786
4811468
4778817
4304912
3979847
3930193
4504239
4893325
5435960
3277124
3684915
4241463
4769419
3844057
4003616
4763096
4884073
4043381
4203921
4296942
5164790
2816245
3710444
3736549
3828722
3987400
4032794
3140153
3584138
4339334
4578370
5483325
4761680
4530853
4805618
4766207
4413840
5016258
5036481
4327024
4036414
4510269
4607284
5243433
5263788
3614240
4053297
4134589
4544637
4299108
4471157
5056728
5550875
5522084
4900010
5618083
5697170
3323205
3464483
4429057
4607207
4571890
4307317
4282585
4353113
5267967
4305413
5155238
5546505
4290952
4711829
4920120
3773036
4462586
5362929
5523087
5530976
3925850
4227751
4686093
5100965
3526338
3706497
3591731
4253139
4436353
4933324
4449224
5024892
4571197
5140213
4965438
5016763
4577759
4670376
5045978
5046790
3579576
4233014
3899657
4815684
4198175
4956099
4579207
5558484
3553336
4031836
3686503
3976978
4145330
4349133
4811327
4447636
4071263
4433966
4502256
3919391
3972034
4388302
5030091
5220802
4203195
4812732
4193802
4713853
4134007
4476771
4860108
4808412
2652250
3640852
2683260
2815488
3628173
4273609
3378591
3661525
3056647
3093225
3460287
3682704
3494542
4212615
5046011
3929891
3329791
3989800
3737829
4263365
4576634
5244531
5195762
6024626
2461983
2662155
3062154
3887797
3796180
3899525
4016202
4605027
2733011
3513590
3656315
3836468
3840142
4623798
5052267
4034230
3110462
3631440
3905357
4147810
3999934
3939547
4770574
5217712
3197946
3586343
3772055
3570278
4560703
3774372
4257519
5044390
3939256
3879687
3318252
3872263
3801596
4129094
4923166
3679379
2407408
2769851
2933386
3332201
3260612
3814637
3820371
4493467
4244451
4325883
4298221
4731286
4963228
5239925
3348322
3635941
4632419
4521863
4544593
4726910
4388592
3843580
4656255
4264289
4972505
5247820
4833161
5322887
3518986
3531675
4120660
4965443
2650760
3628645
3711433
3225225
3494122
4353097
3004915
3511958
3661954
3945822
3717939
4668179
3320257
3333515
4286080
3934253
3259835
3613697
4116687
4404134
4264937
3827257
4159230
4185149
2852407
3135505
3263251
3860294
3363828
3383407
4169895
4007095
3609212
3940550
4010777
4076196
4098459
4523650
4450094
3980868
3860769
4393411
4986979
4550459
4812734
3745186
4069879
4954179
3141196
4062672
3213777
3802102
3642552
4268824
3685854
4110588
3765219
3577867
3697581
3943787
3826603
3865159
4601729
4461710
4199810
4256615
3454936
4367821
3408396
4385879
4677735
5270510
3281013
3432045
3846737
3668192
4548590
4411861
4308757
5187400
4203518
3403711
3333716
3395981
3287873
4237108
5088503
3774522
4258484
4840516
3759512
4300245
4300370
5056989
4686303
5501637
3276070
4171903
4184910
3022565
3541414
4226230
3558154
3675780
3448000
3601068
4247040
3845631
3526157
4326127
4510659
3834972
4002094
4253274
4965881
4024759
4455636
4848843
5583431
4276153
4317804
5163184
4346845
4634746
5224249
5746723
4388154
4796260
3296536
4086113
4353593
4593161
3412726
3661604
4015415
4736141
4474879
5150809
4220636
5177192
4809204
5660639
3906016
4030035
4786445
4975318
5519587
4456106
5348719
6228316
5290210
5832195
3851926
4849949
4530484
5052434
5521842
4216805
4722371
5082007
3559821
4331876
3520641
4247718
3845035
4299871
4690617
5282709
4872714
5858097
6388250
4671542
5522826
5223524
5327707
6109708
4714180
5418464
4543730
4638288
4987849
5218503
3895626
4232957
4742817
4797277
3189070
3670747
4079905
4742203
5531818
5685617
3731839
4007553
3904273
4066741
4174469
5035738
3494925
4149551
3927265
3294557
3410128
4338979
3674030
4628689
4594977
3414428
4321995
4892605
3739427
4422911
3588566
4210482
4551545
4742233
4381487
4615977
4745421
5465780
3886275
4456603
3723088
4442985
4082591
3575101
3977765
3968294
4065568
5033162
5718753
3650952
3501520
3613486
4036129
5021375
3971660
4271697
4650154
5583928
4784394
4076607
4098422
4144927
4554053
5475758
5029391
5004266
4521165
4732165
5274173
5325904
4027732
4469970
4541226
4418976
4632891
4572025
4738179
4974276
5591495
4566462
3504800
3867340
4315665
5150588
4780162
4241577
4456501
4482671
4255817
4701790
5015376
4506090
4556043
5007166
4696381
4495228
4655673
5135068
5336559
5444681
4145696
4839689
5539902
5865792
4624009
5457211
2443894
3312498
3569913
3327563
3476954
3881936
4105192
4303362
4047017
4031549
4920357
5374991
3421866
4172577
4601930
4520334
3930027
4082360
3381100
4014464
3812442
4081090
4272146
4618661
3223958
3885518
3889532
4165903
4192687
4806427
4130610
4989481
3733743
4256506
4489117
4555588
3390649
3909948
3994920
4649458
3556007
4441215
4872663
5512056
3807659
4092200
3316042
4251955
3208009
4066124
4239770
4591362
5169395
5378931
3998806
4903638
4793051
5167757
5292819
4152998
4471182
5003138
4293164
3837012
3553361
3807103
4244840
4492542
4905015
4826088
4995201
5447272
3006875
3072795
3133603
3578085
3200314
4184168
3644485
3981093
3084827
3177839
3718812
4488251
4339853
4435772
4431163
4455292
4171379
4368772
4232224
4647612
4659401
3926413
4450017
5196928
3656675
3857604
4633964
5102605
4399272
4723883
4188029
4307849
4444766
4732158
4482381
5041251
3141784
4088366
3686573
3469170
3808633
3860866
3790059
3933714
4164327
4369389
4922311
4833144
4090768
4092691
4093213
4296942
4797268
5453816
4430116
4961345
3761657
4457708
4103545
5075612
4049828
4814666
5122467
2924506
3125009
3967036
3686800
4377075
5264467
3906867
4208007
4756642
3071136
3157593
4128199
4722658
4714115
4808511
4401288
5328976
4307721
4327103
3412532
3989139
3278300
3465427
3543788
4243270
3792390
3950425
3303632
4300595
3976442
4504270
4868584
4918990
3507748
3618024
3882513
3378211
3439871
3606998
3882564
4071577
3636931
4384347
4347781
4896784
4389746
4773413
5204472
4443874
4083289
4273435
4917937
5813415
4442932
4412034
5153906
5075471
3684900
3771479
3859811
3877588
4525983
4695574
3581426
4069689
4275540
5057350
4611785
4911128
3881993
4541391
5469593
5203185
3893466
4437548
4584800
4076726
4627836
4708208
4776481
5224288
3763543
4434191
5114126
4471284
4284448
4532016
4703761
5556978
4503047
4724587
4944707
5514889
4621457
5354546
5208828
5264186
4531720
4864466
4132140
4762908
5117096
4391017
5380139
5219783
3973528
4566726
3276818
3411451
3649879
3783020
4648155
4788833
4486984
4455133
4704080
5216515
4185529
4794275
4293106
4811470
4322474
5308174
4615384
5463714
5071261
4227086
5213274
5752938
4789355
3460161
3721831
4061159
3437587
3794468
3070025
3079607
3113125
3820231
4209617
4508406
4858682
4945447
5249400
5062654
5801792
6355125
3529827
3799544
3584346
3896318
3850254
4597063
3667882
4628786
4419506
4202442
4353584
5332659
3421176
3494579
3750142
4447351
4959754
4051395
3549992
3870989
4649549
3686703
3836932
4486418
4332400
4666877
4292057
4105582
3726471
4503623
4045373
4379056
4236257
4269998
4450861
4694348
4569057
3902213
4545362
5195582
4530946
4777849
3426026
3508089
4463787
3946951
4045921
4606670
4235510
4538513
5258935
4641269
5367825
4533882
4613006
5465369
4046814
4859183
3953320
3972880
4750925
5693067
3860998
4156933
4952553
5934362
5192811
5347199
6014809
4409725
3743369
4037038
4437196
4821952
4876996
5001267
5606539
4509235
4000042
4447329
5338267
3864461
4173019
5004397
4211110
4331497
4732691
4423046
5388581
4302730
5018258
5068556
4654079
5508509
5395099
5892305
5378435
4946330
4771738
5621834
4940389
5570918
3696226
4392099
4705618
4312612
4633707
4151428
4003579
4039760
4218974
4989136
4769100
5206194
4893145
5453027
5702967
4645152
4330168
4828525
4940064
4852126
4556983
4073049
4772756
5477981
4407319
4456165
5001901
5342686
5198638
5291025
4063286
4095624
3928278
4172507
4896069
4561116
3810962
4262567
5137298
5235907
4062412
4210266
4979813
5291560
5727117
4488870
5179224
6035368
3297455
3828049
3674029
4353530
3103969
4015594
3407189
4349985
3650203
3882258
4837221
4926539
3053077
3493483
4447727
4824498
3927549
4051874
4314995
4554539
5262340
4646797
4569716
5520439
4129428
4399833
4346698
4981106
3744751
4358033
5214086
5634151
3823062
3981178
4260226
4709536
3455754
3638996
3306961
3634031
3777622
4728389
3138951
3877220
4029528
3888001
4242989
5187740
3771767
3877540
4280286
4143127
4717363
4923132
3419707
3838464
4733579
4567079
5482820
6386701
5172805
5890305
4207162
4562718
4467736
5006082
5461555
5285516
5220255
5992267
5793718
5890195
3055463
3610204
4428267
3974240
4523717
3669030
4605361
4836852
4182786
3772921
4035996
3937812
4111532
5006793
4027223
3533404
4323978
5319932
4221999
4726931
4056947
4071694
4688842
4914860
4048232
4498492
4643315
4853409
4867849
5221765
3960452
4480479
5258022
3814717
4590836
4229573
3780143
4246740
4115687
5046510
2943821
3417417
3739619
4555641
4732402
3926837
4595070
5166631
4867081
4698517
4394139
5268078
4728408
5035183
4328957
4444494
4919235
5430369
3701362
4166428
3878078
4557407
4714881
4450879
4734527
3981088
4335814
5033397
4791262
5203812
4546676
5479950
3667573
4339444
4353438
4151893
4563693
5294277
3822909
4353498
4574982
4503505
4635798
5213687
4686385
5095108
3873405
4371123
3802643
4277225
3889535
3946859
4036342
3680676
4108329
4378765
3222938
4214853
4046827
4362388
4326119
4775233
3985736
4913322
4380927
5139525
4684774
4362115
3249352
4164337
4149776
4618401
5514184
6022178
3669918
4222153
4532603
3629312
4398657
4727041
4630851
4254048
3913689
4505240
4313996
4946518
3867867
4789731
3977492
4722328
4505775
5314558
5029079
5869844
4984496
4225348
2724083
2788820
2649650
3646332
3696127
4630031
4783487
5550195
3082112
3150465
3558439
3649498
4477409
5417546
3749368
4682400
3537726
3895618
4096875
5092292
2594197
2682923
2953857
3627093
4039358
4732683
3508866
3838935
4117107
3647435
3885456
4644775
2746439
3164714
3161220
3614239
2643449
3077500
3754613
4202762
3728698
4470622
4292188
4572729
3364949
4279991
3098308
3790731
3142374
3788275
3898069
4463804
4042936
4983177
4149949
4376237
4452394
5204253
5030964
5494418
3782295
4231162
3153718
3386791
2524178
3356264
3708217
4328043
3616300
4123785
4110691
4402487
3237462
3398947
3455715
3732303
4046621
4982762
4642515
5611552
3216445
3730400
3345546
3848105
3401948
3505244
4193236
4223355
4061945
4087200
4451322
5404842
4750211
5510438
5030595
4478709
3627945
4248703
4776430
5132244
4516572
5032543
5017352
4429055
3390630
3864020
4156271
4337280
4123617
3782034
4441460
4646502
4009645
4577671
4377677
4387095
3782741
3868078
4261414
4315362
4679071
5451899
3942009
4481415
4535446
4284625
4290180
5228830
2942627
3323007
3795941
4734141
3758654
4625824
4313102
4959326
3363406
4104958
4533363
3826308
3681049
4649294
4480606
4666955
2904812
3767171
3924068
4389305
3805315
4391857
3687163
4650854
3397584
3881065
4028576
3055716
3911804
4309818
4739151
4432973
2347832
2200071
2434790
3168635
3632414
4385382
3842219
4524978
3827048
3857476
4232706
5059334
5192070
4802562
3873586
4613226
3237822
3448596
3534706
4470741
4138123
4775430
4374403
5148407
5239502
4859735
5573489
6232046
3936395
4401095
3910135
4112574
2345683
2852488
2859370
3469341
3605611
3811168
3794404
4485760
3706825
4619763
3330862
3461735
3416545
3669645
3717225
4456106
3449413
4378167
4579363
4657729
5160425
5766388
4849385
4855826
4443838
5361229
4405453
4902332
4850689
5552258
4356451
5271669
3009005
3287198
3423960
3703860
3461890
3819879
4522279
5436948
5144301
4624162
4772664
5508511
2855050
3528921
2946385
3657440
3646290
3930794
4185915
4758629
3649053
3847239
4290541
4544308
4474332
4879244
4500651
4379848
5175865
6024583
4882679
2923692
3376118
3416865
4093670
4793010
3010949
3882283
3132528
4029331
3663529
4133556
4144195
4440235
4113174
4597674
4808000
4959716
3021313
3117678
4109105
4482632
4400453
4655547
3132336
3716481
3930935
3644430
4092345
4244990
4545628
5246900
4052384
3505311
3641199
4137640
3329686
3786253
4562968
3228313
4204255
4981261
3681050
4102808
3880567
4765038
3990983
4557333
4939576
5320002
3452563
4058922
4732601
3607328
4349700
4443441
5120114
4826189
3854948
3869266
4201806
4870039
5501100
4507769
4626221
4526659
3881463
3910813
4865965
4492716
3571711
3655628
3087333
3498170
3880326
4569713
4070524
4852896
3131094
3217911
3485289
4377788
5041198
5092554
4236366
4929772
4467439
4158097
4871045
5111289
4141487
4142411
5076338
4636824
4796400
5245668
3149527
3618036
4238578
3875282
4453826
5307607
4375189
4813767
3693891
3373750
3928424
4520254
3994272
4334198
4478245
4757928
4546422
5099420
4747055
3834811
3857310
4267486
4450949
4585295
4761132
5297377
4729507
4332145
5208096
5537364
5315495
5651886
6144514
5886821
3921487
4195470
3729877
4338712
4664817
4119072
5098315
4766458
3027231
3916703
3786476
3986579
3734673
3895172
4285864
4633127
3671452
4024473
4278702
5159308
3028506
3942655
4369610
4784601
3546945
4114857
4706957
5604531
4516971
5264939
3687030
4439886
4443503
5167646
4996761
4079243
4085804
4414399
5087992
5585340
3722771
3522077
2921329
3765541
3248415
3870212
4088005
5048722
4000134
4944617
3544606
4182197
3527973
4500284
4811270
5326621
3254028
3653673
3711494
3655666
3926221
4658377
3666328
3595210
3759578
4573432
4661954
5643930
4312762
4687257
3477110
3984158
4837385
5815479
3822033
3908905
3758213
3872011
3625787
4577428
3503206
3682268
3869700
3166347
3539434
3730619
3767501
4674838
4696952
4985424
4396284
4888756
4090631
4576830
4421477
3672849
4397828
4930485
3768001
3876259
3632248
4561168
4915998
5552988
4355747
3988048
4341917
4436553
4738321
5260652
4426600
4527530
3383219
3987983
4890498
4819937
4752925
5701166
4405896
4613042
3660352
3948646
4594446
4968028
5288223
5193131
4437398
4661360
2600770
3292976
2851148
3410269
3344718
3368855
3356428
3732663
3938697
4334980
4670246
5305351
3712059
4545512
4695156
4700408
3148676
3895324
4132026
4735139
4208923
4298759
5219559
4403868
3558388
4114302
4977631
4195478
3617047
3940088
3748144
3826801
2995574
3580945
3969412
4346900
3764204
3996299
4634760
3433591
4070904
4847789
3848491
4278221
3356700
4272052
4690389
4484877
3073784
3346407
3787536
4012702
3635047
4505256
3627219
4308794
4161558
5041415
6030173
6916762
4657858
5579602
4337537
4650743
3279860
4247572
3476383
3511206
3521873
4302251
4699284
4742500
3771787
4190543
4171569
4378512
4763950
5260622
4042881
3936061
4768985
4458805
4007056
4594943
3765470
4004778
4468079
4746572
4175834
4930439
3565580
3769164
3943082
4866736
5177724
5257617
3156401
4150806
4655546
4024792
3780604
4365656
4026671
4466774
4234076
3561764
4292985
4944139
3428946
3637347
4352544
3844353
4397341
5393173
5091055
5983678
5203613
3289448
3902592
4585360
4328588
5307679
4285910
4288413
3545415
3643431
3714234
4328783
4054554
4464644
4960686
5188149
4938648
5627368
6454180
5869713
4783949
4628650
3859611
4609979
4815320
4243589
4904322
5042942
3451974
3903488
3686075
4454691
4035502
4750170
2951974
3433541
3305677
3016964
3438792
4386112
3837067
4469141
4243971
3969331
3813633
4509078
3257075
4022338
4294032
4374545
4215932
4427138
3281318
4216520
4354708
4881411
5047516
4693274
4755069
5478821
4651202
4178286
4937091
5657612
3283559
3410717
4227957
4029661
4135813
4660664
3384356
4212123
4453984
3312954
4227639
4564599
3416023
4328422
2334314
2505614
3017099
3189370
3172346
3865234
3513096
3451367
4182114
4872534
3839925
4197729
4975050
5126620
4815078
4905203
4113004
5016646
4631683
5375310
4640220
4962639
2930930
3448289
3423650
3202072
3545975
3901812
3865740
4385171
3337323
3280276
3979614
4964028
3475889
4011376
4125345
3899014
3664975
3784860
3642943
3948407
4535422
4202007
4488501
4732225
4386414
4657087
4644424
3432062
4412382
4479155
3210533
3892301
4707807
3945234
4343879
5011275
3818188
4727194
4691346
4744256
3578072
4179757
5124428
5208084
3187939
3889573
3752671
4271772
3778834
4050441
4613277
4429131
5001993
5132528
4111198
4228056
3667933
4191127
5063875
4623505
3818950
4467994
4864116
5038714
4038682
4381024
4271957
4914696
4607295
4709503
4750343
4485478
3801026
4168309
4327829
4052615
3935813
3958908
3884279
4611365
4326669
4982296
5450761
4254688
4015369
4442982
5307354
4857580
4976491
3236222
3733991
4432240
4446172
4748626
4900479
5327247
3580911
3906747
4456290
4813528
5081386
4650549
4993415
5462040
4690424
5649449
3483769
3527968
4247519
5031592
4591024
4100470
4525797
4582017
5035786
5945674
3893454
4694317
5130715
6026678
4394201
5158510
4559023
3616158
4488893
4456941
4111033
4185515
4935688
4098486
4207750
4815115
5096159
5733645
5027180
4415912
4539277
5095925
5033436
5933927
3703618
4048031
4051519
5037037
4643647
5268679
5080635
5096840
3969760
4607451
4537596
4272427
5222405
5483130
5028712
6019524
4448693
4843403
5519501
4045894
4077523
5026706
5776056
5779931
4578670
5266226
5185973
4377078
3014223
3085095
3445837
3952010
3979410
4956347
3845615
4335934
3283757
