960974
1951719
2913598
2950337
3894903
3909409
4899955
3940972
3874309
4821545
5721570
4840835
5794889
5810876
5846128
3906988
4858696
4803468
5749968
4887101
5831380
6712932
7628751
5825250
4845833
5838724
4783409
5691422
6642910
5736652
6689026
4905675
5898574
5795624
6724007
4880522
5863911
6658410
6730351
5839127
6765387
5864150
6852725
6670426
6726132
7685426
8597698
5841149
5847928
5832921
6816591
6749336
7717091
5717962
6627615
6637411
6658332
7631366
8554330
6698383
7608083
7618488
6766356
4841061
5762251
6757204
7694872
5830930
6793374
7661355
8596596
5818455
6762655
6769731
6747190
7583429
8569437
6748764
7689713
5766730
4839020
5785020
6696245
6658426
6771365
7685425
7580313
7574840
8484716
5740444
6649679
7567481
7686152
8630645
8654122
6772367
7694833
6776576
6630754
5763154
6664937
7582353
8498368
6795692
6731888
7715621
8691503
5831421
6774495
6643680
6794295
7622733
8526682
6743418
7672134
8583828
7712827
8655447
8762637
6762133
6633316
7632381
8573778
7671685
5774920
6745117
7655672
5744875
6671042
6691098
7679291
6895759
7774442
8673809
7639055
6704421
7673455
7768308
8669598
7647860
8592045
9502552
8546059
5763501
6733337
7650045
6804175
7757016
8674498
6717854
7684892
7701023
7749308
7782833
7702536
6764752
7746451
8629639
8682749
6689986
7646096
5718428
6619245
6722634
7535645
7599307
8519253
7577760
6733578
7668293
6652849
7589623
8499512
8515399
7790382
7588581
8529478
9454147
10398821
6711317
7611540
7572897
8513943
8498983
7765555
7748095
8586699
9572123
7723238
7607642
8521629
6759516
7717848
8614840
7661072
6762192
7691684
7544975
8472478
6685491
7608235
7609242
8516494
7678581
7747587
8708070
8579358
7675288
8577818
7685248
8589433
8642282
9641255
9611050
8689165
5877168
6861816
7725517
7727749
7562334
8485186
6824316
7763458
8564981
6824385
7771411
8703010
7638561
8596843
8560069
8629958
9583568
10504389
7659724
8627176
9534266
8666891
9537098
10483370
7631619
8533516
7626461
5752940
6706256
7608711
6734154
7651887
8588274
7614223
6700365
7611979
6600900
7533552
8435054
7749169
4813649
5780203
6745487
7701063
6727120
7543121
8529490
9431361
6910675
7833547
8660487
9595314
8693651
9594830
6728279
7716947
5776674
6750993
7695746
7557662
7756277
8660442
9570261
7632776
7565221
8500098
9400972
10380692
9527047
9471806
8626355
9587300
6763128
5762031
6734601
7679300
7768731
8692445
6758295
7728025
7809991
7598699
8513999
9462686
6667782
7574845
8484617
7624753
7683700
8584368
6751563
7708080
8507498
9447773
7634313
8623174
7681012
8581022
8703015
8635644
9620429
10582401
9662834
9482916
6727373
7683245
8574699
7689404
5714904
6693809
7618482
7752169
7708217
8673762
7597967
8547786
8583546
7681518
8588541
9549462
7698126
8626881
7661676
8638081
7748428
8539592
6675067
6810145
7780691
8653821
9480345
10459964
8675103
9586452
7789687
8506496
8551843
9475623
9484679
9599392
9411500
8698327
9641665
10638631
7693767
6709778
7612233
7630934
8491907
8724241
8554628
9473397
8619494
8725053
8636744
9562145
8611304
9592730
8557122
7735418
8678700
9468224
7737855
8695413
7737148
8654235
9491683
10471209
7616912
8573923
8668494
8571528
8611290
9582271
8604255
9522190
7716238
8710886
8604472
9565521
8465561
9389723
9431990
8590581
5855134
6798375
7760150
8688184
7657107
7662201
8631268
9562537
8525551
9456975
7735266
8725742
9517451
10425922
8618651
9551055
7785430
8689166
9442520
10343716
6769435
7766963
8690278
9498938
8661987
7669596
8596828
9547671
9594335
9460891
8661270
9580605
6705333
7685208
7817254
7635636
8601964
9572279
7726488
8664502
7656133
6766518
7730127
8638346
7743473
8653626
8759439
9620714
7800345
8748241
7730869
8605435
8696261
9579816
9604557
8743747
8527251
9444529
9499968
8636988
8701912
9608335
7755629
8660188
9565257
8669643
9664725
10602750
7673834
8587168
9585267
8717940
9574462
10502110
8622160
9589664
9576640
9602103
10521705
11482407
7696692
8603619
9490461
8678212
7583776
8549432
6658931
7606786
7699012
7583071
8552064
9522371
7672801
8636125
8584122
7598967
8501155
9486433
8501522
9439686
6763712
7740722
8600508
9521719
7583047
7635030
8517497
7709645
8569087
9559585
7808283
8684948
5799891
6702743
6684866
7595380
7579603
8518050
8631300
9438507
6721599
7632954
8514411
9431542
8642734
7682127
8598892
9544960
6804500
7717998
8712522
9459550
8515870
9438399
10425109
9661685
8681966
9586745
10577297
9591502
7597909
8566818
8701933
8587246
6725076
7656188
7749101
8661434
8582419
8508158
7579117
8547229
8662223
9563340
9566276
8506641
9481475
10381908
8616513
9549823
7633711
7842433
8806552
9730572
9586419
9666317
10569942
7746494
8700057
9637239
8594779
9588573
9460275
9436314
8694983
9486725
6709873
7665999
6687424
7660858
7649083
8564085
8670737
9663528
7794620
7698331
8690672
9638556
7737206
8736313
8693912
8650620
8666298
9632495
8471835
7723843
8635578
9382224
10369658
11353105
7594286
8503004
8478436
8603582
8601727
7604468
8563763
9508967
8604464
9416711
8572424
9521441
7626840
8592912
8655346
9588191
8588392
9518703
9568868
10483622
8552500
9458878
9586935
10562097
7726196
5750283
6694230
7617880
8601098
8705954
7694806
8639377
9545375
9519575
10489095
8582960
8629853
8688084
9647432
9609622
7625812
8539937
8671715
9621931
8566151
8568963
8547512
9493023
6648566
7623105
6742150
7663198
8592706
9562836
7739738
8689578
7799656
7805536
8729632
9662666
8542708
9487297
9483921
9420421
8723258
9584783
7677267
8664998
9561884
8747013
9560726
9481106
8586143
9534146
9624920
7721262
6746379
7682574
8623463
9588432
8580093
9525896
9504025
10457959
7640552
8555806
7711891
8653822
8683385
8645332
8658685
9645830
10464926
8610967
9521522
10452596
9575899
9592580
10535686
11445574
8558109
9507537
7709983
8612114
8581310
9551379
10466004
9592560
9478653
10411742
9661920
9586802
9470525
10413517
9608697
9500485
10424262
11344338
11566717
12509195
7698128
8636240
7580481
8520815
8539439
8641983
8582246
9526362
8579874
5743535
6656037
7617951
7616059
8579160
9539132
8511897
9499930
9595083
6775522
7699631
8691715
8548828
9501016
10487416
8621266
9544601
10490859
7625232
8602214
9507319
7699620
8670405
9640102
9529693
9601695
8638731
6624886
7548537
8486264
8460024
8589977
9532722
8646799
8712045
9649893
8594633
9560212
10555567
6698162
7670487
8653949
7688969
8649631
9561695
8670973
8632488
8640681
8727273
9691728
9633656
8560359
9477323
10433732
7583160
6646801
7606555
8581517
9566620
9543306
10373246
10508437
9610909
8651796
9578626
10323412
9768614
10409206
11389296
8653818
9613695
6816676
7801921
7711090
8688706
8560240
8574448
9550743
10458042
8615616
9559571
6739397
7695448
7638449
8588692
9553341
9500724
7657885
8634225
9553919
7575789
7708805
8658686
9499498
10495642
9652853
8688938
9673441
10647971
8511049
9462489
8545832
9472811
8660956
8752588
9592474
10541590
9639760
8576320
9550918
10504165
7759284
7614032
8529227
9431689
9572851
8596542
9505888
9574396
9588601
10540249
8647888
9629094
9503677
10476619
10486743
9569372
10480806
11470359
9600816
10567032
8686196
8674977
9581400
10539696
6708081
7705804
8659578
7676977
8657375
9641994
7720889
8660500
9581312
9556034
10465616
8722711
7672349
8650268
9611721
10419559
8495923
9485503
7664243
8626014
8698908
8719691
9619964
10587171
8597735
8615267
9408686
7540946
8498890
9497743
9433536
10430575
8661178
9622408
9685569
9506857
6681044
7646059
8582476
8546675
8691587
8642166
8640141
9582266
9624676
7581755
7620683
8578567
9484177
9444071
10432836
8707682
9697551
10574823
8499016
9477400
8566150
9559296
10508761
10427339
8725482
8707424
9570592
9485285
10472484
11418998
7596723
8555537
9548762
9614285
10614047
9489229
7681348
8599106
9492978
9497240
9567801
10564856
8685702
9658293
10543636
9577540
9774448
10730451
8670453
8700494
9616896
10538076
9638040
10616438
10559242
10485628
11391772
10355320
11259692
10578782
8547897
7590637
8508233
9458051
9495967
9627236
9576328
10560461
8568520
9512905
9496952
10437272
6640077
7614877
8575988
7626064
8583139
9576837
8504665
9406026
8692553
8637687
9541400
10510417
8578823
9492495
9621632
9603519
9526230
10429307
7624205
8620248
8596803
9489480
9655473
10590074
9429911
10408483
10399396
8551948
6747600
7719220
8676634
9590892
8584629
8571215
9509534
10413414
7701249
8671224
7623324
8541226
9419426
10396338
7709790
8649665
9492969
9497591
10454730
11423427
8501232
9472124
9541837
9480466
5771449
6753414
7609744
8515376
6723897
7643667
8529103
9508739
7643064
8552150
9440106
9451233
8661467
9647827
10377857
11345438
6673759
7640318
8554225
9516138
8571485
8530392
9474734
10401900
8665441
9638525
8672652
9599841
9545858
8713836
9653899
9559506
6840429
7780106
8704078
9613969
8789459
9703366
9497601
10480461
8911625
9881309
9661809
10494644
10336438
11277332
10553381
9690053
8648389
9561980
10466624
9660444
10538111
11496125
8727717
9665832
7691421
8641006
9533639
7574839
8555112
8815958
8555569
9541868
6774923
6875785
7822495
8764535
7715091
8714672
9643308
10432447
8611926
9604296
8551234
9522413
7633980
8554398
8634053
9580826
7775338
7679727
8653601
9522126
9657341
10619299
8539508
8493350
9471564
10433484
11331684
9646610
8693776
9612589
10478171
11392179
8538630
9447994
7757889
8699719
9652342
7782791
8719070
9649044
9614512
10558374
8740205
9651544
10616192
10314068
8626356
9549586
9552803
9636858
10572621
9630605
8643829
9535842
10491386
9642981
9571606
10571326
10394079
9677952
9637993
10574270
9573394
10566921
7633719
8623394
8615794
8665953
6754763
7656523
8623189
9562648
7697567
8634309
9559379
10467297
8607594
9518230
10421515
10505290
8637401
9553225
8618022
9564812
9678445
7753081
8685899
9631670
7741334
8659527
9658489
9642560
9618439
10582122
8603215
8618971
8796833
9769772
10544760
11484093
8478124
9468136
7698098
8624975
9574857
10502581
10309123
11213372
9599646
9570262
10499979
9506617
7703189
8620425
9484128
8653826
9383578
9440644
9541329
9575988
9502470
10403869
7581858
8549807
9426963
10378537
10438743
8608384
8577567
9550307
9497522
10458877
8541514
8484807
9470695
10433519
7662768
7649171
8586609
9586013
8616212
9562912
9554478
10526500
9461028
9640910
10512502
9556951
10429354
11426136
11474394
10634166
9432180
8625293
8672158
9605022
10492458
10475952
11353882
10583910
8591264
9534270
6707412
7631858
7630445
8582463
8586048
8539480
9477803
10415459
9584457
10584061
8615959
9531853
9597615
9637499
10530259
9471545
9579759
9634584
10614076
10423455
9504253
10466122
9543355
10502899
9588238
7771889
8717767
9687693
10430235
11382838
6665487
7579078
8541834
9480082
8599069
7633237
8568091
9515587
8693238
9622875
8644091
9572901
8576747
9491311
10487167
9570810
5846144
6765625
7698123
8601955
7695457
8634189
7784550
8710050
8597131
8549860
9457857
10455161
8642602
9604112
9638440
9665510
8637110
9567907
8607964
9558422
9713233
9574372
10566730
11548807
8503277
9484811
10435662
7756377
8665405
8750872
8717622
9702514
9534860
9626595
9629109
7613646
6835293
7830755
8744816
9578105
9595783
10553792
8757052
9748115
10486106
9726976
8598018
9560310
8608192
9585411
10515399
9701555
9582711
10550249
8638919
9569995
7694031
8614095
8586147
9561589
9621110
10544912
10537415
10550127
7708458
8632557
9598326
10518567
9647406
8626556
9570277
10486523
7763831
6769030
7757175
8711100
7722390
8706554
9591929
8469530
8610651
8649970
8684248
8628558
9432444
10380639
10601356
11400577
10494521
10384145
8644060
9601518
10486587
9653714
10602731
10675033
9542501
10478007
9612257
9552667
10549451
10463068
10583691
11577467
9458688
10404268
10449542
11411262
8604571
9529064
7755965
8699363
9506955
10420951
9562997
10464734
10452865
9617280
10504356
11458689
9594728
9601754
10587465
10369351
10557925
9575803
9614811
10612614
10366583
10451694
10542455
11444344
9643685
10623341
9483410
9626220
10575590
11501070
11520016
10493241
11448989
12374108
13294637
14246219
8530127
9469962
9550025
8672397
7579612
7699196
8608584
9572709
9447021
9591813
8631611
9618976
8531622
9462813
10403374
9513895
9455504
10366401
6645670
7579787
7638663
8520471
8612761
9502008
8586805
9571416
9557686
7548551
8456262
9365473
8620339
9608400
9533519
10519313
9624132
9673519
7654427
8613088
8673329
9555728
9619883
10524089
8499587
9416496
9604593
7535620
8519010
9496430
9478910
10446119
10468658
10442317
10525465
11513735
8587902
9556697
9539705
10378810
10409571
11381221
8601150
9531241
9610228
9425217
9639090
9520317
9583197
10531375
10465452
11414589
9570815
10513970
7574471
8493798
8475575
9428863
9434015
10350242
8676631
8803488
9560040
7653942
8594405
9590506
9600663
9557288
9610968
10592656
10466840
11421710
8611650
9580764
10520520
9615480
9655015
9587547
7673983
8597604
8572613
7576753
8494045
9471357
8627980
9574823
8732698
9476770
10413709
9514994
8546060
9451235
9612625
10365299
8624448
9527968
8738232
9682622
10560545
9464802
8654228
9611823
8594271
9501563
10474519
9520834
10378490
10464104
8555551
9550986
7584251
8493012
8572722
9491068
9501022
9449709
10412319
8661899
9599782
9552616
10541860
11506897
10557579
10567873
9629577
10546406
8559020
9491477
10459396
9491477
10422768
10601955
9601839
9786141
10417558
9483573
10394590
9466276
8504509
9447106
10423980
9628097
6768176
7762507
8718673
9717591
7764271
8600771
9507105
10415529
8635021
9548650
8670722
9648830
9591780
10580233
11423065
9605655
8570787
9516985
10506872
11469626
7664095
8587368
8657190
9537773
8566372
8570596
9507172
10429834
10521486
8581837
8511994
9420090
8615918
9606999
9591085
9609628
10370150
11285744
8497412
9439866
7750027
8692143
9622103
10602646
9664219
9718016
10705378
9483287
9523705
9660854
9394657
10388634
9525596
9456669
10366254
10518363
9445194
10387710
10399717
10515126
9480375
10418396
10385162
11328125
8689256
9615660
9648113
10628647
9664690
10587520
10376024
11366528
9657369
10572573
9517273
10419598
10500133
10434178
11409134
11463380
7700602
7754700
8591002
9550458
8686804
9557800
10384497
10543552
9618108
10519391
9440444
10352958
10494471
11457852
10333132
10573258
9606415
10512148
11463994
12367340
8623304
8594781
9537199
10469107
9560218
9653606
10565007
10574756
9684660
10624842
8537232
9447893
10405521
10581488
11574765
8707002
9528450
9529561
10431561
9487932
9492815
10483716
8706854
9684252
10513929
9596288
10570955
10497777
6696300
7687515
8677584
8577467
8653626
9565356
8585127
9500682
9624961
9571134
10547891
11543722
7638673
8576539
9544417
9496748
9591717
10537576
9650080
10583563
10429075
10658703
9668683
9571039
8645361
9601972
9587644
9579469
10496862
10516802
10471479
11457339
8493711
9421644
10364043
9668249
6786046
7774349
8724184
9666572
8708642
9642643
8686140
8694266
9553196
9587381
10515157
10556305
8764938
9716692
9582608
10568685
9578627
10541688
8479915
9453400
9483871
8764068
9728559
10635572
9618679
10611153
10568539
9407372
8702306
9373552
10364967
11339664
10553145
11463787
10429003
9659033
7650652
8555821
8600212
9467167
9555172
9629252
7784716
8756095
9640584
8581253
8565838
9474150
9522730
8768079
9688869
9453135
10424458
11384570
8578608
9566582
8489012
9471480
9546068
10463962
9575317
9690419
10340061
9500052
10479825
11331601
8556473
9496874
10399442
10432673
11430948
10484223
9416377
10318730
10390303
10517386
9484258
10474294
10503268
10605386
10536808
9662790
10620372
11617439
8671525
7839090
8792444
9780229
9631403
10557969
10374470
10557168
10442443
11399098
12385550
9541434
8581796
9547384
9486002
9499232
10443553
10520113
10534400
11518508
11547522
9591529
9493361
10490845
7707940
8649288
9582916
7697856
8602302
9601716
8608355
9580135
9675744
9442511
10380435
11351319
8647682
8648220
9580974
10478040
10481137
11409791
8674144
9489098
8703876
9642648
10563963
10615106
9604673
10563755
9560592
9604170
8567303
9501649
10430008
11320620
9645677
10467728
11452127
12442379
9587433
10582349
9464629
9579607
10527666
11447220
10638598
11576925
12229785
10546149
10596731
9447751
8672681
9577134
8547736
9453837
9499120
9626091
9609387
10524453
9546158
10467840
10523853
11492680
9588194
10530337
11454973
9590557
7632074
8541806
9476885
10441394
9464336
10434944
11428561
12386078
6711035
7686656
8557262
8617777
9487303
10412274
7726728
8657577
9565184
8748129
9666376
10554290
8687362
9608773
9529066
10484671
9620547
10604237
7716291
8663239
9628279
9667233
10664229
10573176
9515788
10480542
10472282
9519823
10458230
11394682
10470318
9624914
9651109
10621253
10630318
11578250
8510615
9458809
9534933
10485345
9513191
10417005
9498902
10458251
10471316
9408540
9387820
9416660
10339225
11330342
11406169
10537797
11358307
12347371
8629513
9566697
6744207
7743230
8625772
9590546
8664897
7782215
8740379
9673068
9543241
10488045
8549746
9517896
10418715
10369909
11369240
9595862
8574179
9542871
9613456
10452180
7676929
8621964
9450755
9655245
9492913
7663288
8656399
9644263
7698953
8655395
9432666
9535409
9529899
10493045
9572635
9584176
10549534
10550772
11484177
12386599
8627233
8730984
9701882
10533528
9694348
10358837
10405242
10442104
6707686
7636708
7686181
8606481
7684090
8634898
9427769
9520784
7588131
8546773
7710757
8626694
8496206
9480152
10432770
11403785
7645436
8586890
9461707
9632032
9480831
10409430
8609354
8677891
9574687
10564227
10530795
10523715
10472280
11415466
12246554
9546196
7603108
8586357
8576107
9515387
8607467
9532119
10420212
11406042
8626721
9549020
9492595
9715267
10427090
10414720
10525504
11443614
8627588
9613539
10587674
11581993
7707183
8614745
9515696
10475964
9554290
8699376
9436615
8737948
9664052
9566111
9537387
10459664
7774489
8760488
8695827
9519004
8631287
9539731
10497445
10417616
8681918
8576178
9555050
10455388
10410304
8577001
9479125
10443501
8881352
9866076
9500349
10423782
10495373
10553160
11365560
10486529
10724018
11663632
12254144
10479616
9602285
10601281
9500314
10421657
8830641
8687675
9638903
10624933
10491639
10717447
9623505
10550884
10612317
11527570
11638525
10524818
9620459
10539858
10570615
10537782
8592234
9589825
9552673
9551152
10522492
9557896
7718943
8682583
9492333
9484690
9737760
10674415
8597786
9538576
10490578
9520890
7628947
8605942
7807124
8806828
8619047
9534670
9703057
10608942
8581114
8611602
9605496
6723317
7664992
8659344
7557679
8459908
8574727
8524785
9432710
10430572
7677098
7685544
8630088
9550518
8510949
9457084
9543591
10464634
9486472
7703769
8685979
9677357
8716099
9552481
8592280
8821921
9569988
10531755
7630173
8582567
9566260
8658778
9589097
10519721
9424821
10396204
9482465
8650980
9605371
10328359
8637837
9608833
10512108
11474923
10456465
11418437
9568231
10322104
10581267
11452539
10492903
11443395
10560459
11481849
8558470
8507319
9420617
10342649
8662326
9604520
9671695
9620007
9742588
10734492
8609092
9516759
9713925
10546442
10538332
9481645
9548860
10539617
11509932
10398494
9676156
9809548
10377949
10512448
11458621
9574987
10535435
11493327
7560951
8538736
9499443
8488524
9471555
10408647
9437068
8708559
9687439
8460060
9457041
10404593
8641639
9548551
9646602
10464000
11408581
11405283
8660052
9592398
10364871
9647532
10626573
11370249
10547308
11451142
10593501
8549242
8569824
9473837
10412284
9455008
9533855
10501067
11434577
11464169
6747215
7741860
8669880
8626897
8582146
9503414
8667004
9621728
7662911
8644745
8608511
9519180
8582635
9557901
10457219
10466908
8613798
9524946
9494934
10451509
9416452
9570294
10523283
11482632
8605055
8658434
9606165
9616947
9680808
10679707
10508009
11459001
8701753
9651496
10464250
11392678
8626237
9573718
10477942
10463242
9614357
10494600
8726168
9712456
9621064
8507329
9440779
10376901
7626832
8613485
9576245
8552700
9536545
10485345
9446596
9636576
9651408
10497989
11413572
9572105
9574153
10518267
8530563
9450621
8728428
9642783
10505246
11429999
10622272
10529602
11518240
10526877
8765681
9745096
9539800
9516414
8622246
9591359
9583096
10536467
9601715
9738542
10673066
10492456
10382252
11294488
12200817
12301845
10430088
11388122
8611437
9524869
10450078
9576970
10460185
11415639
7751416
6776076
7703575
8648674
9489760
9591048
8709014
9639554
8779370
9699987
9507143
10491414
9731989
9587360
9503879
9548139
9564670
10562051
10559528
11491945
8560692
9551810
9535423
10492014
9485116
9514160
10485049
11443875
10443245
11423603
7598383
8546432
9507152
8599811
9551096
10516142
8535933
9450380
10447358
8630346
8611191
9577127
9390398
10318549
10441276
10447089
11357766
12269262
8609181
9583643
7809184
8743298
9536604
10381661
10457234
10564934
9585556
8496858
9409737
10332554
8639346
9550033
10507757
9586476
9464824
9544210
9515280
10483397
10440105
11365276
9524801
10455534
10498426
11484385
12349110
9438750
10435968
11347000
11390250
11570937
9488261
10464628
9572086
10566586
9441949
9547115
10420717
10432833
11411361
11428583
9484687
10410130
10303933
10380450
10397556
11305495
8608437
9526427
10461074
8742034
6740058
7716115
8551189
9522723
7656320
8558728
9548999
10502248
8608779
9602425
8552454
8592970
9494419
10444006
10543641
10425886
9669889
10669385
11520883
11310590
8516061
9505993
10451684
8553361
9478448
7644618
8582712
8640633
9630690
9453363
9385974
10300818
10540337
10601925
9584053
9547451
10506505
11449772
10386725
11378156
9516084
9545074
9557595
10483728
9622005
10537106
9685810
10629226
8592141
9504457
7739985
8665324
9443256
10387832
10603395
9677653
10476746
11386389
12338136
12320797
7615479
8534530
8558818
9510149
9493394
8598552
9565775
10468924
8725455
9693601
8591814
9536807
9476705
10470556
10375565
9466821
8558699
9495195
10491064
11474771
9434220
10370296
10558918
10547309
9498012
10428233
10407080
11291686
10473016
11438250
10547638
11540331
6759554
7754327
7687866
8592064
8602898
9595187
8600133
9578973
7717812
7775612
8767185
9723911
8578602
9557789
9683834
10553822
9542739
10445082
8622354
9528566
10393083
9624878
10549956
11450029
9513756
10430118
9623875
10436179
9657038
10594117
10533784
11475326
8659058
8622084
8659020
9559108
7784605
8737762
9517122
9639030
9701031
10699083
9595345
10478166
10641885
9602188
10553240
10361813
8655057
9644454
10484525
11394091
10443236
9500932
7777158
8758690
9639255
9588101
9647425
10320188
8701906
9667907
10586801
9678221
9618644
10532150
9642045
10614979
9593042
10587411
8599858
9519972
7748809
8692810
8763879
8636000
9543228
10473210
9569129
10526850
9622616
8476519
9395729
10382664
9477758
10444977
10418425
10449657
10522084
11520739
9493417
10464380
9550477
10476434
10498509
11423082
8657871
9582460
10546226
10423598
10444258
11425264
9653931
9583675
9643566
10434367
11370072
12363785
7601747
8562250
9463391
8640108
7692977
8686397
9508739
10426430
8671772
8515127
8695184
9641269
9564011
10513279
11419946
9566099
10487942
9580904
9386768
10350288
8611916
9568188
9617036
10572122
10508649
9541217
10493035
8510898
9490648
10457023
8489218
9435207
10356891
9498434
10457993
10586897
8620192
9555619
7696340
8631378
8711514
9617605
9636499
10497702
7704421
8671577
9625521
10624092
9564468
10514392
8516759
9468139
9557692
10465260
9489960
9450370
8678771
9596946
8653576
9632778
9464342
9436684
10408579
10483742
10600550
10509049
11462285
12372568
10438480
10597953
10355631
10426694
8747043
9688910
9607586
8643926
9611073
10522382
9594136
10563538
10429729
10343554
10576490
9472083
10399134
11347714
10502112
11487125
10490435
11462441
8584832
9560458
10548546
9489304
9630133
10585281
10548686
11518096
12467329
9563765
8531960
9500849
10408071
11321669
10503245
9601458
10525195
9725229
8649961
8702785
9454201
9578851
8645122
9608523
9562231
10554041
8513353
9499302
10466137
11458802
9608888
9443481
10347762
11320306
10472800
10483818
9655039
9505013
9409385
10367247
11337210
11436425
9555965
10548968
9640950
9554545
10490833
11432331
10487996
11453883
10583811
11570500
9502960
10443587
9541185
10450601
11387060
9646224
10447364
9588295
9615930
10568701
10427678
11365856
12340922
11427142
10312704
11214882
11538066
11561316
9593799
10507562
9620249
10585761
11385455
11326203
12268397
11419551
11477982
11476213
10561817
10299959
11278223
9570790
10525685
10438918
11403553
11467674
12400303
13333811
7799900
8716669
9683819
8584187
9501873
8715482
9413960
10330601
8544896
9491105
8576196
9512727
9494256
10460840
10542817
9596500
9585397
10580690
9654515
10627818
9464022
10391754
10520125
11473310
8722817
9685918
10460577
9509689
10501342
11457864
9551115
10501649
9565913
10549726
9595679
10475350
6666228
7629687
8543888
8567486
8634805
9609496
8663088
9648811
9549895
7646888
8563540
9561072
9565843
10352656
10498270
10571413
10518144
11442421
7579528
8512654
9389332
10362296
10334919
11333903
8654511
9592294
10509210
8621548
9602030
10555046
10488107
10641720
10548447
11509476
10539904
11507114
8478156
9437269
9566376
9672787
9638525
10591065
9657310
10594581
9658554
9579902
10531831
11470142
9493893
10466304
10374120
11341894
10535758
11438833
7592356
8507942
9450717
9606512
10410214
9554863
9537266
10508287
11442421
9490054
9432113
9552099
10462305
10523414
11463279
11433278
12414088
12214903
9444465
10345383
10461806
11355483
9548659
10545370
10454759
11415202
11366844
8610335
9561300
10549446
7663591
8630558
9606531
8697251
9651076
9486048
9496322
10487637
10515678
10495280
8573200
9565608
10421775
11385510
10426641
10444703
10485653
11433314
11402340
12373510
9462521
10420402
11350672
12298610
8548090
7616827
8518598
9489677
9453631
10437449
8501284
9498213
10428347
9488625
9667263
10413045
9439973
10428691
9691511
10636255
9504629
10423980
8573539
9486315
9525271
9612610
10542938
10365203
9567792
10566911
9515019
9500531
9561464
10479952
10601758
9555316
10489862
11453806
10530017
10605173
9398685
10381879
10576606
10447671
11442638
10487754
9624751
10554687
10448347
9495401
10451494
10483309
7676366
8595436
9560508
8699974
8605317
9565407
7564311
8475372
8557590
9477779
10376961
11320100
8610370
9541439
10533911
7691201
8634196
9583185
9587872
10323068
10512173
10566145
8674810
9663368
8546495
8559395
9529339
10486322
8556190
9492073
10392516
11310838
8672603
9637522
10467540
11426662
8790387
9734417
9558724
10538478
10564965
11548256
9497484
10471049
9430350
10385394
10545450
11515336
8633165
9627543
10493813
9549238
10470101
6697629
7677557
8585091
9556540
9661203
7638103
8560761
9480017
10464197
10478241
8581718
7591228
8531396
9430440
10409447
9561819
10513703
10460836
9687284
9736226
10511354
9502796
10459991
11356182
12342264
7681120
8651996
9615530
10542149
10308118
9561505
10485611
10529236
11510103
9471644
10470413
10486374
10352672
11294287
9430168
9564097
10506299
11407758
8748492
9733444
10403575
9671213
10500418
11246665
9646353
8629266
9540004
10516765
10610429
9477716
10443846
11422445
10703187
11642062
10518151
9620020
10431954
11344422
11359049
11416968
10317460
11305346
8535264
9521301
10368231
11321816
10488818
10605214
10481121
10481581
7627846
8570808
8693850
9604968
8741364
9531817
10493976
11463359
8692593
9676146
9599674
9527000
9671311
10646903
11410792
10610576
9497067
10470915
10481997
11320552
8635036
9600468
10559697
11498464
10496324
9540702
10517420
11483528
11426147
12385277
10421271
11375475
9504276
10461955
8731735
9631735
10484531
10648628
11593936
11448542
7580289
8501942
9496343
10395589
9634467
9638193
9604740
10577122
9473020
7579084
7731242
8726728
9465825
10373032
11342712
8590211
9558790
10543789
8572257
9531212
9442109
10400762
10340222
11309684
8591378
9494365
10444073
8510560
8571716
9548534
9545635
10511472
10470637
10458611
11437320
8750163
8651218
9551953
9421260
10332652
8614524
9590957
9601973
10541040
9711552
9587599
10504469
9475732
10431648
10441341
10517126
11510250
11574886
11436697
9521704
10488226
10510165
10487279
10557347
11477136
8549502
9525099
9596628
9501115
10367789
10457868
8626936
9570166
10516928
10560112
9519759
9437120
9543010
10485169
11300188
9554260
10539242
11440969
10534620
11523732
9618844
9556575
10287970
11251331
11301594
10522310
11461192
12418728
8583597
9573010
9472238
10451349
9618541
9482090
10475411
11360390
10467383
11452950
11575067
10498823
10330440
9600315
10598032
11507023
9570784
10530700
11468222
12397317
10348466
10639397
10576067
11368821
11480380
12476895
10475640
10384028
11319726
11400945
10552202
11475473
8610340
9512775
8696379
9475147
8551139
9491888
9539189
10500675
9593258
10422168
10509637
11447581
10573058
11501952
10543937
7816780
8777950
9728845
9707163
10688197
7736423
8655806
9576730
10515535
10423274
8593608
9547319
10489268
8693474
9625528
8753913
9707699
10521438
10517975
11450380
9663813
10640063
11524596
12522352
10384503
9548246
10481835
8626767
9581371
10525614
9633804
8678692
9664450
9679468
9606725
9474839
9711223
10710341
11694663
10620902
11546705
10358278
10469039
11392914
12344069
8594353
9541282
9470773
10462850
11314189
10510288
11418921
11585915
12410762
9671863
9517462
10502580
9680403
10638555
10444023
10516806
11426284
10645362
9520047
9559398
9576565
10430336
11338555
11339624
9632754
10541653
10641907
11437194
10571590
11493062
9618548
10603142
11517945
11541271
11474170
10673623
7645324
8604419
8605615
9514957
9643263
10603097
8648242
9574122
9576147
9624687
10536127
11454667
8653174
9618871
10455579
9589153
9620162
10532864
10539991
11437494
10628746
10472351
11388833
10577759
8617111
9531565
9526421
9702267
10485258
9585891
10451079
11420958
10484704
11393669
11491845
12474564
9550582
10534827
11516145
10461200
10530553
11434056
10650625
11618487
9490412
10407633
9491905
10447281
9558982
10505582
10588095
10653486
10544156
10318043
8578379
9526222
10477625
11395358
11461127
9547589
10474126
11451635
12382365
9655595
9452957
10387938
10413032
11411974
10393968
10457745
10593641
11511661
7736597
8698310
8752554
9584493
9604670
10551006
9704013
9628026
9540736
9589384
10572189
11558510
9627360
10609757
9539461
10481815
10472721
11331620
9572128
10516557
11451869
9589339
10513211
11421994
9578529
10479473
10685671
11416488
10405283
11381872
10611532
11602404
10319849
11285582
10484160
11432698
8486501
9396898
10316881
10401263
10457806
11417937
8736889
9690012
10658745
10387250
11301487
9525662
10443754
9620934
10609686
11602527
11419355
12354513
9459778
10360329
8719678
9696973
10309064
11306395
10502163
10647127
11605935
9519625
9704119
10642540
11438104
12427527
11273617
10409921
10480236
11409175
7646238
8576688
9477823
9536065
8653273
9612847
9550841
10470589
9581427
8647806
8562311
9557590
8682546
9634790
9679913
9604731
9669694
10669080
9511348
10472433
8634415
9577393
10392459
11346999
9559756
9604018
9603803
10465034
10537134
9449348
8542800
9510465
10492352
9511138
10446651
10475550
9532992
10509067
10473178
11308373
9458021
9491340
10469343
11420456
10476986
8637408
9546045
10488826
9620821
10590203
9530855
10458329
10487370
11383493
9614449
9755733
10493451
11375671
12232132
13219185
8553455
9477002
10425401
9391663
10325377
10532359
10446594
11425966
10558863
11399670
10400301
11307314
9483021
10431511
10379409
9509225
10474713
11433533
10522275
11450476
10340061
11301289
11436067
11460688
10554951
10480628
11449142
11432454
11489367
10615596
9579265
10554869
11421622
11515392
12451502
10591223
9617463
10578513
8699786
9600981
9567817
10473863
10756330
9594467
10561995
10557921
11468440
11220556
10519184
11513390
10485454
11470382
10599871
11514926
11398826
12388917
12443732
10552554
10464107
11446887
8665647
8514712
9503755
10409560
9618306
10467009
9598126
10547262
10528973
11373906
11414373
10559778
11371001
12346718
12418787
10504858
11498515
10503574
10543314
11496266
9473099
9639089
10634116
10550759
8644063
9553184
9582793
10501890
10493704
11323347
7737864
8702409
9558115
9496739
10422121
9617213
8620568
9534423
10509841
10461840
10538433
11538044
9419816
10323172
11310938
10463394
11403512
12354035
9631057
10629525
9587145
10559514
10565966
10469121
10484008
8623147
9525763
10446880
11399384
12383867
8596867
9504410
9502615
10428260
9613520
10472024
10542816
10532896
11442229
9659190
10598029
11480761
10592721
11536636
10661447
10497608
10476479
11383748
10523165
11513753
9524856
9607604
10444119
11423014
11388290
11449294
11580283
10456737
10444258
11398653
10498545
11446815
12394958
11391823
12338399
11481227
10479265
11399082
11466294
10468005
10383374
11314124
9594642
10504996
11392099
9651765
10650207
10576313
10548785
10514667
11385922
11566932
12471347
13392033
10559393
10576717
11381255
12285688
10349483
11254084
8576560
9545792
10451913
9484010
8558182
9528658
10409081
11311380
9487804
10472811
10403527
11396066
10480207
11453919
11412539
9516361
9504618
10425824
10483943
11420281
10553573
10387016
11304588
12268759
10507213
11415361
11479567
11541643
11476180
11520485
10468651
10504408
8518015
9462383
9455679
9525748
10402408
11357706
11394235
11428771
10456391
11444290
11393442
10421237
11376747
10633369
11617603
11436314
6831561
7750151
8649516
7695399
8673905
9580411
8597392
9577576
10474598
9519126
10439091
11368374
8627045
9556751
9614167
10479192
9565956
10397860
8712413
9615031
10593173
9638553
10567935
11533202
9578191
10453347
10541360
9454400
9388765
10352461
10387533
11357890
8613740
9581204
10564560
11514509
7717260
8654954
9609504
10507161
10585639
11530975
9689553
10622444
11546135
10559942
10494884
11471218
9544559
10517982
11385346
10598540
10508544
11431114
9548244
10510802
11390300
10554019
11544765
12491066
9637954
10571159
10578153
10553816
10518510
11495685
11551731
10572108
11446631
12359143
12486628
12536556
8685222
9598844
10401813
10473977
10528784
10519755
10485242
11416696
9584038
7718425
8718074
9494036
9613019
10571591
11414467
10560211
9644043
10612310
9647054
10630708
10330754
10701117
10391753
10619408
10456521
11411677
12245525
10486520
11475906
12450539
9601811
10597439
11531905
8544187
9512740
10487805
7706179
8676248
9625823
8736081
7700158
8671882
8660726
9637446
8721993
8719835
9653540
10568261
9650775
10582726
8607084
9562360
9648136
10641273
9595943
9673936
9507531
10485525
9661483
10589780
8587690
9542099
10478799
10571277
10440620
9547876
9530874
10487975
11360046
10525207
10494290
11398320
8629719
8742773
9742534
10537562
10472924
10469495
10602710
9634023
8591188
9502857
9596268
10497189
9507320
10419148
10441386
11347904
10415914
11355394
8631102
9601258
9572297
10482764
10636445
10525475
8591279
9502348
9586748
10443080
9563292
10505906
9562766
10555914
10429910
10620972
11432324
10512199
9568894
9487301
9680013
10640623
11424819
12419175
10599377
10467550
11419176
10531545
11521287
12506880
9500491
10465465
9667222
10532128
10433404
10572393
11466988
11451449
10576733
10522237
10434603
11345443
10361743
11337166
11336351
9525205
5724510
6705486
7688332
8681887
7749343
8691582
9542658
10504573
7683937
8656300
9584452
7703216
8648131
9561340
8748241
9665831
6705612
7647974
8622147
9577403
8557432
9537517
9593595
9698177
9432981
10355610
9551946
9601925
10457267
9590525
10567107
11475449
7641104
8561213
9493912
9619780
9490952
10417624
10533893
11453080
9526248
9534854
10457181
11384709
9561034
9556630
9556798
10548930
8636052
9554095
10539072
11512990
10537387
11383252
10500234
11449956
11324075
12290752
12370238
11404963
12369256
13335861
9593107
10504212
6758603
7729469
8638624
9606617
8635114
9604983
10511370
10505252
8582297
9571236
10491591
11475053
10420221
11372730
12298504
11470828
8581683
9530589
10506880
10568650
10376802
9646443
10489345
11450031
10466561
10469757
10480100
11434197
11443358
12395610
11282773
11383247
9612237
10554912
10559767
11528449
10565582
11473929
12408148
11306359
8604029
9539363
9548455
10473492
10476973
9613759
10499838
10485947
10427830
11356780
9647968
10597036
8563615
9557252
9637118
10527757
10626143
11584783
8672830
9596406
9582918
9511122
10431070
11424669
7681042
6756818
7730349
8659135
8736675
9637092
9585981
10502642
9535142
10468681
10532589
10450274
10545747
10547971
10438980
10570139
9562897
10554038
9491104
10397011
10504132
11425705
11439404
12360022
10529458
11475262
9523648
10512465
10470328
11411984
11428754
9559906
8797846
8633118
9616078
10589988
10477072
11432810
11323824
10459310
10616312
11379943
10506396
10447989
11440209
11540280
10613298
11606442
10733137
11634128
12569718
10514618
11512112
11363929
10596251
11546306
10534559
11461141
11542880
12487854
10446086
11436927
11410223
12384889
8689859
9607571
7729343
8673614
9616598
10516574
10572119
11555013
10523687
11433815
11638693
12558246
9602034
10588452
11429073
11369400
10555057
9585386
10538240
11533636
12422094
12436656
10514305
11511080
9682416
10601874
11514940
11512492
11480065
12429874
11428934
11492346
8560252
9491543
10400146
10402455
9556619
9590147
9638928
10620015
10556249
9571844
10466773
11414479
8496966
9432829
9638418
9511226
10473627
11429643
9515382
10444903
9747098
10660822
11471708
10563262
9507996
10471754
10440856
10521451
10551862
11514101
9539965
9518600
6666199
7589461
8580468
8606508
7664393
8649502
9556958
10418659
8791702
9755294
10464069
11379675
9711604
9554234
10501548
10296058
7682192
7711926
8646219
9644261
9709859
10638423
7563367
8562033
8603837
8533875
9477462
10425074
8491823
9423924
9408779
8550620
8608028
9513380
8670552
9594380
10396349
8816480
9753740
10721424
8610040
9582824
8597270
9516903
9587637
10523299
10523786
11452209
8602091
8445491
9400650
9632123
9381147
10373671
11347695
9543148
10429245
11373642
8626520
9496330
9620774
10574103
10653415
9573075
8713959
9633865
10515438
10447672
8602150
9555178
8659120
9652312
9605383
10396814
11385661
11472469
8600074
9581005
9558124
9560821
9588049
10566060
9620401
10616633
10514972
9536116
10447086
11440443
9483243
10469400
11367777
11481311
9424496
10413482
9467524
10400770
10461336
10341355
10384675
11288238
9591107
10565113
10511799
8468790
9393441
10344789
9420448
9610528
10557628
10410649
11398508
12324583
9496696
10491044
10626645
11431012
10611653
11538948
10447501
11390448
10577089
10392085
11363982
11653986
10546041
10429159
11393139
12297918
9454508
10427463
9377730
10331984
10323402
9588940
10512326
11421992
8645743
8595826
9497364
10416048
9621384
10563828
10593374
10511413
10416124
11360194
11705479
11355902
7688137
8589741
9581320
10506864
9678340
8698315
9653877
10634944
10466970
10276541
9527617
10526300
10471749
11418873
11488778
9565129
10494801
11434407
11300672
12230535
9638973
9642003
9764520
10709472
10396842
9624669
10614896
11571565
11405233
12348407
8591273
9536531
10524141
11497453
12439989
10556990
8481822
9446854
9440386
9449665
10396375
11370847
9413583
9643609
10466665
9457920
10448333
11356688
10359763
11302361
9550077
10466923
10670387
11498992
9413741
10389204
9609402
9675658
10656381
11610624
9583433
10579654
10474021
8610370
9413284
10322623
9495476
10475840
11455734
10542198
11517215
11608346
9582800
10492372
10511328
9587524
10463589
10442391
9691772
10486008
10511941
11280240
12247988
13182234
10612168
10661890
11620657
11453854
10538214
11446299
9548826
10471719
9482413
10391610
10420396
11327904
11382455
12299388
10334783
10538006
10407807
11347463
9649282
10594987
11561867
11543383
11454075
11545846
7651123
8576001
8670701
9501266
9555934
10481843
9507533
10411499
8692003
8475493
9380354
10292062
9381269
10355279
10583201
10436601
6678790
7615952
8550109
9498776
8564170
9547080
10513836
10526772
8783430
9745207
10480165
10297949
9568032
10498558
11361527
12285496
7642023
7726604
8653780
9602686
9473301
10446075
11316827
10367196
10288455
11287822
8628174
9562898
10469491
10375460
11279000
9617248
8659930
9566222
8619290
9553888
10458913
11410201
9671205
10606203
10576701
10591929
11544617
12537764
10572906
10613170
11575254
10352736
8754247
9720749
9563795
9565802
10529723
10563010
11532158
12439274
8588290
9512401
10465962
10469268
10489050
10543595
10468815
10705023
9684102
9540785
10472784
11424596
7720620
8657076
9623928
10613514
9672504
10579654
9472034
10427175
10393152
10507110
11307748
12216272
8497499
9406286
9538245
9457318
10359991
9608798
9539153
10454362
10523417
10468624
11412262
11472168
10399110
11359483
10372141
10432650
10567530
11536171
11374079
12284328
11513948
9548670
10499401
10317573
10458581
11386344
10595364
10415483
9424186
10409865
10437299
11417981
9608722
10586137
10545718
10532669
10558871
11480177
12407762
11512453
10574797
9636423
10515868
11486723
12447978
11465853
10598824
11520610
9433936
9568982
10492391
10452570
10403252
11305384
10436533
11346606
8585859
7784716
8694287
9655039
9613827
10518696
11499987
11515980
10516712
11482479
10492424
11366324
11477060
10596938
10765651
11440958
11334680
10434494
11353579
10456358
11400715
12382383
11312474
12228104
10455005
10369706
11352765
12267895
9360074
10337661
10472734
10371974
11329666
12322203
9536892
9591306
10586205
10352122
11267800
12220880
8650722
9589888
7766979
8764693
8672337
8597905
9565655
10346135
9621227
9610406
9493136
10493070
9625610
10597813
10577933
10429067
9627731
10591072
10658386
11491144
9566925
10518213
11476392
10522847
9654971
9681170
10517250
11430913
9611548
10572996
8638206
9620414
10502339
11408113
11538361
11540791
9632667
10549622
11409258
12324507
8505747
9500800
10496590
11411233
9570149
10422592
11347676
11628318
10396435
11338603
9476767
8634668
9581915
10566243
11542947
11383103
11374478
12349822
10482130
11411474
8528458
9524492
9539204
9532506
8604717
9519208
9501535
10467319
10523431
9543209
9502131
10458808
9427790
10427596
10416434
10469823
11387548
12309289
9595042
10514400
9504963
10491375
10537761
9559314
9499581
10446795
11260178
9484381
10435710
11375219
9393514
10358672
11273620
10359792
11284668
10302690
7703481
8658822
9622942
9593641
8584226
9534077
9661742
10637824
9542836
10524297
11366510
10544635
10531021
11507610
10649143
11629424
8699923
6753594
7700894
8694888
9689249
10347393
11305808
12279412
9560735
10547369
10499207
10463151
11365601
10557025
10491135
11463933
9616317
10585229
7721206
8714410
9529781
10515542
11393918
9550786
10481112
11460458
12346059
11401381
10419813
9458069
10404262
11363717
10454902
11422657
12351931
8625228
9593978
9609389
9402721
10401349
11337006
11366415
12344101
11423483
10419328
11365912
11667273
10348264
9567786
9514868
10419612
11397915
9568974
10481014
11451283
12437625
9598236
10547905
9508358
10498159
10462172
11410578
11382729
11505714
11465874
11263919
11384227
12356441
10408156
10535010
11344537
11390719
11209563
12124599
10581351
11533852
11302197
12238143
11369963
10622579
9577428
10562771
10508494
10354002
10475346
11471791
9670249
10588650
7702080
