218
268
1196
546
737
1251
1980
1188
1923
1203
1872
1808
2653
2381
2375
1168
1915
2178
3132
1462
1999
2798
3389
1864
1598
2399
2739
2727
3398
1401
2194
2005
2035
2056
2799
1898
2551
3000
3700
1269
2171
2924
3356
2326
2466
2825
3745
2609
2892
2072
2544
2874
3788
2311
2553
2824
3595
4361
4469
2180
2625
2338
2924
1229
1234
1606
1951
2888
3402
3112
3565
2622
3099
3352
2418
2959
3135
3326
4172
2084
2664
2816
3494
2828
2674
2900
3524
2851
3649
2362
3224
3584
3264
3749
3881
2213
2315
2498
2920
2128
2666
3099
3528
2772
2915
3626
4007
2207
3200
2260
2802
3599
4487
3367
3886
4396
4608
4640
3712
2394
1955
2360
3224
2853
1805
2688
3608
1675
2651
2027
2429
1609
1937
2227
2390
2094
2743
3247
3679
3270
4219
3693
3392
2381
3168
4006
3455
3198
3244
1537
1569
2048
2521
3387
2608
3602
3813
4161
4190
1413
2314
3118
3518
2997
3126
3447
4104
3374
2691
2976
3379
3358
3375
4197
3449
3058
3283
4111
4741
2320
3023
3119
3365
3217
2768
2551
2901
3866
4057
3961
4114
2837
3129
2827
2717
2728
2834
2904
3666
1602
1715
2022
2808
2715
2744
3058
3427
3358
3472
2357
3056
3095
3464
3807
3546
2009
2418
2453
2707
2812
3257
2872
3790
3408
3082
3493
4021
3433
3826
3238
4043
4933
5840
4245
4013
4400
5268
4214
4820
2721
3708
2632
3061
3055
3468
3416
4358
3193
3380
2783
3111
3363
3846
3976
3384
1423
2309
3294
3539
1536
1870
2796
3723
1951
2583
2693
2853
2008
2864
3252
4174
2896
3609
2772
3412
3622
3714
3842
3598
3360
3487
3626
3681
4562
4488
3728
3493
2513
2595
3229
3488
3288
4086
3423
4354
3306
3410
3297
3563
1590
1941
1727
1760
1786
2028
2899
3703
3206
4112
2847
3738
3192
3378
4290
3271
4244
4479
4952
4905
1670
2360
3227
3561
2972
1736
2156
2796
2547
3224
2286
2973
3617
3240
3542
2534
2790
3744
3283
4087
3546
3834
3508
3296
3706
3800
3614
4398
4291
5037
3563
3953
3765
4309
3913
3573
4496
3997
4739
4851
2819
3115
3431
2958
3941
3335
2892
3504
3527
3776
2966
3329
2875
3009
2952
2936
3827
4742
3266
3866
3077
3438
3608
3698
2081
2711
2860
3008
2356
2360
2233
2276
2651
3638
2930
3793
2492
3172
3639
2931
1835
1868
2611
3499
2813
2618
3163
3291
3639
4356
2572
3511
3148
3965
3238
3467
3173
4054
3695
3741
2629
2799
2823
3179
3948
2739
3163
3468
4231
4642
3787
3941
2649
3446
3125
3126
3253
3412
3002
3896
2890
2698
2991
3183
3660
4492
4381
4232
2775
3505
3201
2979
3905
2457
2489
2869
3722
4616
4443
3589
3875
4264
3847
4484
4563
3822
4033
4601
3660
3577
4381
4793
4913
4768
4715
4561
4333
4685
5678
6020
2940
3290
3742
3521
2275
3140
2617
3165
2904
3798
3194
4103
3837
4229
4409
3400
3544
4342
4105
4209
2541
2718
2731
2846
2769
3325
4008
3867
4603
4857
3112
4105
2059
2964
3112
3885
3510
4442
4392
4571
1856
1935
2175
2993
3427
2891
3751
3782
1657
2307
2440
2856
2637
3339
3587
3774
2375
2863
2969
3323
2828
3390
3855
4514
2970
3230
3977
4317
3125
3367
3256
4006
4196
4363
4125
3025
3796
4498
3838
4069
3713
3365
3943
4522
3717
4591
4337
4316
3852
4306
4659
4748
4383
4711
4336
4351
2496
2973
2867
3340
3490
4366
2578
3382
3522
2154
3143
3943
3271
3362
4340
3501
3677
4272
3008
3254
3535
4398
4085
4210
2421
3248
2303
2322
1653
2114
2160
2358
2735
2987
2489
3237
2964
3264
3476
4153
3332
3815
4277
5169
3474
4356
4655
4927
3135
2471
2750
3077
3586
3915
3191
3796
4775
4430
4710
3654
4020
4939
5019
5280
2318
2847
3149
3413
2789
2798
3413
3677
2285
2554
2561
3280
2914
3168
3099
3056
2724
2946
3914
4035
2449
3389
3702
4386
4319
2183
2884
3157
3412
4307
2491
2585
2789
3691
3969
3157
3269
3783
4480
3310
2499
3099
3254
3784
4322
3194
3197
3788
3864
4678
3167
3242
3497
3425
3645
3783
4394
3925
4453
4691
3338
3951
3963
4235
2622
2840
3316
3364
3327
3705
3993
4200
3962
4901
3708
3333
3646
3704
3733
4100
2482
3292
3397
3652
3341
3444
3149
3467
3897
3605
3337
3530
3801
3967
3694
3946
3236
3487
4086
4905
3423
3541
3643
3773
2913
3016
3617
3831
3389
3641
1626
2342
2476
3159
3244
2457
2815
2964
3771
4192
2738
3190
4005
4692
3761
3108
4069
4609
3051
3522
2793
2848
3832
4310
3532
3089
3342
3648
3084
3297
2287
3150
3002
3721
3371
4004
3436
3735
3520
4082
4437
5387
2825
3717
4085
3799
4241
4786
2785
3197
1450
1703
1934
2723
2138
2342
2470
3075
2651
2996
3452
4346
3309
3594
4274
3871
3700
4579
4959
3439
2845
3758
4219
4441
3838
3778
4515
4597
3771
4536
3650
4501
3412
3773
4734
4455
3711
3927
4319
4646
2625
3495
3196
4072
3765
2899
3526
4087
3868
4706
3020
3741
4062
4535
3766
4186
4426
5352
3960
4037
3523
3138
3377
3704
2015
2893
3417
3515
2728
3106
4077
4129
2832
2926
3134
3663
3578
4113
4011
4945
3173
3469
2754
3595
3730
3795
3402
4042
3722
4599
4242
3753
4505
4594
3398
4392
3101
3286
3288
4158
1969
2901
3726
3182
3532
3088
2194
2453
2604
3491
3586
3970
2674
2862
2875
3334
3815
4468
3334
3712
3322
4014
4360
4355
3626
3475
4346
4749
4605
5162
3014
3604
3876
4682
4907
3791
3888
4421
3592
3927
3930
4006
4392
4672
5110
4312
4266
4666
4651
4937
4279
4566
4102
4469
4990
4727
5536
5424
6122
4633
2287
2686
2994
3533
4357
3595
3492
3679
3236
4207
3391
4307
3079
3828
3458
3296
3711
4410
3880
3884
3554
4070
4743
5166
4102
2839
3115
3249
4112
4132
2808
3770
3488
3565
4173
4283
3447
4249
4618
3896
1652
2636
3489
3900
3112
2344
3148
3342
3033
3574
2539
2679
3101
4047
2916
3041
3196
3412
3798
4036
3072
3262
3764
3850
1835
2475
2970
3535
2312
2594
3550
4069
3038
3693
4620
3913
4014
4823
4034
4823
1405
2247
2824
3655
2813
3222
3384
4349
2714
3637
2665
2792
3632
4322
3505
3287
2557
3112
2937
3773
2898
3207
2989
3238
2170
3061
3783
3821
3482
3768
4046
3419
2425
2507
2663
2815
3773
3883
3546
4201
2970
3586
3845
3517
4176
2526
2862
3664
2255
2599
2574
2949
3231
4161
4738
3488
2847
2952
3492
3988
2867
3045
3859
4119
4374
2393
2675
2840
3839
4342
3471
3856
3894
4384
4655
3831
2767
3560
3754
4545
3423
3661
2503
3084
3562
3096
3178
3491
3804
4265
4258
4825
4231
4454
3783
4287
4465
4396
4810
3608
3577
3757
4637
3535
3584
4480
4450
4279
3529
4456
3742
4468
3340
4272
3541
3893
2722
3151
3273
3444
4064
3969
4119
4610
3234
3765
3562
3872
3571
4530
2295
3011
3087
3515
4356
4625
3142
4027
3949
4109
4380
4886
2887
2986
3640
3810
4606
5215
3199
3776
2951
3832
4015
4965
4207
5175
4175
3229
3580
4298
2521
2834
3402
3510
2046
2435
2579
3576
2503
3462
2166
2989
2122
2999
3140
3659
1849
1961
2484
3340
2679
3282
3616
4363
3877
2940
3857
4813
4116
4729
3550
3901
4116
3805
4096
3773
3764
4623
5033
5115
3650
4308
3911
4205
3854
3954
4468
5342
4079
4688
2816
3200
3015
3658
3119
3756
3728
4330
4352
4509
3218
3953
4378
3849
4338
4667
3159
4135
5027
4459
3898
4406
3917
4681
4118
3035
3598
4034
4074
4939
1934
2762
3357
4241
2861
3364
4060
4695
3043
3983
3773
4685
3794
4246
4571
4050
2809
2905
2715
3267
2624
3450
3171
4098
2212
2875
2906
3064
3220
3865
3927
4400
3506
3586
3347
4271
3292
4221
4674
5473
2351
3283
3424
4250
3781
2860
3575
3741
3912
4088
2317
2071
2836
3110
3395
3962
3890
4078
3949
4728
2974
3440
2436
3122
3443
3605
4052
4091
4015
4376
2614
3280
3552
3357
3473
4454
4641
5080
3901
2856
2491
2992
2877
2947
3532
3250
4155
4232
3366
3503
3197
3350
2804
3693
4383
3589
3469
3903
4684
3540
3600
4484
3511
4183
4104
4241
3354
4225
3820
3988
4322
4804
3547
3549
3552
4450
5379
4969
4360
4367
3348
4308
4687
5579
3538
4186
3130
3831
2702
2859
3021
3200
3646
4014
3644
3994
4091
4451
4660
4323
4218
4254
4581
5487
4376
5254
4307
4832
4563
5231
3418
4273
4496
5121
4329
4231
3954
4627
5089
5149
2359
2564
2860
3826
3234
2984
3024
3701
3976
3290
4020
4473
3031
3329
3816
4610
3902
4117
3438
4420
3592
3167
3376
3455
3509
4427
4761
4476
3706
4411
3103
3902
3359
4082
3643
3860
3638
3701
3728
3901
3846
3947
3620
4351
3972
3995
4747
5556
3233
3414
3576
3796
3075
3307
3413
4007
3018
3707
4373
4392
2224
2537
2948
3151
2716
2650
2826
2886
3018
3774
1757
2677
3476
4230
3548
2706
2837
3584
3891
3557
2461
2963
3641
3999
3660
2307
3065
3533
4328
5233
3062
3905
4052
3521
4005
4167
2749
2751
2928
3577
3292
3434
2951
2999
3623
4577
4908
4411
3389
3814
3630
4233
2508
2516
2585
3509
3071
3286
4231
4315
2379
3049
3392
2980
2622
3181
3477
4414
2560
3071
3092
3427
4361
3576
4500
3925
3229
3746
4608
4736
4730
4370
4834
5232
3426
4235
3830
3421
3453
4000
3472
4390
4293
4593
5591
4234
3374
3468
3732
4728
2175
2804
1852
2425
2084
2863
3686
4515
2268
2506
2552
2921
3343
3451
3627
3657
3120
4116
3296
3974
2971
3361
3414
4384
3415
1832
2287
2614
3492
3706
2268
2695
3449
4204
5051
3122
3259
3675
3901
4271
3052
3298
3987
4324
4306
3252
4140
3852
3595
3547
2752
2826
3497
3571
3900
3490
3460
4174
4710
5402
3881
2730
3595
4295
3984
4352
3837
3899
3920
4805
3757
4111
3540
4412
4550
2763
3171
3227
4019
4962
3371
2554
3039
3054
3213
3518
3780
4757
3628
4133
3305
3548
3461
4065
3666
4274
4597
5296
4483
4506
2834
3169
3465
4118
3831
4615
5343
5411
3590
3624
4579
4891
4983
4871
5251
3693
3267
3549
3823
4811
3800
4260
4023
4389
3734
4511
3792
4441
2040
2530
2538
3136
3799
4522
3968
4562
3212
4103
3719
4043
3520
3591
4178
4751
3374
3526
2954
3137
3340
3515
4028
4587
3836
4272
4328
3371
3819
4337
4062
4617
2867
3521
3768
3706
2817
3433
3936
4343
3745
3889
4107
3042
3191
3528
4219
4506
3387
3748
4072
4161
4250
4523
4060
4276
4542
4076
4503
4853
4094
4911
4679
4599
3368
4039
4003
4869
3877
4635
4593
4337
2532
3319
3268
3942
3584
3946
2126
3119
3740
3290
3672
4129
2310
3207
2629
3616
3107
3306
2624
2811
3102
3167
3400
4185
2026
2948
3070
3908
3410
3703
2356
3268
3904
4320
4633
4059
3536
3978
4584
4200
2965
3263
4072
4990
4414
3515
3615
4359
4095
3414
3197
3760
3844
4814
4537
3621
3912
4256
4465
3343
3036
3670
3950
4524
4413
3905
3954
4093
4671
4972
3642
3941
3500
4158
4488
3353
3990
4506
3632
4627
3963
4956
4520
5066
4471
4445
3801
4574
4681
5587
3602
3596
3711
4095
4844
3964
4690
4864
5244
4888
3838
3922
4809
5494
3933
4016
4360
4555
4623
4965
3966
4289
4312
4739
4943
4106
4198
4352
4941
5143
2468
2674
3313
3391
3142
3524
3566
4241
3752
4320
3306
4139
3857
4042
4536
3681
2395
2456
2751
3356
2526
2731
2898
3028
2246
2822
3495
3009
3910
4026
2829
3519
3612
3485
3719
2850
2751
3445
4115
4504
3284
4143
3760
3902
4320
4028
4358
3488
3475
4010
2870
3462
3671
3882
4090
4281
3782
4662
4785
5707
2841
2909
3299
3442
3709
3260
3444
3909
4109
4802
3997
4489
4007
4868
4995
3550
4090
4458
4503
4750
2200
2917
3220
3227
3328
2481
2980
3555
3301
3454
2678
3209
3779
3718
3543
2908
3594
3996
3884
4212
2065
2524
2722
3667
3305
2493
2497
2949
2889
3878
3221
3471
4059
4986
4260
3418
4253
4191
4708
5625
2968
3315
3508
3678
4537
4820
3589
3891
2496
2654
3267
3603
3222
3838
4432
4327
2773
3761
2720
3196
3791
3978
4364
5172
3571
3587
3680
3687
4388
4568
3043
3329
3647
3837
4404
4244
4085
3880
4453
3837
2093
2861
2519
3438
2160
2794
3346
3540
2329
3084
3959
3760
3261
3991
4679
4308
2474
2722
3331
3745
2528
3404
3380
3452
3560
3066
3987
2740
3115
3514
3437
4324
2273
3228
3382
3880
2779
3290
3631
4381
3253
2669
2962
3878
3346
2741
3196
3690
2572
2896
3418
4082
3621
4018
4441
2916
3040
3463
3900
4046
4137
5085
4304
4705
2208
2106
2179
2470
2475
2855
2907
3547
3398
4057
4170
4798
3962
4324
4876
5274
2535
3124
3722
4211
3728
3979
3655
4003
4225
4388
2956
3883
3126
3259
4182
4032
2459
2680
3237
3547
3342
4055
3778
4646
3537
3932
4231
3696
3769
4454
3543
4319
3426
3731
3029
3675
3717
2995
3758
4626
2658
2788
2961
3772
4716
3202
3752
4407
3575
4211
2694
2733
3481
4260
3594
3434
4147
4698
5135
5871
3417
3475
2998
3792
4274
4536
4029
3663
4104
4631
4148
4836
3338
4233
4251
4405
4582
4889
3267
3706
3314
4093
4268
4855
2777
3690
3518
4116
4458
5048
3255
3306
4030
3860
3589
3532
3723
4363
4777
4415
3916
2898
3218
3431
4282
2701
3162
3325
3548
3626
3372
3395
4323
4888
4145
2982
3904
3868
3693
4503
3547
4353
3934
4096
4997
5264
4229
4997
3659
3994
4032
4370
4338
5010
4088
3455
4226
4917
5003
5043
4182
4502
4644
4775
2727
2943
3555
4011
3454
3761
3447
3775
2965
2990
3826
3930
3771
4383
4162
4885
4371
5008
3437
3523
4122
3621
4199
4922
2674
3665
3773
4475
3522
4221
2722
3363
3422
3984
4689
5355
2172
2846
3458
4019
3313
4276
2374
2618
3613
3447
4279
4383
3326
3335
4320
5058
3409
3430
4100
4189
4731
4566
5072
4491
3176
3661
3900
4896
3391
4359
4640
5587
4694
4873
5687
5115
2964
3604
4513
3508
3190
3243
3742
4022
4411
4119
4634
4101
3888
4837
5232
5473
3887
4053
3742
4353
3835
4146
4358
5265
2175
2229
2343
3093
3254
3910
3374
3604
2086
2900
2964
3331
2971
3418
4065
3602
2332
2709
2875
3358
2628
3561
3773
3848
2432
2583
3022
3473
3095
4091
3630
3575
1922
1968
2407
3240
2848
3425
3833
4149
3259
3365
3441
3888
4166
4224
5205
5307
2767
3720
3494
4430
3559
4228
4381
4321
4047
4355
5076
5771
3540
4382
4556
5072
3608
4493
4132
4464
4104
4437
4012
4625
3888
4344
5266
4040
4340
5013
5173
4775
3700
4207
3995
4340
3934
4155
4673
4840
4686
5235
4559
5119
5201
3989
4414
4697
3981
4410
5352
4254
2673
3340
4068
4320
3533
3324
4262
4573
3923
4453
3222
3827
4168
4997
4989
3317
3778
4526
5267
4877
2788
3361
3606
3698
3920
4004
3628
4006
4674
4857
3628
4446
3403
3834
4799
3706
4129
4441
4127
5048
4634
3391
4118
4399
4616
4997
5292
4503
3860
3923
3416
3909
3655
3780
3803
3935
3786
4260
5127
5222
1631
2531
2819
3793
3520
4105
4625
3108
2567
2640
2928
3142
3942
4401
4749
4534
3352
3464
3837
3858
3367
3773
4623
4730
4135
4844
4748
4578
4161
4540
4238
4625
2782
3694
3695
3956
3598
4125
3754
4525
1704
2364
2767
3758
3075
2518
2863
3617
2221
2474
2455
3139
3899
4215
3489
4108
3319
3759
3997
3584
3064
3247
3305
3744
3361
3601
4268
5254
3702
4363
4222
4686
4082
4189
4648
4506
4637
4227
4356
4555
1960
2450
2804
3499
4200
3459
3862
4206
3034
3617
2860
3091
3355
3682
3858
3911
3908
4173
4584
5022
2483
3196
2379
3212
2947
2433
2538
3422
3645
4608
3752
4558
3801
3691
4007
4033
3976
4253
4373
4716
2288
2570
2985
3235
2732
3418
3373
3862
2914
3885
3924
3751
3805
3880
3573
3735
4592
4631
4702
5001
2378
2869
3716
4507
3529
3891
3565
4472
4435
3624
4125
4567
3583
4040
4365
4218
3158
3298
2812
2964
2558
3543
3425
3990
3022
3519
3894
4087
3400
4310
3040
3908
4516
4822
4746
5043
3938
3249
3736
4104
4034
4099
4273
4966
3314
3935
3952
3866
4325
4665
3698
4283
4222
5171
3923
4655
4697
5181
3259
3513
3691
4178
4923
5177
3356
4077
4585
4808
3443
3835
4725
5129
4028
4304
4811
4015
4291
4888
4225
4027
4365
4455
4536
3546
4478
5117
4365
4744
3998
4570
3195
3929
4410
3500
4166
3953
4349
4372
4969
5642
3347
3698
3701
4364
4584
3996
4773
3583
4202
4667
4030
4187
3537
3912
3856
4789
2819
3196
3105
3601
3591
3739
4138
4536
4291
5114
4252
4018
4232
4756
4219
4863
3646
3849
4597
4115
4459
4703
4696
4846
4404
5111
4588
5163
4740
5256
5867
4666
4947
3946
4775
5265
4407
5013
5168
4976
4403
4987
5732
5541
3559
4239
4097
4296
3865
3928
3963
4624
4199
4528
4474
3685
4092
4212
4361
4805
4953
4896
5098
5671
2581
3000
3249
3932
2924
3545
3742
4049
3797
4058
3290
3826
3195
3271
3643
3645
4040
4404
3968
4166
4081
4238
5158
5483
2945
3086
3219
3498
3573
4106
3405
3564
4166
4308
4429
3872
2856
2972
3937
4582
3801
4320
4033
4490
3832
3298
3555
4297
3978
4235
3802
3926
4102
4423
3656
4461
4693
4652
4435
5333
2962
3776
4280
3998
3627
3415
3569
3961
3236
4163
4130
4266
4164
5154
3839
4009
4416
5293
4147
4393
3548
4181
4360
4793
3561
4449
4707
5071
3595
3699
3370
3992
4653
4758
4864
3925
3223
3703
3784
4304
3478
3575
4111
4213
3667
3829
4087
4720
3746
3830
3273
4230
3919
4856
3907
4117
4218
3953
4136
4619
2176
2905
2551
2946
3328
3411
4017
3966
2699
3442
2404
2854
3646
4195
3125
3071
3871
3993
4294
5022
2321
2619
2711
2952
3605
2485
3062
4043
3592
4059
2192
2326
2777
3439
3916
3030
3955
4311
4428
4835
2700
2775
3746
4420
3839
3408
3755
4113
3806
4310
2531
3285
4038
4695
4480
3849
4304
5232
4361
4342
3179
3896
4827
3828
4210
3436
4089
4981
4910
4279
3899
4669
2654
2752
3158
3780
3697
4353
4108
4336
3679
4032
3709
3890
3304
3459
3377
3755
3330
3949
3997
4946
5236
5591
3810
4191
3361
3805
3985
4970
3478
3579
4202
5011
2882
3213
3372
3807
2761
3341
3879
4416
3140
3985
4278
5180
3983
4067
5002
5019
2699
3414
3371
3670
3479
1852
2803
2968
2891
3142
3034
3661
3258
4149
4193
3499
3554
4071
3359
4323
3936
4550
3520
4406
4122
4332
4057
4899
4637
4632
3312
4144
3142
4009
4667
3825
4365
3912
4200
5065
4502
4915
4537
5464
4866
4653
5638
6536
3107
3457
3547
3560
3877
4506
3034
3983
3799
3823
3662
4014
3731
4518
5267
4764
4269
3243
3440
3638
4430
4656
4284
5132
3433
3819
4016
4463
3606
4238
4216
4759
2139
2238
3124
3789
1891
2705
3137
3894
2626
3466
2633
3619
3595
4288
5079
3702
2440
2530
2818
3440
3157
3772
3638
3640
2622
3156
3704
3981
3239
3721
3994
4336
2857
3272
3688
4353
3143
3627
4477
4824
3538
4399
3882
4518
3418
3736
3460
4392
3793
4022
2366
3024
2931
3382
3448
3745
4215
4529
3972
4737
2810
2985
2956
3077
3468
3345
3936
3303
4075
4369
3936
4851
3819
4173
4255
3253
3337
4014
4564
5082
2886
3064
3244
4031
4540
3531
3800
4429
4427
4715
3345
3495
3551
3972
4059
4702
3582
4570
3714
4358
3124
4042
2916
3313
4001
3952
3867
4581
4059
4135
4402
3648
3419
4131
4806
3538
4118
4351
3927
4237
3916
4272
3676
4569
3906
2520
3144
3662
3966
4316
3068
3367
3678
2898
2940
3413
4405
4514
4554
4129
3576
4411
4526
4684
3204
3666
4152
4463
3795
4591
2954
3455
4096
4464
4090
3069
3328
3964
4077
5066
2634
3477
2664
3609
3439
3514
3072
3502
4192
4387
3622
4377
4737
4865
4729
2893
3765
4247
3465
4180
3189
3808
4457
4788
4193
3882
4334
4550
3487
3868
3729
3783
4514
3490
3519
3469
4387
4453
5393
4426
3076
3237
3834
4430
4315
3864
4196
4274
4309
4447
3452
3831
4017
4751
4610
4224
4187
3402
3759
4350
3902
3935
4477
4248
4527
4060
4612
5289
6112
4417
3205
3791
3538
3636
4044
4460
4626
4641
5127
5879
3884
3943
4810
4416
4108
4922
5381
4591
3960
4787
3844
4355
3773
4183
4653
4153
2299
2990
3202
4179
3053
4007
3690
4215
3650
3453
3585
3638
3347
3984
4210
4515
3007
3649
4221
4220
3292
3573
4116
5005
3766
4083
4529
4651
3674
4206
4925
5041
3795
3978
4145
4842
2669
3144
3242
3602
3465
3487
3594
4432
4211
4252
4244
5120
3864
4223
4400
4470
4774
4886
3628
4563
4465
3835
4226
4526
4811
5796
5570
3559
3003
3803
4003
4019
3739
3504
3647
4010
3614
4067
3952
3537
3874
3928
4262
3798
3838
4166
4555
5137
4210
5184
3804
4361
3339
4196
3389
3406
4364
4408
3775
3855
3646
4034
3935
4507
4542
5129
4524
5318
4474
4817
4422
5252
4046
4211
4983
4467
5020
5868
4607
5390
4642
4496
4843
3194
3967
4497
5026
5877
3713
3893
4747
5648
2897
3247
3504
3515
3615
3961
4117
4418
3728
4450
3870
4753
4499
4359
4419
5115
2629
2787
3060
3382
3362
3797
4201
4202
4025
3483
4002
4759
2845
3663
3902
4142
4034
4335
2730
2887
3405
3773
4234
4974
2324
3124
3537
3663
2699
3699
2695
3284
3328
3630
3960
4113
2209
2498
2988
3495
3583
3690
2541
2854
3411
3336
3436
4178
2797
3220
2971
3130
3327
4131
3585
4107
3209
3280
3638
4360
3153
3506
3506
3443
4096
4743
3295
4267
5211
5374
4082
4891
3663
4186
4209
3678
4593
4875
3784
4341
3301
3497
3302
3944
3661
3778
4736
5732
5004
3974
3474
3506
3736
4179
4560
5129
3835
4742
4190
4632
3470
3789
4021
4129
4554
3893
3756
3777
3933
4846
3745
4287
4324
4941
4739
3823
4085
4181
3400
3986
2942
3313
3717
3853
4046
3507
3843
3936
4020
4894
3946
3950
4723
4968
4979
3863
4169
4178
4196
4793
3041
3600
3617
4153
3656
3770
4611
5475
5356
5628
2316
3275
4053
4457
5216
3178
4072
4373
4958
4962
2555
2602
2689
2805
3565
3468
3849
4227
4287
5173
3574
3979
4019
4620
4019
3087
3233
4031
4282
4601
3496
3654
3268
3321
3650
3786
3885
4179
4345
4788
4599
5116
4399
4493
5303
4963
5046
5854
4554
4965
2898
3560
4163
5060
5328
4080
4576
5002
3985
4296
4618
4918
5042
5085
5314
4911
4470
4850
4984
4196
4562
4774
4898
5023
5007
3894
4426
4591
5109
5572
4791
5579
4568
5276
4869
5201
5171
5799
4502
5025
2628
2784
2917
3265
3024
3619
3750
4083
3777
4532
3656
3921
3471
3478
4431
2960
3473
3642
4227
4794
4044
4678
4191
4443
3804
4065
4995
5317
4666
5441
3394
3726
2603
3398
2474
3239
2833
3471
4030
4338
2796
2856
3193
3957
3332
3759
3503
4156
3012
3990
3572
3972
4398
5339
3111
3227
4198
3888
4190
5112
2589
2924
3032
3938
4222
3921
3294
3849
4213
4576
2892
2961
2826
2942
3719
4620
3710
3860
4626
5533
3154
3281
3717
4383
3519
4112
3141
3512
3613
3856
3295
4148
4605
4515
3883
4533
4172
4380
4966
4079
2992
3913
3272
3537
3752
4666
4355
5107
3761
4090
4149
4294
3865
3988
4012
4230
4232
4746
4902
5669
2920
3460
3771
3976
3676
3991
3549
4536
3058
3281
4099
3967
3951
4748
4313
4396
4330
4069
4862
5125
4736
4779
5258
4925
3969
4913
5718
5222
4382
4869
3205
3417
4180
3219
3487
3876
3485
3555
3558
4499
2103
2777
3560
4182
3055
1982
2359
2911
3187
3955
1885
2207
2994
2995
3361
3436
3761
4361
4085
4712
2311
2492
2950
3109
3450
2435
3184
4014
4054
4423
2487
3193
3807
4323
4012
3382
4172
4624
4596
4598
2159
3044
2693
3230
3661
3588
3682
4182
3763
3802
3163
3896
2813
3772
3676
3970
2973
3814
4050
3567
3223
3536
3507
4433
3884
3683
4281
4734
4255
3710
3549
3820
4676
4883
3541
4203
4185
3633
4318
4838
3667
4179
3372
3515
3355
4269
3289
4257
4622
3322
3436
3969
3652
3711
4578
3108
1623
1804
2690
3516
2680
3070
4057
4271
3655
3762
4129
4116
4363
5347
4352
4409
3282
4149
3165
3369
3142
3430
3251
3534
3784
4263
4107
4063
4870
3862
3870
4260
3086
3824
3809
4216
3854
3897
4264
5159
4757
3783
4375
5284
3828
4053
4033
4750
3951
4680
4227
4905
4042
4546
3862
4860
5006
5801
4613
4467
4799
5329
4265
5247
1476
1834
1895
2324
2786
3698
4012
4906
2851
3570
3218
3870
4089
4715
4070
4776
2850
2937
3893
4356
3729
4654
4149
4837
3691
4438
4035
4837
4815
5250
4598
5261
3425
3588
3672
3777
3658
4051
4716
5659
2743
3549
3791
4391
3683
3844
3559
3593
4318
4516
3474
3514
4051
4176
2962
3295
3537
4436
4372
5076
3582
2524
3508
4276
2440
1587
2213
3167
2537
3265
3919
4306
2500
3184
3372
3780
4190
4225
3650
4290
2663
3403
3632
4256
3493
4105
4392
4245
3644
3454
2843
3629
3332
3683
4458
4549
2264
2304
2401
2444
3144
3633
3782
4308
4070
4322
4603
4969
4479
4589
3626
4590
3839
4830
3843
3910
3827
4055
4163
4093
3875
4571
5252
5450
3946
4562
5325
6015
2329
2999
2074
2957
2260
2801
2544
3398
2842
3580
2949
3502
3677
4111
4118
4379
3037
3848
4630
5002
4111
4441
3699
4130
3975
4876
5180
4597
4521
4573
5549
4281
2897
3067
4034
3627
4079
3392
3767
3919
3534
4004
3879
4325
3384
4099
4858
4240
4754
5382
4024
4117
3205
3646
4522
5480
2939
3414
4108
4196
4641
4700
3481
4060
2719
3113
3060
2725
2115
2309
2314
2954
2636
2753
3520
3627
3686
3419
3463
3886
4175
3830
3459
4294
5130
5747
2933
3447
3508
3929
4406
3729
3465
3695
4016
3856
3110
3432
3613
4450
3111
2825
3722
4296
3802
4487
3127
3163
3917
4629
3983
4576
2449
2819
3461
4210
3489
3886
4138
4439
3933
4734
2892
3504
3667
4154
4333
4136
3484
4118
4994
4947
2926
2996
2862
3507
2983
3098
3889
4244
2855
3073
3487
3709
3851
4094
5005
4647
4423
3509
3931
4816
3768
4656
3863
4398
3262
3295
4112
4400
4347
5080
4629
5159
4220
5206
3680
3793
3980
4254
4255
4395
3994
4444
4706
5097
2838
3484
3955
4502
4289
4715
3174
3388
4116
4060
4508
4964
3769
3947
4680
4542
3288
3677
4070
4474
4526
4157
4516
4710
2623
2678
3342
3872
3136
3430
3763
4397
4529
5213
4988
4680
2163
2331
3104
3534
4007
3700
3218
3943
3653
4485
3795
3991
3106
3805
4678
2938
3151
3658
3765
4389
3637
3164
3371
4219
3549
3866
3810
4045
4439
4837
1808
2102
2927
3832
3543
3443
3658
4414
3924
3945
2743
3709
3294
3609
4471
3016
3823
4116
3854
4179
3187
3554
3759
4726
4224
4085
3715
4133
4563
5303
2273
3179
3730
3782
3797
3542
3795
4367
5200
5846
2878
3809
3632
4036
4184
3981
4352
4398
4505
4570
4083
5071
4577
4708
4823
4766
4797
4069
4710
5202
3365
3688
4120
4571
5426
3922
4387
4419
4763
4261
3687
4147
4214
4458
4906
4926
4787
5646
2582
3546
3791
4292
3657
4171
4330
4590
3145
3634
3705
4616
2944
3756
4276
3912
2955
3046
2895
3601
3847
4430
4333
4681
4160
4186
4708
4775
4111
4266
5109
5167
3743
4100
4459
4780
4012
4111
3693
4565
4650
5067
2689
2701
2932
3246
3988
3762
3184
3264
2928
3741
4714
4861
4292
4512
4216
5117
4423
5230
3594
4334
4067
4573
3562
3889
4046
4522
5391
5576
5419
5594
2216
2386
3303
3444
3169
4165
3173
3517
3456
2736
3565
3751
3148
3587
3046
3954
3871
4746
3232
3395
3689
4194
4335
4513
2972
3546
3658
4558
5011
3766
3744
4460
3587
4119
4287
4486
4152
4857
4299
4947
4435
5263
4703
5258
5271
4254
4088
5023
3415
4053
3844
4836
3052
3755
4109
4844
3614
4544
4641
5450
4165
4884
5155
3495
4431
4249
4565
5448
5954
6283
4069
5014
2991
3421
4021
4676
4062
4353
4016
4744
3512
3674
4210
5118
3721
4620
4414
5024
3902
4764
3797
3819
4621
4481
4649
4701
4421
4422
5060
4203
4240
4649
4928
4947
4450
5160
4426
5272
2945
2980
3681
4524
3893
4220
3861
4423
5111
4106
4609
5315
2212
2464
2479
3031
3240
2838
2375
2724
3072
4055
3383
3764
2673
3428
4196
3555
2825
3682
3640
3757
2727
3234
3300
3709
3180
3670
4167
3481
3967
4790
2886
2926
3098
4096
2770
3611
2971
3970
3419
3455
2956
3803
4113
4734
3446
3631
4272
5182
2333
2808
3579
4087
3295
3543
4421
4530
3613
3723
3725
4433
2933
3917
3829
4461
2178
2659
2706
2788
2762
3273
3904
4001
2677
2844
3189
3188
3818
4081
3295
3996
3330
3571
4149
5104
4004
4472
4604
4969
4488
4824
4039
4544
5295
4307
4931
4226
3475
4290
4570
5385
3235
3617
4522
4910
4427
4723
4500
4560
4671
5132
5292
4797
4561
3386
3566
4413
5049
5148
5266
5392
4199
4737
4496
4312
4761
3503
3950
4621
4058
4242
3125
3674
3825
4732
5001
3252
3544
4392
5082
4781
4636
3930
4923
5349
4384
4795
4603
3919
4887
4447
3343
3780
4029
3766
4342
4530
4751
5332
4286
4215
3334
3027
3373
3786
4461
3988
4769
5296
3989
4094
3985
4295
4853
5603
4901
4907
3892
4555
5333
5290
3947
4344
4939
3336
3932
3993
4533
4668
5292
5369
5402
4142
3913
4758
3935
3932
4107
5106
4715
5530
2491
