104
206
309
309
413
414
515
414
413
517
619
517
618
616
619
409
514
515
616
514
616
716
816
621
514
617
515
617
719
621
723
512
614
614
716
517
621
716
723
616
716
617
720
720
724
824
927
617
618
614
717
722
825
615
719
721
721
822
923
717
820
825
721
509
614
716
819
619
721
820
924
618
722
724
721
821
921
723
828
618
513
613
715
717
719
822
821
818
923
619
721
825
824
928
925
718
822
719
721
618
722
819
921
717
716
816
918
621
724
723
724
821
923
722
824
924
825
926
923
720
722
826
921
826
618
719
821
613
715
719
819
719
819
922
824
714
817
824
924
819
921
1021
930
621
723
827
718
818
922
723
828
822
821
819
827
722
826
929
926
720
825
613
714
713
817
815
917
822
718
821
721
823
925
925
822
822
925
1023
1125
719
823
824
921
924
826
827
929
1029
824
822
926
712
816
918
818
720
822
823
928
718
819
823
922
819
816
920
922
817
920
819
921
920
1022
1020
922
622
722
827
825
822
927
726
830
919
719
819
919
820
925
919
927
1026
1129
826
928
1030
929
1026
1129
817
922
819
616
717
821
714
816
918
815
714
819
721
821
924
819
509
612
712
815
716
817
917
1021
719
819
922
1024
920
1022
720
820
617
721
825
821
824
924
1024
828
823
924
1024
1126
1029
1027
928
1026
716
614
718
822
828
932
719
820
826
824
927
1028
721
822
925
826
818
921
720
825
923
1026
823
926
824
929
930
924
1029
1130
1020
1029
717
819
920
820
617
721
817
829
813
918
821
925
919
824
925
1023
817
922
818
923
824
929
721
720
821
922
1022
1125
929
1034
819
920
919
1019
1028
1030
1026
926
1031
1131
818
716
818
821
922
930
926
1030
930
921
931
1036
931
1034
926
820
921
1025
821
921
821
921
1023
1123
816
916
916
923
924
1029
920
1023
818
920
922
1027
921
1025
1032
922
617
719
819
921
826
819
924
1029
918
1018
820
924
1020
1123
929
1023
822
922
1020
1122
719
823
928
1030
920
821
921
1025
1021
1023
923
1028
722
825
824
824
924
1029
822
922
817
720
821
924
824
925
931
1026
824
928
821
923
922
1023
1021
929
925
1028
1030
924
916
1019
821
925
1023
928
1028
1133
824
927
1027
928
1029
1129
929
1023
1026
1030
1133
1236
824
924
1027
920
816
917
716
817
821
816
920
1020
814
919
916
819
919
1023
917
1020
716
817
918
1023
818
823
916
821
926
1026
822
922
612
716
714
819
815
917
916
1017
724
825
921
1023
923
816
918
1020
715
820
919
1021
920
1020
1122
1022
925
1027
1126
1026
819
923
924
928
718
820
826
927
918
921
823
926
926
1030
1024
929
1029
1134
927
1025
821
822
923
1024
1021
1029
1130
821
921
1021
927
1029
1024
1029
924
1019
718
823
717
817
818
919
925
1028
824
824
924
1025
822
925
923
925
928
1030
925
817
918
1020
1121
1225
821
923
926
928
928
822
926
1028
918
1021
924
1027
818
923
928
1024
931
1034
1031
1133
926
1021
1029
1130
823
615
718
819
919
927
824
929
1030
1026
1129
923
928
924
1026
1032
820
921
923
1028
929
922
920
1022
720
820
722
826
917
1017
824
923
822
826
926
1029
924
1026
1029
1024
925
1024
825
928
1026
931
1025
1025
921
1023
1027
824
719
823
919
1024
923
1023
1030
1134
818
918
819
919
921
930
924
1026
1123
925
1026
1128
1027
1025
1127
1232
924
1028
823
927
922
1023
1122
1030
1028
1132
1033
1033
1036
1126
1025
1027
1132
1229
1232
1334
825
930
820
920
923
931
919
1021
922
615
720
823
818
921
1022
919
1023
1028
718
820
920
918
1023
1125
929
1034
1135
819
924
1029
826
928
1022
1024
1023
928
718
822
922
924
922
1022
921
926
1027
924
1029
1133
716
821
925
816
919
1022
920
928
929
927
1028
1020
923
1028
1125
824
720
825
928
1028
1026
1128
1127
1024
925
1027
1126
1026
1126
1230
922
1024
720
824
820
924
922
930
1024
1125
925
1029
720
824
823
920
1022
1021
822
923
1024
824
821
923
1026
1126
1024
923
1026
1126
927
1029
924
1027
921
925
1024
1128
1024
929
1029
1131
820
821
922
1022
1021
924
1028
1025
1025
1130
924
1026
1026
1127
1127
1026
1124
1227
1026
1126
924
921
1026
1130
723
823
925
819
923
1026
826
928
1026
1028
1131
926
826
930
1024
1126
919
1021
821
922
922
920
1022
1123
922
922
1026
821
926
1026
1026
1131
924
1026
1032
1029
720
822
922
922
923
926
928
1028
1021
826
822
923
1024
1026
1128
923
1028
1132
924
1024
929
1030
1120
1135
920
929
1027
1032
1124
1225
824
923
1027
1029
1130
1025
823
927
1026
1030
1033
1133
928
1032
1133
1024
1024
1129
928
926
1025
1126
1027
1131
1120
1131
1234
1128
1232
1130
917
828
930
1024
1024
1024
1019
1124
921
1023
1021
1126
720
825
922
824
922
1027
918
1019
927
926
1027
1131
915
1016
1022
1023
1016
1120
823
923
927
1029
1029
1134
1021
1123
1122
927
722
823
919
1023
922
921
1023
1127
824
926
830
935
1016
1119
823
928
1027
1025
1125
1225
918
1019
1027
1026
610
712
813
915
715
819
920
1022
815
919
1017
1026
917
1022
1117
1220
714
818
919
1023
921
920
1021
1126
924
1027
920
1022
1020
926
1031
1024
718
821
924
1029
924
1027
1026
1128
930
1031
1021
1125
1128
1228
1124
1024
920
1024
1128
1024
1122
1223
920
1023
823
924
1028
821
921
928
918
1021
719
719
821
924
822
927
1029
1131
926
1027
930
1029
826
928
927
1027
826
824
929
1022
1029
1130
927
929
1034
1128
1233
1037
928
1033
1125
1229
918
1021
819
921
1024
819
923
1025
1021
1122
924
1026
1130
1127
918
1023
1024
1026
1125
1027
921
1023
1127
1021
1025
1130
1124
1034
1024
1126
1024
1125
817
917
923
919
719
821
918
1018
819
919
1024
1128
922
1026
1123
1133
925
1027
926
1029
1028
826
927
1028
817
920
1024
1025
1026
1127
923
925
927
1031
1133
1237
931
1035
816
920
1020
1122
1125
1226
1029
1026
1131
1032
822
927
1025
925
1019
1023
1026
1027
1033
1128
825
925
1025
1125
1131
924
919
1019
1027
1128
922
929
1029
1129
822
821
921
1025
925
1026
1024
1126
1025
1031
1134
1023
1124
1228
1236
1133
1023
925
927
1027
1128
1124
1228
1130
921
1024
715
816
818
919
922
924
1020
1125
1026
1126
919
1022
1032
1029
1130
1019
1026
1027
1129
1133
1026
1129
1026
1130
1027
819
923
1025
1124
1225
716
819
923
1026
921
818
920
1024
930
1032
917
1018
925
1028
1124
1023
617
717
818
920
819
921
824
929
921
927
1031
1136
927
1027
1025
1029
920
1022
924
1027
1026
1026
1127
1229
928
1028
1131
826
927
927
922
1027
1021
1028
1031
824
722
824
927
1029
1028
1131
933
1034
1123
1028
931
1031
917
1020
1121
1031
1022
1124
919
1019
823
928
923
1026
1022
1126
1127
1126
824
924
1026
1130
1031
930
1035
1135
822
724
824
927
822
922
1020
926
923
926
928
923
1026
1127
1126
1226
1127
1127
920
1022
1124
1031
1134
1132
1026
1129
1022
1027
1130
1129
1131
1234
1026
1128
1128
1222
921
1021
824
929
1016
1118
1031
1128
1123
1031
1130
1235
1028
1029
1134
1127
1130
1024
1033
1136
1123
1126
1134
1236
1023
1128
1024
1031
1131
1235
1231
1126
1226
1328
1430
1533
925
1026
1030
931
821
823
924
1026
1024
1020
922
1023
918
1022
1124
1023
1027
1127
718
823
825
918
924
1023
922
1022
1021
817
917
1022
922
1025
1028
1121
1024
1026
813
916
924
1021
1022
1126
922
1026
1020
820
923
1025
1022
1126
1132
1128
1138
1238
920
1023
1024
1120
1124
1228
920
1024
1030
1021
1022
1020
1027
1132
1124
1228
1028
1128
821
925
922
1020
1022
1127
923
924
1022
826
929
1030
1022
1026
1030
1130
1129
1222
923
1028
1133
1027
1030
1029
818
918
924
819
920
1024
917
1019
922
1024
1123
1029
925
1027
1029
1123
925
1028
925
1027
1132
1030
916
1021
927
1031
1133
1032
1124
1129
922
1025
822
924
926
1026
1030
1030
1130
924
1028
1021
1126
1230
1134
1130
1022
1127
920
1025
1127
1023
1128
1121
1020
1030
1131
1023
1127
1027
931
1034
1129
1025
719
822
925
1026
823
924
1026
1131
922
1027
926
1026
1025
1130
1227
1024
926
1028
1130
1234
818
923
925
1028
923
924
1021
1122
1127
927
921
1025
921
1021
1024
1027
1118
1218
924
1028
821
925
1026
1129
1025
1025
1126
1026
1021
1029
1024
1127
1024
1033
1137
1130
1026
1131
1133
1130
1019
1121
1128
1228
920
1023
1029
1131
1022
1123
1124
1228
1030
1132
1029
1123
1131
1127
1229
1225
820
821
925
1024
923
1025
1127
1127
1029
1132
1022
1123
1128
1233
1124
1126
1020
1122
1225
1328
922
921
1026
1127
1025
1031
1134
1124
1027
1127
927
1024
1120
1132
1232
928
1030
1032
1137
1026
1025
1126
922
1026
1128
1026
1128
1138
725
828
925
926
927
1028
924
1028
1024
1020
1124
1228
828
933
1032
1028
1026
1126
1027
1129
1129
1130
1024
1025
926
1026
1031
1022
1125
1126
1119
1220
917
1020
1123
1024
721
825
926
1025
926
1027
920
922
1024
1029
1129
1130
925
1030
1027
1127
1026
1128
919
1021
1027
922
1027
1130
1033
1133
1134
1032
918
1018
1118
1218
1131
1235
1131
1024
821
921
927
1027
1021
1025
822
925
1023
925
925
1026
1025
926
1026
1027
1121
1225
927
1032
927
1031
1023
1124
1024
1030
1126
1030
1130
1230
929
1034
1132
1132
1228
1135
1023
1124
1128
1130
1018
1122
1133
1128
1123
1025
1129
1234
920
825
927
1028
1029
1130
1126
1121
1125
1226
1328
1029
925
1030
1024
1024
1128
1136
1132
1233
1231
1025
1018
1120
827
932
1031
818
922
1027
921
1025
1021
1025
1130
1228
927
926
1031
1131
1128
1230
925
1026
923
1024
1129
1130
1029
1122
1031
1028
925
1028
1133
1236
1028
1128
1233
1334
1026
1131
1026
1027
1129
1232
1126
1226
1330
1133
1133
1028
923
1024
927
1031
1026
1026
1028
1131
1035
1136
1120
1222
1019
1119
1223
1028
820
920
1022
1123
1021
1124
1227
1331
720
822
924
921
1022
1122
826
931
1023
930
1034
1121
925
1030
1026
1119
1026
1129
824
926
1028
1027
1129
1129
1015
1115
1118
1027
1127
1232
1123
1029
1033
1133
1128
1231
924
1025
1024
1126
1026
1130
1029
1134
1132
1029
1033
1029
1124
1227
1225
1123
1223
1327
925
1030
718
818
918
1018
922
822
926
1026
1019
1124
919
1024
1123
1129
1226
1024
922
1025
1029
1127
826
931
1031
1026
1021
829
931
1032
820
921
1026
1029
1023
1126
1024
1028
1130
1128
1232
1336
926
927
1032
1126
1023
1124
1125
1127
710
815
812
916
819
924
1020
1021
816
917
822
927
924
1021
1122
1227
815
920
1024
1031
1021
1121
927
928
1017
1117
1124
1124
1120
1223
1325
1027
814
916
918
1023
928
1025
1126
1227
924
1025
1021
1027
1123
1126
1137
1226
922
1023
1127
1230
820
925
1028
1133
1019
926
1024
927
1030
1027
1025
1126
815
917
923
1024
921
1025
1128
1126
916
925
1026
1127
1123
920
1024
1128
921
1023
1026
1129
1122
1130
1228
1129
1126
1227
1332
1124
1021
1123
1026
1127
922
920
1024
1128
1127
1134
1025
1128
1132
1235
1232
1133
1023
1123
1126
1129
924
1028
1026
1033
1125
1029
819
921
1024
1023
1032
1132
919
1021
1125
1028
817
921
817
922
925
1027
1027
1132
927
929
1028
717
821
925
822
922
918
923
1026
1130
817
821
921
1026
920
1024
1032
1136
1026
816
920
1025
928
1027
920
922
1027
1131
814
919
1024
925
1025
1129
1023
1123
1029
920
1024
1129
919
1021
1124
1227
1136
1229
1022
1125
1138
1228
1125
1229
1139
1239
921
915
1017
1122
920
1020
1023
1019
1024
1128
919
1023
1025
1126
1122
1021
1025
1125
1222
1121
1025
1027
1127
1137
1234
1032
1128
1232
819
923
1028
924
1025
1129
1026
924
1026
924
1022
1124
922
1024
1029
1124
1228
1240
922
1024
1123
1029
1132
1233
1127
1227
1135
919
922
1022
1125
1024
1016
1120
1221
1227
719
824
924
921
924
1025
918
1023
814
916
922
1027
918
1022
1123
1126
920
1024
1021
1121
1023
1028
1132
1233
933
922
1027
1026
1017
1122
1131
1235
927
1030
1132
1236
926
1026
1131
1127
1028
1125
925
1029
1032
919
1021
1124
819
920
1021
925
1028
1132
1025
1029
1030
1129
1229
1029
1022
1126
922
1022
927
1032
1127
1231
1134
1129
1230
1124
926
1028
1021
1027
921
1024
1021
1126
1021
1023
1128
1135
1121
1224
1324
1335
1129
1229
921
1023
1126
1021
1126
1227
821
721
825
930
1027
1027
927
1032
922
1026
1032
1137
1023
1023
1024
1018
1031
1133
1129
1232
921
1022
1028
1131
1029
1019
1120
1222
1130
1229
823
923
1019
927
1029
1126
922
1024
1120
922
924
1024
1024
1128
1129
1128
1228
1328
921
1023
819
924
1025
1130
1124
1128
1028
927
1028
1131
922
1025
1127
1027
1027
1024
1020
1125
1137
1227
1023
1125
1130
1232
1331
1025
1127
1230
1227
1232
1027
1132
1026
1127
1026
1028
1130
1133
1231
1231
1022
1126
1132
1127
1125
1230
918
1018
1120
924
717
821
921
1023
821
918
1022
1123
923
1024
923
924
1023
1126
1132
1123
1028
1131
1230
1235
924
1024
1127
926
1026
826
926
923
1024
1027
1017
1117
1130
1129
1021
1022
1124
1229
1127
1230
1024
1025
1027
1131
1030
1132
1026
1126
924
1029
820
921
1023
1125
1128
1027
1128
1231
1328
1330
817
917
919
1023
1023
922
1022
1122
928
1028
920
1020
1021
1125
1126
1023
928
1033
1132
1235
1021
1126
1120
1123
1017
1119
1128
1232
1125
1225
1123
1223
721
822
817
918
920
1024
928
1031
820
818
918
1019
927
1027
1032
1129
1020
1124
927
1028
1118
1030
1133
1230
1028
1130
1027
1130
1025
1130
1128
1230
918
921
930
1032
822
922
1018
1034
1023
1125
1025
1120
1132
1032
1132
1130
921
1026
1126
1228
1127
1018
822
926
1026
1022
1019
1119
926
1022
1125
1020
1024
1127
1025
1128
1020
1124
921
1025
822
927
929
924
1024
1129
1026
1130
1033
923
1027
1120
1026
1129
1124
1129
1127
1227
1032
1135
1027
1128
1132
1233
925
1030
1122
1129
1126
1231
1033
1026
1028
1129
1228
1331
822
924
1029
923
819
919
1020
1123
923
928
922
1024
1021
1125
1228
1026
1128
1024
1028
1128
921
1026
1027
1128
1125
1024
1125
930
1032
1137
921
1025
1130
1023
1126
1128
922
1024
829
933
926
1028
1032
1130
824
929
1024
1124
1030
1135
919
1024
1028
1130
1020
1027
928
1033
922
1022
1026
1026
1129
1133
1128
1132
1225
1329
1131
1132
1127
1120
922
1023
1026
930
1033
1133
1029
1129
1139
1136
1121
1024
1126
1227
1133
1237
1121
1225
926
1031
1132
1023
1023
1125
1129
1232
1336
1028
924
1025
1128
1231
1133
1024
1127
1028
919
928
1026
1027
925
1026
1033
1136
923
1027
1131
1233
1027
1030
1130
1235
1130
1129
1029
1022
1033
1133
1230
1225
1025
1128
1031
1020
1124
1229
1125
1226
1129
1230
1026
1126
1029
1132
1235
1027
1128
1029
1028
1129
1133
1226
1327
1236
1126
1227
1230
1233
1027
1131
1030
1130
1229
1229
1330
1230
1235
1235
1128
1129
1232
1027
1132
1124
1225
1227
1331
1434
825
927
1027
929
1029
927
1025
1128
924
1027
921
1023
1027
1129
1127
1023
1023
1128
1024
1126
1023
1125
1123
1226
922
1022
1125
1028
1129
1232
1023
1127
1021
1125
1033
1126
716
816
918
929
924
1025
924
1026
1022
822
924
1028
1023
1125
1123
1130
1121
1224
817
918
1022
1122
1125
1225
922
1024
1126
923
1027
1127
1129
1130
1125
1228
1126
1224
914
1016
1018
1030
1028
1128
1026
1127
1027
1023
1124
1227
1027
1129
1131
1223
1120
1220
821
922
1025
1026
1125
1023
1025
1126
1229
1030
1030
1025
1127
1132
1232
1224
1327
1332
1019
1124
1123
1225
1031
1134
1128
1228
1225
925
1025
1125
824
929
1030
923
1026
1028
1027
1131
1126
1133
925
1029
1127
1227
1134
1129
1124
1229
1230
1332
1028
1129
1231
1335
923
821
926
1028
1022
1124
929
1031
1124
1037
1026
1130
1021
1124
1027
1130
1025
1129
923
1023
1032
1029
1131
1124
1030
1131
1029
1025
1025
1126
1129
1028
1128
1229
1124
1127
1022
1124
1133
1125
1228
1128
1025
1125
1132
1031
1132
1127
815
915
1019
920
923
1023
816
920
924
1020
1122
1223
917
1020
1120
823
921
1021
1026
1129
1125
1126
927
1031
924
918
1021
1123
925
1026
1130
1234
926
1026
1130
1234
921
1022
1027
1127
1137
1239
1027
1122
1017
1118
1121
1221
918
1018
1119
1024
1125
715
818
918
1023
1026
818
920
1021
1125
1126
923
822
922
1026
1126
1020
1122
1130
1031
1030
1126
1026
1127
1229
1326
824
929
1029
1129
1120
1032
1124
1123
1228
1023
1125
1131
1136
1237
1022
1027
1132
1237
922
1023
1128
1029
1128
1220
1025
927
1027
1129
1121
1024
1125
1228
1134
1234
1129
1025
1126
1226
1230
1229
1126
1231
931
1036
1139
1228
1133
1123
1121
1137
819
922
925
1029
926
1025
1127
1232
921
1023
1025
1023
1026
1125
1230
1129
1024
1127
1132
1230
925
1025
1126
1228
1127
1025
1126
1231
1228
1328
1122
1227
1025
1128
919
1024
1125
1123
1223
1235
821
922
1027
1121
1027
1027
1032
1132
1025
819
826
926
1025
1126
1224
927
1019
1121
923
1027
1022
1122
1125
1228
917
1017
1120
921
924
1029
1027
1127
1123
1129
1233
926
926
1027
1028
1128
920
1024
1027
1125
1023
1035
1135
1025
1130
1128
1124
1226
1231
1238
1028
1133
1124
1130
1127
1227
922
1027
1025
1028
1125
1129
928
1028
1130
1128
1031
1028
1031
1134
1232
1026
1127
1231
1133
1238
1020
1025
1127
1230
1226
1127
1229
1333
921
1025
1028
1131
1029
1029
1133
1227
1127
1227
1224
1141
1129
1026
1127
1232
1021
1124
1227
1332
1131
1132
1131
1232
1229
1331
1123
1132
1236
1239
1134
1238
921
1025
919
1022
924
1025
1020
1121
1024
1129
1126
1229
1127
1230
1124
821
926
1028
1027
1131
821
921
1026
1131
1125
923
1025
1128
919
1021
920
1024
1119
1130
1223
1023
1125
1228
1332
1122
1021
1124
925
1021
1122
1024
925
1028
1024
1028
1023
1025
1129
1230
1123
1224
1125
1125
1227
1330
921
1025
1023
1124
1224
1121
1226
1227
1328
1024
1025
1126
1032
1137
1130
1128
1226
1126
1028
1026
1025
1127
1228
1238
1022
1127
1128
1223
1128
1228
1028
1129
1229
1235
1231
1130
824
925
928
1026
1026
1128
929
1030
1030
1026
1131
1235
919
1021
1122
1029
1024
1129
1121
1222
1131
1125
1228
1133
931
1028
1037
1029
1129
1022
1125
1226
1130
1233
1228
1328
1030
1130
1230
1134
1134
1236
1134
1234
1027
1128
1021
1121
1031
1134
1131
1125
1133
1129
926
1026
1126
1228
1227
1031
1133
1236
1323
1030
1018
1121
1121
1225
1124
1123
1122
1227
821
922
928
1020
1026
1128
1028
1020
1024
1026
1127
1228
1021
1121
1019
1122
1128
1229
1028
1130
1229
1022
1122
1223
1025
1130
1134
1231
1124
1225
1132
1234
1128
1231
1132
1230
924
1027
1126
1137
1127
1226
921
1021
1124
1126
1227
1030
1124
1027
1127
1232
1225
1330
1030
1133
927
1031
1120
1225
1130
1134
1239
1025
1032
1135
1231
1331
1231
1133
1123
1223
822
925
1023
1029
927
1030
1025
1125
1028
923
924
1028
922
1026
1027
1024
1021
1123
1028
1126
924
1029
1127
1229
1028
1030
1027
1128
1128
1029
924
1025
1122
1026
1131
1130
1027
1132
1132
1228
1022
1030
1130
1232
1124
924
1029
1129
1030
1135
1026
1126
1135
1232
1029
1026
1128
1230
1332
1433
925
1028
1133
1031
1130
1129
1129
1227
1131
1229
1133
1237
1027
1127
1129
1021
1122
1223
1128
1233
1120
1224
1224
1226
1133
1134
1231
1229
1224
1126
1022
1122
1223
1230
1330
1129
1018
1119
923
1026
1029
1134
1129
1026
1130
1129
1227
1229
1133
1233
1122
1223
1135
1237
1234
1329
1327
1124
1123
1224
926
925
1027
1127
1027
1131
1027
1129
1133
1232
1236
1126
1230
1331
1335
1127
1227
1138
1125
1225
1026
1025
1125
1129
926
1027
1035
1125
1129
1224
822
925
1022
1022
1122
1029
927
1024
1126
1123
1121
1226
1024
1126
1228
1127
1229
1333
1028
1130
1030
1132
1129
1128
1133
933
1037
1139
1243
1343
922
1025
1027
1125
1026
1127
1127
1130
1231
1030
1131
1235
1131
1233
1122
1126
1132
1232
1129
1228
1023
1030
1128
1231
1230
1235
1227
1127
1125
1226
1128
1231
1331
1232
1333
1226
1124
1228
1228
1130
1130
1234
1028
1129
1233
1025
1129
1133
1126
1129
1233
1232
1332
1435
1134
1131
1233
1327
1133
1233
923
1023
1127
1026
928
1028
1126
1229
1032
1135
1124
1224
1124
1226
1232
1024
1027
1131
1127
1224
1126
1128
1231
1331
1119
1222
1219
1240
1229
1234
1120
1133
921
1022
1024
1029
1123
1223
1227
1235
1123
1225
1225
1123
1224
1128
1230
1222
720
824
925
819
923
1026
918
1019
1120
1020
1122
1227
927
1027
1031
1127
1023
1124
929
1032
1131
1030
1133
1234
1026
1126
1133
1028
1031
1135
1129
1234
925
1030
1132
1237
826
927
1030
1132
1130
1235
1026
1130
1233
1134
1124
1229
1019
1119
1215
1122
1124
1225
1023
1127
1224
1130
1235
1338
1027
1129
1131
1127
1120
1220
1232
1129
1228
1332
1332
1332
930
1030
1128
1131
1129
1129
1131
1233
1033
826
926
1022
1031
1131
1235
1129
1023
1128
1026
1131
1133
1133
1129
1125
1122
1227
1328
1131
1229
1329
1026
1126
1231
921
1025
1129
826
929
1029
927
823
923
919
1019
924
925
1029
1130
1023
1127
921
1025
1028
1133
1032
1027
1021
1125
1026
1127
924
1029
1126
1133
1125
1030
1030
1132
1230
1133
1129
1232
926
930
1031
1124
1131
1133
1129
1030
928
1030
1031
1131
1039
1132
1124
1229
1119
1221
929
1029
1035
1124
1137
1126
918
1018
1023
1123
1030
1130
1029
1134
1123
1126
1229
1126
1028
1033
1036
1141
1226
1326
1130
1121
1223
1138
1243
1346
1019
1121
1032
1132
1124
1121
1226
1236
1124
1131
1123
1223
1130
1232
1226
1027
614
716
820
923
813
913
1014
1119
821
922
1023
828
930
1035
927
1028
714
814
915
1019
923
1028
1032
1026
1025
1126
1021
1028
1122
1023
1123
1224
817
922
1023
1028
1021
1124
1125
1227
1027
1023
1123
1226
1029
1024
1028
1129
920
1023
1126
1227
1127
1224
1123
1224
1219
1322
1326
1229
1320
1422
1022
1125
718
819
922
1027
923
1020
1121
1130
926
1029
1129
1230
1124
1227
1331
1225
920
1022
1123
1133
1121
1033
1127
1229
1128
1132
1131
1236
1231
1331
1228
1231
1018
1121
1125
1229
1130
1230
1332
1227
919
1020
1027
1130
1127
1022
1127
1127
1124
1224
1025
1127
929
1032
1023
1125
1130
1234
925
1029
1024
1028
1128
1227
821
717
818
922
921
1026
1028
1128
1023
1125
1129
1125
1134
1137
1126
1136
1021
1122
1027
1127
1129
1234
1226
1329
1127
1229
1022
1125
1127
1231
1228
1030
923
921
1022
1126
1124
1227
1234
1123
1124
1229
1130
1127
1229
1240
1134
1235
1127
1231
1327
1122
1224
1227
1134
1236
1124
1228
1223
1324
1123
1225
1232
1332
923
1025
819
921
1023
1125
1130
1231
1127
1227
1233
1333
1025
1125
1230
1234
1125
1022
1125
1226
1325
1336
1131
1236
1025
1127
1227
1234
1226
1330
1227
1226
928
1031
1129
1127
1024
1030
1030
1135
1132
1029
1133
1238
923
1027
1022
1025
1128
1228
1021
1124
1029
1130
1235
1133
1024
1127
1121
1122
1132
1236
1030
1025
717
818
918
923
816
916
1020
1123
923
1024
1128
1233
1029
1021
1121
1129
824
822
922
1023
1027
1132
815
916
926
927
1029
1130
925
1029
1023
922
926
1031
919
1020
1123
920
1021
1124
922
1027
923
1024
1022
1122
1126
1229
922
916
1018
1024
1018
1121
1223
1023
1124
1225
917
1021
1025
1127
1125
1022
926
1031
1132
1124
924
1024
922
1025
1029
1127
1229
1236
914
1014
1024
1019
1026
1128
1028
1131
1127
1020
1123
1224
1029
1130
1227
1226
1030
1135
1018
1122
1124
1130
1126
1226
1023
1128
1123
922
1027
1129
1028
1026
1126
1125
1226
1329
1023
1128
1126
1230
1135
1228
1137
1228
1127
1127
1231
1241
1142
1134
1237
1337
1018
1122
1020
1124
1118
1029
1134
1230
914
924
1027
1123
1026
1131
1119
1138
1127
1231
1232
1230
825
928
1032
1124
1023
927
1027
1132
1121
1121
1023
1125
1122
1226
1226
1026
1130
1230
1220
1321
1023
1020
1022
1122
1128
1027
1128
1228
1229
1333
932
1035
1138
1234
1334
1128
921
1023
1028
1029
1124
1228
1022
1024
1125
1022
1124
1228
1126
1231
1025
1129
1131
1232
1023
1128
1025
1029
1123
1223
1019
1124
1128
927
1018
1123
1031
1132
1235
1134
1236
1227
1026
1126
1129
1024
1127
1128
1030
1124
1128
1230
1335
1436
1131
1128
1228
1224
1132
1227
1020
1120
1019
1122
1125
1229
1228
1331
1127
1128
1120
1225
1030
1132
1226
1224
1227
1227
817
917
924
1021
1020
1121
1026
1127
927
919
1020
1121
1019
1120
1128
1127
715
819
923
1024
926
1028
1129
1131
929
1032
1124
1127
1025
1130
1228
1333
823
826
929
1030
1019
1120
1223
1130
1119
1219
927
1030
1130
1124
1225
1033
922
1022
921
1021
1126
1229
1027
1127
1120
1129
1224
1326
1128
1132
1236
1128
924
1028
1020
1028
1132
1123
1227
1327
928
1030
1127
1131
1129
1135
1139
1135
1024
1033
1133
1237
826
927
1028
1130
1031
1133
1019
1119
1122
1126
1229
1332
924
1026
1020
1028
1121
1028
1026
1128
1131
1127
1230
1221
1124
1224
1127
1130
1125
1230
1228
1331
1232
1026
1123
1121
1122
1226
1126
1123
1021
1123
1124
1229
1028
1133
1135
1130
1131
1236
1334
1229
1135
1033
1121
1221
1326
1227
1131
1236
1024
1028
1129
1126
1120
1223
1126
1227
920
822
924
1026
1021
1126
1227
1221
1123
1224
1124
1226
1225
1132
1129
1231
1226
1124
1227
1128
1232
1337
1227
1327
1123
1127
1230
1333
1025
1125
1127
1139
1226
1326
1023
1024
1126
1120
1221
1321
918
1023
824
926
927
928
1031
1126
1029
1021
1034
1136
1027
1127
1137
1125
1025
1129
1127
1231
1027
1128
1232
1127
1032
1028
1126
1228
1032
1133
926
1027
1128
1228
1238
1225
1036
1138
1227
1330
924
1024
1125
1229
1029
1126
1228
1235
1129
1231
1020
923
1024
1128
1232
1226
1232
1335
1126
1231
921
1026
1028
1028
921
1021
1026
1127
1120
1027
1022
1124
1027
1128
1129
1125
1216
1317
1022
1123
1023
1126
1128
1021
1029
1130
1229
1025
1130
1232
1020
1122
1225
1126
1226
1129
816
921
1026
1031
922
1026
1024
1125
1021
1124
1227
1133
1124
1228
1132
1236
929
714
816
916
1017
1119
1220
1322
1019
1121
1129
1130
1227
1131
1127
1232
1030
1135
820
922
1025
1126
1225
1026
1131
1233
1328
1236
1120
1021
1122
1224
1126
1226
1330
923
1026
1031
1026
1127
1232
1225
1329
1227
1129
1229
1229
1124
1030
1027
1129
1229
1026
1126
1226
1327
1026
1129
1025
1126
1129
1230
1224
1233
1228
1229
1224
1324
1120
1133
1228
1227
1229
1329
1128
1228
1227
1329
1224
1141
1018
1121
1122
1133
1124
1225
1024
1124
815
