1031
2079
3104
3108
4138
4151
5161
4114
4146
5158
6163
5159
6182
6172
6170
4119
5162
5150
6193
5140
6167
7188
8228
6181
5161
6205
5173
6181
7217
6195
7215
5119
6164
6205
7198
5198
6233
7219
7201
6144
7192
6180
7202
7183
7173
8205
9246
6165
6198
6188
7212
7214
8244
6179
7183
7208
7208
8213
9252
7196
8207
8262
7214
5117
6130
7167
8182
6190
7192
8224
9260
6176
7178
7276
7186
8234
9248
7234
8243
6140
5150
6155
7176
7195
7225
8215
8264
8209
9244
6176
7195
8235
8222
9256
9257
7179
8194
7211
7217
6158
7185
8196
9234
7214
7196
8220
9261
6173
7192
7200
7256
8209
9226
7235
8254
9246
8222
9239
9253
7208
7210
8246
9231
8251
6199
7166
8212
6158
7199
7137
8153
7210
8208
9185
8173
7178
8224
8236
9241
8229
9266
10278
9241
6160
7184
8186
7191
8214
9264
7254
8271
8213
8219
8253
8266
7194
8203
9253
9271
7157
8204
6194
7215
7183
8221
8225
9230
8186
7203
8224
7236
8280
9297
9215
8222
8183
9193
10215
11250
7204
8241
8237
9247
9225
8270
8241
9248
10288
8241
8226
9238
7172
8222
9237
8171
7216
8264
8178
9199
7179
8209
8211
9257
8219
8235
9235
9255
8232
9218
8193
9235
9242
10252
10293
9223
6227
7277
8210
8243
8193
9210
7280
8310
9184
7205
8254
9302
8264
9304
9215
9213
10255
11270
8239
9259
10254
9292
10268
11286
8206
9237
8234
6165
7166
8168
7187
8223
9263
8195
7214
8224
7227
8238
9231
8226
5147
6182
7214
8218
7177
8179
9178
10199
7214
8243
9244
10277
9193
10233
7204
8253
6203
7252
8282
8222
8215
9223
10238
8221
8219
9252
10284
11293
10284
10232
9263
10270
7205
6195
7197
8237
8184
9232
7197
8210
8255
8242
9275
10319
7222
8215
9225
8259
8217
9243
7178
8225
9254
10258
8240
9248
8235
9248
9249
9191
10231
11270
10247
10287
7158
8165
9183
8228
6162
7179
8219
8209
8198
9217
8210
9245
9215
8243
9270
10246
8219
9254
8208
9247
8199
9221
7221
7207
8253
9261
10283
11302
9253
10253
8261
9244
9206
10208
10240
10280
10263
9259
10298
11301
8201
7223
8251
8259
9234
9231
9284
10311
9222
9228
9265
10282
9276
10325
9271
8228
9266
10263
8176
9216
8245
9259
10258
11303
8186
9226
9223
9227
9221
10223
9162
10171
8213
9239
9280
10301
9183
10209
10229
9234
6149
7179
8205
9241
8190
8194
9243
10248
9209
10212
8229
9235
10245
11249
9224
10218
8237
9262
10228
11239
7180
8200
9204
10204
9251
8250
9272
10282
10261
10281
9259
10301
7187
8200
8323
8209
9215
10248
8205
9251
8191
7205
8230
9238
8267
9306
9337
10304
8177
9225
8248
9254
9288
10276
10332
9193
9266
10289
10332
9224
9279
10288
8240
9288
10246
9257
10284
11330
8216
9235
10239
9237
10244
11271
9250
10255
10263
10300
11339
12364
8203
9205
10225
9234
8197
9203
7171
8186
8211
8233
9210
10238
8217
9260
9252
8248
9259
10292
9197
10233
7164
8183
9210
10255
8226
8219
9260
8218
9241
10253
8229
9228
6130
7148
7196
8211
8209
9242
9229
10250
7141
8183
9192
10219
9188
8219
9257
10295
7199
8220
9233
10272
9217
10247
11276
10263
9216
10216
11241
10287
8236
9265
9283
9285
7169
8210
8252
9291
9245
9246
8200
9216
9240
10262
10231
9226
10270
11284
9232
10242
8224
8224
9234
10235
10266
10300
11314
8244
9257
10299
9261
10310
10237
10278
9239
10260
7164
8175
7218
8245
8230
9264
9238
10248
8196
8207
9222
10242
8210
9252
9220
9314
9225
10264
9204
8232
9246
10243
11275
12293
8201
9238
9219
9244
9275
8225
9228
10242
9219
10267
9221
10268
8224
9251
9252
10247
9247
10260
10315
11343
9251
10268
10277
11314
8240
6167
7189
8222
9217
9275
8242
9274
10278
10248
11266
9294
9276
9279
10305
10323
8164
9179
9185
10215
9234
9273
9242
10276
7185
8214
7221
8221
9235
10273
8230
9241
8175
8211
9247
10290
9196
10208
10248
10232
9219
10243
8246
9246
10289
9358
10261
10243
9219
10263
10264
8180
7208
8233
9279
10234
9246
10265
10240
11273
8265
9268
8239
9258
9278
9251
9252
10299
11293
9295
10318
11254
10265
10252
11275
12302
9206
10217
8276
9308
9191
10230
11220
10247
10195
11233
10292
10333
10291
11290
10240
10233
11258
12275
12301
13308
8188
9188
8230
9230
9290
9237
9250
10253
9233
6189
7239
8257
8168
9215
10233
9169
10179
10285
7164
8208
9248
9242
10237
11265
9278
10319
11330
8216
9231
10263
8253
9301
10310
10261
10276
9295
7190
8190
9219
9270
9204
10217
9259
9232
10239
9242
10286
11311
7190
8222
9224
8253
9267
10281
9245
9259
9207
9250
10260
10251
9202
10231
11218
8236
7216
8243
9282
10301
10299
11304
11291
10250
9236
10236
11248
10318
11209
12243
9240
10289
7194
8213
8209
9227
9214
9225
10236
11256
9227
10273
7180
8191
8220
9239
10253
10243
8255
9267
10272
8220
8193
9195
10225
11259
10258
9222
10247
11271
9256
10285
9242
10257
9227
9293
10295
11316
10246
9237
10244
11293
8206
8253
9247
10288
10217
9264
10280
10262
10262
11287
9275
10311
10303
11350
11263
10239
11240
12280
10285
11314
9216
9249
10270
11292
7218
8221
9232
8237
9275
10318
8210
9250
10223
10272
11258
9225
8224
9246
10284
11281
9168
10179
8177
9193
9235
9254
10246
11278
9231
9222
10254
8220
9265
10298
10303
11323
9206
10207
10247
10287
7220
8247
9195
9257
9298
9322
9286
10334
10341
8224
8229
9269
10235
10210
11245
9250
10266
11250
9217
10263
9266
10255
11283
11328
9226
9318
10338
10268
11279
12308
8238
9217
10221
10269
11284
10265
8217
9221
10243
10287
10276
11291
9225
10254
11266
10198
10252
11291
9247
9260
10269
11270
10231
11264
11296
11347
12307
11334
12353
11306
9222
8237
9246
10207
10254
10301
10245
11248
9236
10282
10237
11262
7200
8242
9191
8188
9238
10263
9260
10260
9206
9257
10301
11337
9253
10269
10265
10259
10290
11283
8191
9219
9262
10283
10296
11293
10215
11239
11248
9267
7197
8217
9233
10264
9254
9259
10306
11306
8225
9246
8222
9222
10223
11241
8245
9249
10260
10261
11286
12312
9260
10269
10222
10241
6150
7164
8179
9227
7208
8237
9213
10240
8219
9257
10276
10271
9256
10274
11281
12296
7161
8202
9208
10247
9188
9265
10314
11272
9179
10181
9241
10248
10265
9257
10262
10246
7214
8250
9255
10266
9263
10277
10266
11272
9222
10260
10265
11284
11275
12290
11278
10281
9205
10229
11254
10271
11241
12264
9260
10303
8281
9286
10284
8228
9259
9326
9259
10270
7192
7204
8224
9242
8261
9271
10311
11269
9251
10270
9300
10258
8191
9199
9241
10276
8235
8219
9245
10266
10223
11224
9261
9241
10286
11291
12320
10364
9286
10320
11270
12306
9245
10261
8238
9274
10283
8230
9246
10291
10303
11353
9276
10323
11358
11263
9225
10267
10270
10240
11265
10272
9219
10247
11251
10265
10258
11298
11260
10320
10273
11322
10229
11271
8206
9256
9196
9227
7213
8237
9278
10283
8240
9274
10291
11340
9257
10273
11262
11263
9223
10252
9213
10226
10238
8240
9283
10286
8235
9276
10275
10226
10234
11273
9306
9241
9259
10260
11273
12283
9218
10224
8250
9286
10285
11304
11241
12283
10271
10259
11289
10259
8198
9236
10266
9230
10249
10275
10265
10309
10315
11278
8244
9255
10241
11244
11285
9241
9252
10289
10221
11261
9238
9256
10276
11304
8210
8205
9228
10241
9227
10240
10256
11273
10272
10284
11306
10253
11290
12305
12380
11248
10264
9218
9235
10272
11285
11250
12300
11264
9224
10272
7184
8206
8204
9243
9252
9246
10233
11278
10244
11257
9189
10193
10274
10239
11251
10282
10242
10337
11339
11295
10278
11312
10292
11319
10255
8240
9271
10314
11272
12311
7153
8179
9186
10205
9206
8229
9251
10289
9221
10264
9263
10304
9238
10267
11297
10264
6225
7262
8295
9226
8240
9290
8308
9317
9264
9224
10271
11313
9243
10258
10241
10280
9163
10167
9221
10265
10230
10252
11274
12311
9200
10215
11237
8255
9291
9286
9266
10313
10213
10283
10264
8228
7242
8290
9335
10324
10315
11287
9312
10337
11241
10320
9278
10313
9192
10234
11235
10241
10293
11306
9190
10221
8252
9294
9275
10283
10269
11283
11248
11286
8229
9235
10276
11318
10250
9302
10345
11364
8279
7265
8270
9298
8216
9256
10260
9241
9255
9246
9272
9293
10234
11268
11312
12312
11291
11265
9251
10269
11307
10324
11344
11334
10306
11296
10220
10245
11279
11273
11316
12340
10246
11256
11248
12250
9246
10272
8265
9295
10238
11250
10276
11227
11256
10255
11269
12284
10285
10273
11321
11295
11272
10268
10260
11284
11294
11274
11264
12272
10294
11301
10262
10341
11345
12388
12316
11295
12340
13347
14339
15379
9211
10251
10222
9284
8240
8261
9304
10312
10273
10254
9268
10312
9258
10308
11265
10217
10243
11248
7198
8241
8286
9191
9276
10259
9189
10233
10248
8236
9261
10274
9201
10235
10223
11263
10278
10253
8190
9223
9257
10304
10282
11299
9281
10321
10254
8242
9254
10301
10289
11336
11320
11304
11363
12399
9182
10205
10246
11243
11294
12304
9215
10236
10341
10226
10277
10259
10301
11310
11282
12294
10263
11264
8209
9236
9240
10250
10260
11293
9256
9325
10206
8204
9228
10245
10246
10269
10245
11260
11258
12272
9211
10241
11242
10264
10268
10286
8205
9205
9269
8226
9237
10259
9267
10272
9229
10260
11277
10248
9250
10260
10287
11277
9234
10279
9275
10287
11241
10304
9209
10211
9214
10239
11254
10232
11204
11314
9233
10263
8266
9303
9289
10315
10319
10243
11274
9216
10231
10243
11266
12290
11255
11319
10247
11247
9209
10220
11259
10253
11272
11350
10250
10305
11235
10266
11301
10227
9246
10262
11296
10269
7142
8173
9209
10258
8209
9178
10219
11219
9229
10230
9240
10284
10259
11285
12301
10262
9230
10252
11274
12289
8188
9223
9202
10252
9260
9180
10207
11238
11287
9262
9280
10297
9233
10250
10307
10257
11251
12279
9221
10233
8238
9261
10228
11256
10273
10296
11345
10261
10269
10259
10255
11268
10284
10317
11366
11290
10242
11286
11321
11300
10190
11228
11291
12317
9229
10251
10285
11319
10302
11304
11290
12333
10260
11269
10249
11277
11261
11291
12321
12303
8195
8231
9223
10258
9201
10206
11214
11280
10225
11258
10256
11286
11212
12240
11285
11281
10277
11321
12303
13351
9201
9174
10214
11240
10299
10236
11268
11305
10225
11245
9236
10248
11288
11321
12365
9201
10220
10278
11321
10256
10251
11298
9250
10261
11297
10253
11303
11234
7191
8199
9222
9179
9241
10277
9245
10271
10296
10291
11336
12377
8194
9208
10215
10301
10244
11289
10245
11262
11273
11259
10261
10268
9226
10241
10284
10212
11244
11288
11236
12283
9196
10231
11197
10261
7212
8243
9254
10300
9262
10283
9222
9256
10285
10334
11339
11290
9272
10321
10238
11267
10292
11305
9208
10213
10282
9249
10286
11332
10353
11381
11346
10221
9228
10275
11241
12253
11290
12292
11294
10255
8210
9216
9281
10274
10242
10253
8228
9245
10255
9261
9291
10340
10237
9261
10282
10258
11301
12348
9220
10240
9247
10272
10304
11340
10277
10253
11222
10285
11316
12350
9280
10323
11314
11278
12246
11340
10218
11233
11288
11294
10231
11248
11289
11293
11298
10286
11295
12295
9248
8211
9237
10269
10328
11289
11289
11336
11229
12256
13280
10242
9284
10291
10245
10280
11251
11354
11305
12347
12299
10306
10286
11288
8224
9262
10227
8230
9275
10277
9233
10249
10285
10224
11243
12249
9216
9223
10267
11287
11277
12316
9221
10261
9247
10295
11325
11290
10282
11308
10259
10297
9249
10281
11284
12326
10254
11272
12302
13336
10308
11348
10255
10264
11278
12299
11346
12347
13363
11318
11327
10294
9213
10234
9278
10293
10222
10271
10236
11265
10293
11329
11272
12283
10262
11272
12266
10237
8194
9200
10217
11240
10246
11274
12302
13325
7184
8185
9198
9247
10229
11236
8232
9249
10237
9320
10342
11229
9248
10281
10290
11294
10250
11264
8221
9225
10273
10292
11339
11285
10241
11281
11288
10232
11279
12284
11300
10282
10318
11326
11297
12326
9202
10227
10252
11252
10249
11299
10285
11317
11307
10237
10229
10284
11218
12233
12281
11267
12261
13308
9265
10296
7186
8213
9250
10270
9224
8188
9192
10227
10214
11227
9248
10284
11269
11269
12310
10264
9195
10208
10259
11260
8227
9248
10223
10272
10242
8186
9190
10238
8197
9228
10260
10250
10287
11322
10281
10323
11269
11252
12296
13299
9229
9252
10293
11322
10256
11216
11240
11320
7172
8187
8175
9175
8172
9216
10241
10258
8201
9238
8240
9242
9239
10249
11287
12319
8247
9239
10278
10264
10262
11288
9233
9280
10241
11284
11303
11207
11281
12320
13307
10270
8153
9177
9214
10218
9209
10222
11271
12286
9204
10235
10242
10267
11226
11289
11300
12305
9186
10194
11226
12239
8202
9240
10262
11288
10260
9203
10226
9241
10247
10309
10254
11277
8213
9253
9295
10289
9254
10297
11296
11309
9269
9242
10257
11273
11227
9280
10295
11308
9247
10295
10278
11326
11224
11330
12314
11272
11316
12332
13299
11289
10289
11317
10254
11298
9264
9223
10247
11293
11258
11339
10303
11332
11240
12240
12379
11325
10290
11330
11346
11304
9211
10215
10279
10212
11258
10273
8243
9276
10269
10280
10326
11365
9272
10275
11277
10236
8185
9220
8226
9251
9212
10246
10244
11285
9221
9284
10315
7212
8245
9287
8286
9299
9267
9263
10308
11298
8195
8221
9234
10255
9189
10238
10226
11269
10250
8239
9271
10321
9230
10259
9189
9263
10251
11260
8204
9251
10262
9218
10267
11293
10237
11252
10247
9225
10253
11267
9265
10247
11276
12310
11305
12327
10286
11321
11356
12286
11293
12300
11332
12371
9243
9240
10265
11312
9255
10269
10283
10275
10254
11269
9235
10269
10271
11271
11248
10247
10300
11305
12332
11262
10286
10278
11280
11285
12306
10286
11299
12335
8208
9245
10281
9200
10228
11254
10259
9196
10230
9289
10263
11266
9235
10257
10275
11250
12296
12327
9253
10265
11255
10251
11252
12254
11249
12271
11355
9283
9235
10251
11251
10254
10281
11294
12298
12279
7191
8228
9241
9233
9214
10248
9251
10300
8210
9244
9285
10329
9267
10295
11298
11315
9227
10244
10284
11314
10213
10259
11302
12323
9234
9243
10278
10281
10248
11269
11266
12294
9184
10217
11245
12280
9239
10260
11244
11243
10240
11255
9257
10259
10311
9241
10280
11304
8218
9257
10300
9250
10299
11313
10274
10272
10232
11264
12307
10263
10286
11273
9264
10277
9268
10318
11306
12325
11298
11250
12270
11286
9248
10260
10276
10291
9239
10288
10304
11304
10282
10294
11296
11305
11245
12253
13273
13297
11306
12334
9250
10266
11300
10319
11272
12319
8203
7213
8232
9253
10276
10251
9263
10264
9285
10249
10314
11325
10237
10256
10317
10260
10284
11305
11336
12367
9230
10260
10304
11327
10270
10231
11262
12308
11282
12314
8205
9215
10262
9192
10196
11232
9238
10262
11283
9292
9213
10214
10255
11278
11284
11292
12324
13367
9189
10190
8228
9231
10231
11266
11272
11275
10229
9261
10301
11329
9227
10236
11247
10236
10235
10236
10272
11303
11273
12290
10245
11265
11310
12329
13325
10208
11211
12248
12272
12312
10266
11278
10224
11250
10243
10296
11279
11300
12292
12255
10262
11267
11351
11295
11310
12312
9250
10277
11316
9281
7187
8193
9239
10270
8216
9200
10217
11257
9225
10253
9265
9232
10258
11282
11276
11283
10297
11329
12273
12346
9205
10243
11222
9265
10293
8224
9231
9217
10243
10258
10266
11293
11269
11361
10297
10217
11230
12243
11283
12327
10296
10214
10265
11276
10292
11328
10236
11265
9287
10323
8252
9289
10300
11279
11327
10288
11324
12357
13352
13377
8192
9215
9199
10225
10181
9206
10235
11273
9173
10192
9227
10234
10281
11285
11253
10288
9254
10264
11269
12295
10241
11258
11350
11266
10271
11276
11269
12292
11323
12367
11302
12332
7253
8276
8288
9261
9255
10256
9224
10237
8234
8227
9229
10260
9260
10239
10357
11345
10242
11291
9232
10239
11278
10300
11320
12271
10220
11238
10290
11269
10260
11295
11249
12257
9213
9228
9292
10335
8260
9289
10305
10246
10249
11255
10255
11271
11337
10267
11287
11289
9224
10234
11245
12193
11240
10277
8208
9251
10295
10213
10265
11279
9279
10241
11276
10257
10236
11238
10281
11290
10253
11280
9243
10277
8289
9289
9337
9260
10294
11294
10366
11393
10311
9221
10267
11309
10286
11312
11346
11313
11224
12267
10302
11317
10202
11226
11322
12332
9191
10191
11196
11232
11311
12318
10226
10247
10262
11307
12327
13358
8207
9226
10249
9261
8219
9227
10206
11255
9266
9267
9264
10288
10306
11341
12312
10294
11293
10256
10277
11315
9211
10255
10246
11248
11278
10268
11278
9239
10258
11298
9268
10302
11317
10295
11321
11310
9249
10263
8296
9346
9297
10312
10328
11294
8245
9295
10280
11285
10324
11343
9204
10222
10222
11271
10218
10224
9247
10248
9301
10343
10230
10271
11281
11257
11313
11353
12300
13317
11303
11310
11265
11273
9254
10281
10287
9333
10342
11368
10336
11261
11293
11279
11342
10248
11272
12288
11323
12329
11231
12280
9253
10278
11308
10233
10283
11273
11239
12283
13292
10252
9229
10238
11248
12296
11231
10242
11263
10271
9227
9275
10266
10255
9295
10308
10256
11289
9203
10252
11262
12306
10295
10274
11319
12322
11257
11311
10229
10266
10262
11263
12286
12333
10195
11222
10269
10314
11327
12352
11293
12333
11332
12347
10260
11296
10266
11302
12307
10291
11233
10377
10368
11405
11284
12312
13313
12364
11246
12272
12343
12308
10307
11353
10302
11313
12280
12307
13354
12299
12330
12365
11289
11247
12282
10273
11323
11293
12332
12288
13334
14370
8260
9261
10292
9264
10235
9273
10217
11220
9240
10225
9262
10290
10307
11318
11348
10291
10302
11344
10299
11336
10219
11254
11324
12335
9272
10318
11319
10232
11255
12291
10245
11295
10224
11252
10273
11305
7185
8213
9241
9247
9275
10295
9261
10277
10289
8209
9219
10250
10197
11212
11241
11312
11254
12297
8263
9273
10295
11305
11315
12353
9227
10249
11268
9256
10249
11262
11282
11227
11263
12292
11285
12287
9208
10224
10231
10294
10246
11291
10318
11366
10305
10236
11286
12297
10261
11269
11347
12327
11256
12260
8199
9216
10220
10250
11295
10289
10252
11257
12258
10283
10276
10294
11317
11285
12327
12297
13332
13345
10208
11216
11224
12268
10232
11257
11266
12268
12319
9240
10281
11292
8234
9251
10293
9225
10272
10282
10260
11262
11279
11263
9279
10293
11295
12323
11280
11245
11305
12317
12340
13384
10252
11266
12277
13303
9251
8186
9225
10248
10238
11268
9268
10266
11264
10259
10278
11247
10278
11296
10330
11340
10263
11265
9250
10281
10273
10256
11278
11293
10304
11330
10281
10287
10267
11304
11280
10270
11282
12325
11320
11287
10244
11278
11245
11284
12283
11330
10233
11275
11270
10258
11293
11273
8184
9189
10235
9218
9253
10299
8250
9260
9229
10263
11309
12343
9272
10317
11281
8202
9250
10270
10269
11274
11324
11292
9279
10305
9321
9298
10316
11292
9247
10280
11308
12340
9243
10271
11307
12317
9228
10252
10257
11259
11255
12302
10334
11315
10232
11240
11243
12282
9181
10185
11234
10243
11276
7182
8210
9218
10245
10283
8220
9235
10261
11293
11268
9234
8239
9281
10324
11253
10269
11293
11347
10243
10289
11267
10276
11324
12300
13313
8230
9260
10269
11275
11263
10274
11288
11308
12350
10288
11298
11300
11295
12310
10254
10278
11294
12325
9238
10287
11236
10313
11258
12274
10318
9296
10306
11230
11344
10261
11276
12284
11325
12306
11270
10216
11217
12266
12351
12303
11252
12299
9245
10270
11263
12291
11340
11329
11283
11292
8149
9178
9192
10197
9236
10191
11204
12243
9192
10238
10185
10271
10267
11295
12248
11228
10217
11223
11257
12274
9228
10240
11285
12277
11256
10289
11333
12371
12264
13307
11308
12350
10210
11233
9232
10254
11278
11323
12328
12336
8230
9240
10236
11260
10212
10249
10309
11346
10237
8219
8256
9257
10305
11332
12271
9225
10271
11273
9275
10307
10238
11260
11317
12316
9237
10238
11253
9271
9304
10332
10276
11321
11238
11290
12329
9270
9255
10305
10320
11272
9229
10238
10294
11293
10229
10257
11298
10323
11260
11315
11239
12266
12306
12380
10290
11292
11267
11272
11276
12294
9206
10249
10294
10223
11241
11235
9259
10305
11323
11287
10253
10245
10270
11305
12330
10230
11261
12261
11283
12316
10225
10221
11225
12237
12252
11280
12323
13297
9251
10280
10254
11298
10318
10259
11288
12271
11271
12272
12314
11329
11295
10296
11335
12370
10280
11315
12294
13328
11242
11368
11316
12344
12296
13309
11311
11298
12319
12332
11254
12298
9234
10239
9202
10212
9215
10256
10269
11254
10206
11255
11220
12247
11336
12350
11276
8220
9259
10307
10267
11307
8239
9272
10295
11309
11311
9263
10267
11290
9267
10306
9291
10298
11263
11306
12349
10266
11282
12321
13330
11270
10202
11244
9234
10249
11260
10351
9261
10297
10267
10228
10280
10302
11318
12360
11317
12315
11267
11290
12261
13283
9272
10279
10266
11271
12266
11270
12289
12371
13315
10298
10237
11254
10287
11290
11309
11327
12315
11291
10288
10318
10228
11275
12310
12295
10254
11280
11300
12302
11294
12329
10229
11235
12236
12293
12244
11324
8222
9235
9247
10286
10236
11243
9277
10304
10256
10304
11301
12329
9222
10227
11268
10265
10294
11323
11283
12295
11358
11278
12320
11347
9213
10253
10225
10287
11253
10295
11269
12297
11235
12271
12319
13339
10258
11306
12266
11275
11295
12321
11286
12318
10247
11285
10322
11354
10207
11235
11278
11243
11316
11325
9282
10312
11323
12228
12270
10340
11266
12285
13318
10271
10195
11219
11281
12287
11224
11271
11280
12280
8244
9259
9244
10289
10219
11247
10262
10301
10278
10279
11285
12322
10226
11272
10247
11258
11262
12265
10318
11344
12315
10229
11238
12288
10278
11282
11363
12279
11281
12323
11332
12355
11265
12274
11297
12298
9227
10255
11218
11266
11276
12265
9278
10321
11299
11223
12247
10240
11242
10245
11293
12295
12261
13287
10240
11283
9180
10195
11199
12228
11313
11342
12381
10231
10226
11274
12318
13328
12338
11281
11216
12264
8193
9241
10254
10248
9331
10247
10259
11263
10348
9247
9258
10295
9256
10286
10294
10301
10313
11352
10245
11251
9284
10294
11343
12376
10285
10280
10268
11301
11282
10286
9244
10258
11272
10300
11320
11277
10252
11283
11251
12275
10240
10294
11289
12329
11286
9216
10219
11239
10275
11279
10307
11313
11319
12322
10282
10291
11307
12293
13339
14348
9253
10298
11342
10292
11276
11319
11333
12324
11286
12309
11315
12344
10221
11245
11301
10250
11285
12326
11259
12292
11248
12238
12286
12272
11291
11309
12316
12288
12325
11310
10229
11250
12277
12316
13303
11284
10254
11260
9257
10282
10241
11261
11295
10288
11310
11246
12289
12318
11323
12332
11302
12302
11276
12325
12351
13329
13323
11267
11244
12272
9290
9247
10252
11282
10305
11319
10260
11283
11304
12305
12330
11278
12309
13344
13350
11261
12283
11337
11322
12362
10312
10296
11301
11354
9232
10269
10299
11312
11265
12306
8262
9309
10280
10257
11293
10341
9286
10273
11270
11299
11328
12346
10251
11252
12249
11263
12290
13297
10235
11250
10222
11272
11238
11277
11342
9316
10316
11331
12352
13361
9223
10261
10278
11200
10280
11241
11260
11261
12302
10235
11255
12277
11284
12304
11297
11262
11241
12268
11272
12287
10240
10273
11314
12327
12267
12272
12331
11302
11235
12285
11338
12344
13304
12295
13345
12314
11308
12338
12276
11310
11268
12309
10278
11327
12288
10287
11310
11344
11315
11311
12304
12361
13395
14418
11316
11261
12261
13286
11286
12320
9190
10236
11264
10215
9256
10301
11253
12267
10275
11316
11278
12318
11230
12230
12308
10272
10276
11316
11280
12303
11286
11311
12315
13353
11277
12296
12311
12317
12290
12345
11250
11280
9235
10274
10241
10283
11219
12222
12244
12301
11217
12237
12289
11208
12224
11304
12329
12302
7250
8282
9212
8263
9298
10299
9248
10261
11239
10271
11280
12310
9248
10289
10268
11286
10223
11244
9286
10291
11318
10321
11354
12356
10276
11289
11293
10243
10273
11304
11320
12339
9263
10277
11308
12319
8256
9305
10248
11230
11285
12296
10290
11337
12338
11286
11288
12290
10244
11278
12320
11234
11291
12334
10263
11286
12291
11332
12352
13354
10276
11313
11332
11255
11289
12318
12315
11296
12295
13309
13371
13356
9290
10325
11240
11279
11240
11283
11259
12280
10258
8251
9287
10255
10323
11359
12339
11312
10269
11297
10271
11309
11233
11325
11315
11348
11270
12306
13253
11272
12305
13313
10259
11278
12309
9264
10303
11343
8265
9273
10277
9333
8197
9205
9258
10266
9264
9244
10285
11287
10211
11242
9219
10222
10216
11228
10317
10263
10242
11254
10253
11259
9259
10276
11290
11356
11350
10254
10333
11347
12345
11359
11238
12249
9232
9293
10320
11254
11288
11349
11321
10271
9201
10204
10248
11263
10255
11282
11269
12276
11260
12308
9205
10233
10219
11251
11250
11215
9230
10252
10277
11235
10242
11251
10288
11307
11265
11250
12294
11303
10275
10285
10332
11347
12266
13275
11251
11260
12297
11352
12375
13419
10237
11253
10263
11295
11300
11290
12326
12352
11283
11317
11247
12290
11259
12297
12297
10231
6157
7198
8224
9235
8196
9215
10194
11244
8194
9204
10246
8266
9271
10276
9300
10347
7197
8199
9204
10246
9213
10251
10288
10276
10213
11249
10306
10270
11262
10246
11266
12283
8229
9273
10244
10243
10277
11308
11296
12301
10247
10327
11332
12350
10261
10280
10254
11283
9235
10249
11273
12276
11291
12287
11284
12276
12292
13296
13332
12256
13281
14317
10264
11268
7140
8156
9196
10215
9208
10227
11251
11359
9213
10243
11247
12260
11280
12238
13285
12344
9227
10267
11241
11255
11242
10333
11297
12346
11255
11263
11256
12303
12272
13299
12280
12337
10193
11206
11219
12255
11210
12252
13243
12313
9243
10261
10287
11324
11273
10278
11264
11293
11219
12238
10225
11249
9221
10223
10253
11259
11274
12292
9272
10288
10251
10280
11300
12288
8215
7167
8199
9201
9282
10298
10263
11276
10220
11249
11277
11273
11286
11373
11307
11278
10274
11283
10270
11272
11299
12319
12295
13301
11269
12287
10272
11264
11300
12312
12328
10361
9257
9268
10305
11354
11302
12335
12359
11290
11254
12294
11271
11318
12281
12285
11317
12324
11326
12354
13373
11280
12328
12286
11274
12321
11308
12349
12331
13367
11252
12273
12314
13311
9205
10207
8200
9241
10267
11279
11356
12335
11258
12285
12354
13390
10252
11284
12319
12304
11251
10254
11281
12288
13286
13329
11297
12311
10298
11345
12340
12296
12320
13369
12318
12302
9241
10284
11241
11229
10294
10258
10233
11257
11320
10323
11243
12288
9246
10273
10285
10247
11267
12288
10284
11313
10319
11320
12360
11299
10307
11341
11317
11306
11307
12331
10259
10335
7238
8255
9264
9227
8186
9202
10236
11238
9232
10270
11256
12302
10270
10229
11265
11233
8262
8241
9278
10315
10319
11333
8178
9211
9262
9269
10243
11246
9303
10305
10262
9218
9292
10295
9301
10331
11287
9239
10262
11306
9210
10240
9230
10230
10280
11291
11276
12284
9216
9236
10284
10278
10237
11223
12268
10255
11270
12283
9208
10216
10301
11246
11360
10238
9204
10253
11272
11256
9206
10210
9213
10254
10260
11260
12293
12347
9210
10218
10252
10268
10247
11267
10219
11253
11297
10260
11280
12319
10251
11278
12301
12325
10258
11305
10249
11252
11288
11331
11287
12289
10263
11297
11234
9251
10283
11312
10272
10303
11309
11339
12373
13419
10302
11323
11316
12325
11320
12337
11324
12262
11336
11299
12346
12421
11345
11290
12290
13307
10238
11252
10193
11219
11282
10211
11214
12226
9245
9208
10242
11248
10314
11345
11281
11303
11273
12323
12279
12281
8263
9282
10313
11274
10292
9314
10305
11344
11254
11235
10232
11249
11295
12298
12348
10268
11277
12282
12247
13290
10259
10287
10266
11283
11294
10339
11359
12409
12334
13322
9291
10322
11365
12296
13333
11373
9200
10216
10261
10262
11275
12304
10216
10263
11248
10278
11305
12309
11254
12282
10214
11219
11271
12306
10242
11267
10220
10295
11310
12355
10246
11259
11264
9254
10287
11245
10267
11297
12311
11245
12280
12298
10242
11247
11312
10249
11293
11261
10253
11272
11294
12262
13268
14316
11239
11281
12287
12296
11328
12302
10296
11335
10225
11227
11279
12316
12259
13298
11234
11291
11266
12302
10240
11251
12269
12273
12275
12351
8200
9236
9258
10238
10283
11320
10259
11297
9188
9235
10257
11276
10245
11289
11336
11222
7226
8236
9261
10286
9263
10291
11314
11236
9272
10301
11315
11263
10234
11268
12296
13301
8230
8291
9309
10312
10273
11286
12280
11298
11253
12269
9296
10314
11349
11302
12335
10297
9245
10264
9284
10333
11309
12323
10277
11326
11261
11298
12315
13343
11269
11273
12304
11330
9200
10230
10237
10368
11263
11252
12282
13311
9210
10250
11296
11249
11231
11265
11334
11246
10233
10252
11298
12309
8208
9238
10247
11278
10316
11361
10220
11268
11307
11296
12301
13325
9193
10206
10297
10320
11336
10250
10262
11300
11289
11324
12357
12296
11266
12288
11294
11252
11229
12249
12270
13279
12320
10201
11216
11298
11233
12247
11285
11248
10255
11300
11283
12324
10266
11293
11350
11306
11278
12289
13296
12291
11277
10242
11258
12276
13277
12279
11323
12331
10220
10286
11271
11237
11255
12277
11276
12284
9261
8226
9251
10263
10292
11292
12295
12325
11279
12295
11276
12299
12346
11338
11389
12369
12276
11298
12344
11271
12308
13310
12323
13355
11341
11257
12306
13318
10263
11292
11270
11288
12305
13310
10317
10301
11322
11266
12290
13337
9168
10209
8239
9283
9242
9303
10268
11294
10261
10279
10314
11353
10273
11311
11281
11211
10310
11315
11243
12255
10269
11308
12312
11313
10304
10286
11261
12285
10305
11340
9225
10270
11271
12267
12341
12251
10327
11342
12293
13305
9203
10217
11253
12274
10294
11325
12366
12320
11251
12254
10245
9294
10324
11328
12303
12302
12298
13329
11331
12270
9189
10229
10241
10255
9249
10276
10201
11232
11215
10296
10227
11257
10238
11250
11302
11236
12279
13325
10299
11329
10209
11223
11238
10296
10263
11281
12295
10277
11284
12326
10292
11335
12321
11300
12302
11307
8214
9238
10268
10291
9208
10241
10250
11253
10253
11258
12271
11242
11272
12302
11317
12347
9262
7195
8203
9211
10213
11237
12244
13249
10220
11222
11242
11292
12257
11329
11249
12271
10322
11362
8198
9214
10256
11260
12300
10290
11308
12334
13292
12321
11284
10228
11251
12275
11276
12279
13315
9244
10286
10306
10234
11241
12245
12284
13283
12269
11286
12319
12321
11258
10301
10300
11309
12357
10205
11205
12235
13281
10239
11257
10300
11323
11311
12329
12323
12309
12314
12309
12304
13304
11224
11273
12275
12290
12323
13301
11228
12269
12319
13367
12260
11317
10209
11226
11316
11269
11285
12298
10306
11330
