100
11 38
22 77
15 96
32 98
44 72
40 80
36 38
24 34
54 84
22 62
4 8
4 27
88 95
43 83
23 87
48 85
20 76
28 95
66 74
37 40
1 71
66 67
52 54
28 60
7 32
12 47
6 83
73 85
45 94
26 35
18 35
52 81
9 74
1 14
61 70
49 55
16 63
59 67
68 81
13 51
31 63
82 92
73 82
42 91
25 100
57 59
53 58
23 33
14 69
72 98
6 79
39 51
41 69
42 100
90 99
49 56
15 37
53 86
46 65
19 99
9 92
5 13
78 97
70 96
11 41
43 64
55 80
2 60
18 45
75 90
7 62
2 29
34 75
50 93
3 19
3 46
17 88
26 89
44 47
5 29
27 97
8 31
79 84
39 78
10 86
20 58
77 93
16 24
21 89
57 64
25 30
56 94
12 48
33 76
30 65
17 36
10 21
50 61
68 71
