1000
456 460
231 501
167 987
355 458
513 745
648 839
405 771
544 908
550 780
247 462
490 968
340 832
354 593
149 984
219 329
139 419
187 353
611 997
21 52
265 700
656 907
648 801
631 754
306 999
79 788
50 372
228 719
383 824
810 860
744 882
271 597
381 469
71 538
590 715
165 536
275 426
736 923
460 666
309 935
808 821
148 287
261 468
489 973
436 969
265 602
1 44
108 316
733 915
368 604
67 100
96 664
616 663
407 799
647 988
573 871
384 847
376 975
608 748
853 952
35 91
529 793
728 877
391 790
469 568
245 688
382 390
606 827
160 886
41 643
225 312
42 605
738 898
356 809
367 526
382 996
218 328
357 628
574 788
88 400
43 944
115 342
308 449
665 823
236 907
458 983
604 873
54 963
155 336
520 628
535 935
111 505
399 894
135 261
341 472
229 714
28 554
150 498
200 548
296 769
103 740
275 351
196 413
695 762
9 740
170 549
31 232
117 946
459 822
299 483
175 659
609 839
922 971
82 658
650 940
209 232
190 324
73 190
389 539
136 721
351 436
325 507
726 900
123 371
642 962
414 677
30 390
754 863
77 917
178 717
924 953
576 766
268 954
337 795
207 454
70 843
322 449
272 512
450 497
127 852
204 970
96 217
671 750
880 923
833 889
49 305
893 918
377 766
26 344
170 721
333 954
15 734
830 848
53 932
32 768
270 428
221 589
888 965
158 801
783 956
121 462
169 779
182 739
357 523
940 977
44 141
47 176
461 667
119 387
256 851
455 868
477 887
637 696
401 879
130 259
302 777
10 599
177 683
93 378
152 574
75 869
33 352
509 905
123 248
47 652
94 182
81 366
191 526
85 400
145 916
271 841
69 409
244 927
114 487
443 904
324 326
432 882
343 917
522 835
189 897
525 790
176 635
151 557
500 564
652 890
444 777
644 720
148 392
112 386
418 666
139 729
257 571
690 902
605 732
74 760
678 820
589 868
572 752
676 854
14 210
878 980
373 961
441 813
207 989
481 983
286 957
388 607
607 842
196 595
290 931
45 363
945 962
297 833
45 729
309 881
39 406
464 465
295 921
608 645
524 858
38 679
227 495
301 763
251 836
279 454
346 831
402 549
781 919
215 632
180 362
72 922
201 499
379 823
55 724
303 689
29 862
718 947
713 930
627 782
63 612
106 903
212 585
771 784
361 710
144 181
420 757
891 913
34 640
101 384
364 701
408 742
649 943
126 819
531 720
405 991
331 662
439 822
242 258
241 990
577 592
503 541
485 780
164 597
193 423
425 769
638 698
567 890
83 934
199 246
568 799
398 791
499 837
546 619
333 603
410 567
132 972
206 228
13 48
8 817
692 893
124 710
292 530
205 685
2 193
581 659
15 243
524 690
377 825
903 989
212 437
13 683
422 978
99 442
508 881
705 850
57 154
125 162
20 804
491 686
27 636
100 895
397 988
85 185
50 285
25 966
668 925
153 818
646 693
10 845
811 927
236 596
29 480
522 810
201 277
622 942
284 654
104 702
230 993
140 211
739 926
202 502
61 542
2 262
656 970
435 502
716 967
144 328
251 856
36 826
894 973
264 290
7 252
677 785
380 767
689 736
753 880
702 921
756 918
99 805
291 512
185 467
755 814
134 565
16 311
875 950
336 633
856 902
151 321
121 812
97 343
288 370
90 186
61 725
610 803
122 948
95 626
884 900
465 812
94 919
578 676
439 475
338 368
107 749
584 872
161 240
59 761
609 764
516 844
143 479
427 472
7 698
679 681
520 672
570 655
102 347
115 484
206 298
492 631
318 500
453 951
152 445
532 772
217 829
131 345
160 561
93 591
577 600
63 475
358 737
48 661
180 899
65 706
575 611
268 883
25 694
64 76
480 805
200 877
747 778
171 204
87 320
438 715
342 612
751 832
914 992
600 857
387 446
413 587
17 79
621 738
616 630
87 758
246 889
188 464
635 928
798 815
396 495
184 447
76 796
216 563
18 349
494 592
4 980
28 569
74 741
110 260
120 761
161 407
293 707
519 716
424 971
210 398
372 672
195 414
389 551
421 878
443 630
220 463
583 887
424 457
793 826
198 749
235 291
21 142
156 658
213 733
5 553
456 587
116 510
474 876
707 861
416 865
238 617
18 633
417 850
673 764
222 735
198 517
92 641
209 245
451 691
315 646
84 327
783 950
109 401
466 696
332 393
373 488
930 997
248 874
19 68
147 484
39 83
478 687
267 916
830 1000
92 670
457 855
527 674
233 855
254 977
470 770
408 508
138 479
102 586
618 776
714 828
686 885
670 931
226 996
816 958
594 807
448 579
215 306
807 957
431 756
166 787
249 806
661 910
150 177
556 961
553 870
194 974
376 802
132 270
168 412
233 937
126 735
745 911
156 446
141 295
305 853
582 732
391 514
755 968
194 981
33 308
410 800
533 538
289 299
125 317
540 867
62 632
481 515
71 280
385 955
485 722
559 994
489 570
537 864
247 548
211 226
816 864
760 901
909 978
678 909
105 730
37 513
227 531
208 820
208 547
23 966
759 846
6 433
358 960
331 380
97 949
539 723
202 884
111 153
325 848
24 936
550 757
388 516
445 651
136 629
173 591
428 473
64 536
518 862
80 255
614 939
89 697
572 835
154 253
350 776
12 680
6 470
285 558
727 993
129 323
392 795
304 509
330 364
37 282
128 620
89 981
617 789
490 787
310 610
797 802
434 453
590 664
112 521
705 1000
824 875
399 497
263 363
313 979
339 421
468 936
651 913
427 964
781 991
26 369
242 260
420 498
137 758
263 332
41 995
562 836
120 402
906 928
547 896
106 417
42 724
36 383
374 828
817 874
73 665
415 622
566 627
104 143
46 629
473 575
174 920
266 974
229 774
347 625
53 131
157 172
704 911
563 861
12 450
620 920
316 486
130 601
561 742
668 953
22 937
759 803
192 366
16 511
314 558
35 723
302 718
770 851
243 643
109 307
557 691
70 541
98 647
315 335
98 404
57 416
114 960
174 952
183 385
675 933
542 990
375 969
360 958
463 763
105 362
240 949
184 455
682 982
264 361
912 932
51 700
298 345
189 447
133 621
313 731
172 224
440 747
78 697
564 619
636 840
886 959
544 737
429 556
517 901
800 892
530 897
493 831
356 418
545 859
4 768
393 727
54 811
834 987
346 641
482 606
237 545
519 613
329 588
858 871
815 857
426 593
259 296
56 66
78 797
81 273
341 598
292 784
663 775
66 409
277 394
506 912
847 963
580 674
584 986
274 301
235 330
166 910
283 586
107 624
284 576
192 359
728 791
20 403
287 872
179 478
181 933
699 794
137 471
249 278
404 680
90 767
80 304
40 637
433 773
234 849
650 892
713 947
743 941
294 854
140 967
46 992
477 934
237 808
231 440
613 701
147 712
272 762
218 422
288 772
432 896
552 673
221 965
252 995
430 709
127 411
289 365
286 964
278 348
581 750
671 975
273 709
171 725
223 655
138 267
220 395
258 487
654 818
75 266
423 948
712 829
794 870
19 562
813 821
60 569
534 798
40 108
88 638
837 929
560 598
168 573
644 687
38 319
14 914
8 615
197 279
506 684
554 792
314 863
142 532
1 504
239 708
369 956
56 178
103 703
578 579
614 941
386 792
785 929
699 806
642 708
334 431
257 505
24 195
183 752
773 938
312 955
163 521
159 466
354 634
269 476
323 510
571 682
396 430
527 841
494 786
338 999
51 293
216 789
32 998
782 926
335 985
224 496
11 412
419 552
67 814
213 461
825 942
197 514
118 311
234 482
649 905
322 873
525 535
30 528
476 507
68 560
939 943
276 693
91 555
11 972
59 703
493 717
255 350
162 959
337 504
437 448
804 895
165 741
537 711
374 946
303 746
474 986
113 281
58 533
819 876
157 327
483 501
128 186
23 601
52 146
274 452
119 722
486 765
145 394
623 852
623 840
602 711
239 515
378 441
594 719
5 599
580 645
77 534
307 657
214 281
471 706
9 179
546 908
187 496
164 353
84 842
241 344
175 300
134 321
22 891
117 280
110 397
199 734
595 688
3 375
551 618
69 730
86 250
300 438
62 326
203 751
566 681
360 865
173 694
31 984
555 639
122 976
27 860
167 838
256 653
528 615
565 976
370 491
459 748
365 925
662 743
381 685
169 660
775 779
269 540
159 938
262 653
116 467
317 559
340 367
163 624
883 994
113 731
34 492
135 634
17 660
3 523
86 488
49 529
395 406
310 518
219 640
101 415
155 429
765 904
158 898
188 339
944 979
72 899
60 82
149 282
191 867
283 359
774 879
214 778
58 319
753 945
704 849
444 846
348 888
786 924
297 434
146 318
451 583
543 746
222 625
133 951
371 834
43 225
250 603
675 843
294 838
238 827
95 585
442 866
511 859
55 203
276 320
403 596
452 809
692 885
253 639
254 869
334 669
223 379
588 906
129 845
230 726
435 915
543 998
65 626
205 985
349 503
118 744
866 982
355 669
657 684
411 844
582 667
695 796
124 425
