999
373 839
435 715
841 962
100 130
434 681
646 725
33 580
188 250
539 937
377 868
174 780
215 708
416 900
85 451
738 884
187 299
380 535
175 437
43 122
342 888
562 681
287 569
114 146
590 894
476 952
927 950
502 522
226 270
300 336
176 997
538 915
634 798
360 673
413 943
12 945
619 685
103 196
301 655
459 666
47 213
315 740
424 541
263 859
59 663
37 647
163 326
795 853
106 856
178 231
382 931
353 990
304 426
375 568
640 814
415 861
1 882
645 730
487 682
278 467
668 683
261 361
337 600
386 960
581 902
572 964
70 634
12 148
154 407
190 954
210 410
50 679
165 488
203 632
290 399
181 894
147 403
512 534
691 745
124 310
331 817
455 736
199 746
787 901
32 518
367 551
70 281
44 356
99 656
531 755
888 949
743 748
576 690
195 848
481 827
60 269
81 497
57 295
43 957
183 663
418 834
76 672
79 935
163 786
93 749
42 687
599 909
391 544
466 517
49 920
769 830
343 621
473 802
233 813
389 423
503 741
429 961
436 765
23 191
515 983
523 972
652 863
121 785
314 875
258 547
158 349
856 980
150 433
62 880
467 926
95 712
31 430
278 378
277 924
435 994
328 347
120 756
620 667
136 550
953 973
90 696
28 89
7 14
498 589
30 52
367 820
69 582
308 730
61 468
157 993
21 586
567 683
81 246
331 942
500 694
341 527
405 875
835 911
625 889
343 486
98 492
574 653
372 852
422 471
605 779
111 596
255 284
443 805
615 900
92 450
236 773
312 933
254 999
784 890
577 878
231 876
24 555
548 840
180 752
510 791
64 339
660 703
366 721
216 226
82 139
584 935
345 387
396 774
127 400
355 931
200 291
241 770
74 649
91 899
174 581
309 670
630 953
236 619
265 796
280 637
105 462
250 801
22 324
333 622
308 360
456 845
857 866
225 281
192 830
483 917
164 362
329 732
319 393
334 382
800 872
444 495
200 860
216 785
109 113
445 687
799 885
232 628
169 631
872 877
451 792
364 582
265 293
354 979
153 518
189 291
458 891
765 769
116 449
244 873
248 651
391 910
60 584
171 573
444 537
612 654
546 795
232 454
129 874
471 540
389 896
395 557
15 996
11 708
99 354
288 695
881 954
568 789
379 501
542 702
68 921
266 837
664 988
298 926
35 149
555 779
11 267
73 726
159 267
659 783
264 766
383 563
48 229
45 983
222 297
594 929
481 675
72 385
40 865
371 472
342 985
479 904
770 811
347 903
340 893
79 318
5 669
75 320
284 815
46 501
632 905
275 376
1 851
895 986
4 855
586 816
923 963
224 829
214 847
417 722
316 321
688 831
138 955
75 768
604 776
19 626
579 660
73 107
211 705
723 810
441 810
202 338
704 912
700 720
700 933
238 783
96 170
17 274
239 865
210 333
416 806
259 842
424 959
361 571
335 521
145 607
422 645
268 363
78 219
65 489
493 587
240 574
323 750
913 929
193 623
437 808
20 190
545 958
101 298
91 436
85 622
627 695
508 971
610 643
219 723
338 650
531 559
346 406
273 415
128 820
186 924
349 398
376 967
698 987
533 980
794 803
449 616
570 638
303 475
407 998
505 973
682 772
374 767
220 223
919 981
394 711
315 850
140 561
266 714
100 511
678 868
170 257
23 64
133 782
624 657
27 185
191 425
166 640
890 925
955 960
728 877
87 563
134 412
744 862
31 811
283 397
102 496
131 812
689 908
119 899
144 601
254 365
736 885
229 533
516 707
780 948
198 597
402 525
553 657
176 366
661 778
151 944
94 932
124 184
524 878
76 748
303 972
263 583
86 718
201 340
417 572
610 848
42 552
482 693
509 738
197 252
355 914
53 413
119 371
58 223
13 688
727 833
507 662
459 767
434 984
611 881
716 946
503 543
235 461
194 419
248 741
463 648
61 420
617 838
641 943
901 947
135 827
336 457
936 994
233 330
221 840
128 869
110 472
512 944
97 808
836 846
556 883
465 628
211 965
120 948
288 474
325 608
152 447
270 731
71 879
427 976
889 897
642 759
77 282
28 814
53 83
273 604
529 828
598 978
97 505
381 587
151 441
775 862
452 515
613 659
312 614
3 717
84 179
133 791
6 430
466 823
495 532
311 684
243 532
194 662
14 524
56 398
71 975
19 499
93 725
50 751
285 348
45 272
161 950
155 543
140 294
959 975
595 844
364 498
112 115
173 305
428 575
385 668
66 709
727 747
369 553
27 858
134 243
300 919
48 289
136 446
25 111
292 370
356 838
590 809
493 815
849 945
673 729
175 760
692 860
238 758
585 652
172 217
275 895
7 404
833 976
256 761
358 439
20 595
253 549
125 195
335 897
323 691
676 826
647 819
276 611
141 477
658 887
262 883
396 510
10 773
25 542
209 968
834 941
78 408
489 649
204 757
804 821
209 963
29 974
249 841
549 988
179 701
405 538
137 758
426 921
144 570
368 717
353 626
158 227
18 348
246 965
137 713
205 289
207 852
390 821
566 781
536 609
920 939
57 822
482 927
564 713
164 393
558 824
593 915
636 719
67 230
357 455
638 699
206 388
2 205
672 797
891 979
184 930
92 958
822 892
8 516
165 414
177 251
255 949
36 302
761 898
359 494
400 829
290 771
350 387
96 305
601 658
201 474
588 707
428 548
38 756
68 989
224 345
153 952
260 597
204 750
313 746
199 655
198 578
141 600
397 760
178 669
433 969
554 665
327 623
18 893
302 369
37 986
295 918
24 873
592 977
676 790
186 197
359 546
528 667
116 479
156 956
497 970
108 212
508 940
143 296
279 733
427 985
519 559
247 487
561 674
615 742
982 995
625 864
296 627
279 704
456 934
105 577
564 698
5 624
317 969
62 984
17 130
145 276
520 639
114 530
286 526
528 697
49 55
614 794
301 325
87 452
84 702
729 818
782 793
181 753
499 537
32 241
259 470
766 799
375 715
55 849
521 970
483 616
421 870
311 678
299 706
551 694
203 762
513 679
486 671
370 699
30 936
257 310
102 987
98 914
39 409
277 934
51 911
438 871
180 636
189 411
121 328
269 617
731 823
778 898
214 320
317 651
484 705
737 752
95 108
322 432
127 527
431 734
332 496
445 469
618 684
469 714
51 989
283 991
907 993
401 777
162 916
206 261
33 106
420 453
629 831
744 825
227 788
26 247
245 421
52 228
536 793
504 859
16 511
251 939
47 490
196 754
440 690
26 142
117 450
187 887
374 579
373 674
166 812
401 826
262 967
118 961
635 807
117 781
485 689
737 886
112 739
156 974
339 606
235 816
159 442
882 966
307 787
253 491
309 692
461 845
327 925
271 446
142 656
379 431
285 304
80 562
215 851
392 745
41 220
832 978
306 754
709 839
560 646
160 558
182 544
258 892
534 677
464 828
588 819
485 637
880 942
351 639
381 728
502 797
208 480
447 992
473 784
282 777
541 602
557 853
168 603
418 740
475 592
324 394
38 962
59 491
242 854
605 613
453 772
252 824
346 764
593 735
378 697
264 594
357 596
160 565
149 981
9 161
547 905
237 575
202 384
462 861
923 941
240 429
126 183
526 653
321 612
523 633
907 946
352 701
217 620
268 603
148 786
118 580
162 566
90 155
260 712
306 997
129 280
454 867
490 977
10 519
326 734
722 818
560 798
221 583
504 757
719 922
408 902
771 801
686 863
809 937
520 525
399 813
517 635
589 879
169 917
115 177
67 89
168 228
143 867
629 650
54 940
513 906
123 696
576 805
386 716
661 743
488 916
146 802
242 406
167 850
244 522
711 857
506 598
539 554
29 835
591 844
332 507
230 443
641 739
414 759
477 998
297 910
110 567
556 677
438 843
192 212
545 768
287 372
34 664
470 720
188 602
448 947
344 995
125 710
56 294
66 182
13 256
218 432
3 654
726 906
411 710
377 468
171 239
314 631
550 855
113 847
751 957
535 803
172 903
476 866
644 764
218 971
245 392
44 86
322 846
107 982
836 938
318 380
442 753
77 735
448 968
425 693
154 884
648 796
599 671
908 909
72 874
22 621
565 930
139 680
274 749
21 938
237 775
249 675
341 403
234 358
88 607
458 529
147 409
747 928
207 460
896 913
395 724
109 670
35 40
540 578
6 135
514 569
351 832
344 463
39 69
440 807
16 643
150 871
271 329
152 806
703 996
494 500
724 990
36 167
8 88
776 858
665 666
222 733
122 680
956 992
492 686
606 763
94 464
334 573
509 571
157 484
83 869
15 132
313 644
419 843
272 465
234 790
126 292
123 293
789 951
685 762
368 718
82 307
185 732
514 904
763 991
63 103
585 912
457 506
642 825
350 383
404 423
46 837
478 922
193 478
2 363
173 213
4 530
721 792
65 774
286 608
410 870
101 480
330 842
886 932
132 800
362 402
352 742
41 54
58 854
34 918
104 316
319 755
74 864
591 804
63 208
9 225
365 928
964 966
131 618
706 999
384 388
390 951
138 817
104 552
337 609
788 876
412 460
630 633
