50 50 0 10
624464843 121500607
-206465305 -905385634
-765814246 -146012797
-557175099 -747718836
136180639 -169689168
-331428390 84078596
-690310101 739208848
-524036571 962734369
-765174210 -838357934
-969321787 284950000
755403064 -828757311
465804785 -169146067
222259850 582616485
505942901 594544348
-274082148 15818692
586237890 -795465917
608332677 -122054453
-607396195 514655492
-278667613 -713956475
996072051 -567352167
-615171525 212757751
-851925495 -545607374
404036179 -87853072
-381006450 742298846
729523783 668720370
-994757511 641108568
965261959 186732395
-890552033 731298664
-697143526 496462540
797532543 832218002
28718368 331459017
-81454760 55615436
814161622 430171014
342826463 926514139
140497645 -757101120
-745797666 -842529127
-151748417 220222099
116573370 -778296968
-426013597 -602232304
-750438269 162248808
656762825 66417716
-748954970 638713001
-222661443 48682164
69471666 798681691
953943122 677458263
55779013 700495635
97958513 565572065
-220838872 904495350
20751508 137076520
181356673 899332685
