50 50 0 8
12345 88321800
12345 5490059
12345 91569196
12345 -34792827
12345 -20953347
12345 -57269097
12345 44584453
12345 -83441001
12345 -39347052
12345 -34711156
12345 -29656350
12345 65155514
12345 -1350143
12345 91623171
12345 -6636485
12345 58272933
12345 -53575026
12345 -44133649
12345 11454965
12345 61438691
12345 -63799070
12345 87420853
12345 -28985553
12345 -88756181
12345 85989101
12345 5143248
12345 -95465586
12345 -54851853
12345 20294447
12345 29957429
12345 -39017558
12345 -21964400
12345 -42282091
12345 28721545
12345 40292353
12345 -38945738
12345 89971033
12345 -10219373
12345 -45269115
12345 62964396
12345 10638649
12345 47729939
12345 95814467
12345 30390534
12345 -5663547
12345 -2887139
12345 38700879
12345 -80244996
12345 44388439
12345 -28887161
