5 50 0 10
-444972733 446579858
-695656132 -207885635
-404893025 -44512284
994118196 289401710
-525204519 -895423078
727536603 936928026
401679635 514734394
-705988320 565379946
-694855557 -653965563
-960646097 136941132
216355109 -875763551
106897311 -646182944
141516047 -383574100
-758077775 145794735
-649892163 538315408
-798884060 76373989
-429816410 874201120
136718143 -803982909
-706666163 -543634766
39962157 791659995
-306701990 -597053253
505474835 329456066
-57587391 -365928365
-371935780 694248187
-28929728 -97616267
-502078257 -76693844
-786932529 -987189425
851539912 324988123
262994337 -526614624
473927874 606283560
136719965 -239624125
925862710 287326644
-147356376 -669363786
240219215 67023831
140109898 316446097
-140567116 672643735
217858231 739956341
75384840 -749259335
-555953572 -767069048
688443096 890256455
138430471 -756119868
65239254 -232842078
922189263 -288614948
-821674941 -702404020
-955242764 -827050170
-223441144 -25929639
-910114417 -804122022
-372123135 -921157880
-408330759 427205574
219447662 -370196588
