48 50 0 100
331512901 773023833
-253952847 -901676275
306776946 917757415
620918598 -842164231
-823355099 150121756
-794497591 -33527010
552606597 -988076453
627991902 -747503340
-853938474 801894307
239601990 -102627919
477695584 944930281
140803988 -46877020
-399182750 -604465550
829553847 837485859
-368028888 716848164
828423967 -13323471
825847499 -806080701
809418658 -370411723
641780692 -473261175
-505677007 123877388
940918805 810557849
895887583 -528311885
-463408538 -856523679
822478898 427944381
-382800265 -510166385
978393073 344402453
524313564 -796426907
-725263144 870706639
508290117 723559895
-870010322 189960701
273487458 -43740297
-983915004 -295408210
337147675 -717656909
-302351415 133339966
90150846 674973974
962321909 415680353
-158081420 139062274
-798675559 -990852616
-758473861 594165807
-532672781 699839544
280270359 -271976026
-143657440 791942925
707530622 923719318
271918568 521755493
-501331070 702136177
370715901 -454093965
173401075 -729980315
796464730 -624282780
-441706630 -523135316
-571729701 -996071673
