31 50 0 100
667290392 159713806
-484825908 -844605177
818731692 -330354297
29638368 -146487735
-409143738 -286605374
-918120411 566799177
-794269081 431440442
916070665 486453404
-139914136 795466045
-530547565 -578144871
-534334385 -532153668
-992020020 847285074
523254484 704865413
-644468236 -410982202
-995625653 902328453
446526706 873280808
258409960 825620694
570417060 872565711
-568896476 -950658255
-894424887 582094060
-852112061 860125879
251904905 -838359842
337168697 556769408
-624311503 -238492657
855380843 -152119099
329606200 387356003
98361971 -266403855
-822986871 -443920711
261726866 237284339
258016527 233104635
-615706256 579810480
-410352221 -912451293
-299074080 -67435550
-546076974 424922202
-424904138 524438306
-889873235 -467805231
-435857472 -61871548
892041784 591721553
161311298 -175842784
726488625 -67251332
-348291748 727358263
-403188314 -531337787
272454375 -379371371
-497404339 537624815
-807453611 -890770665
391114746 -52385721
-599163004 554792819
819861732 602357637
260353724 761329863
-850673339 215021369
