4 50 0 3
-2545689 0
32206247 0
70368571 0
6386506 0
48946011 0
-81365301 0
32148631 0
-13640445 0
48115547 0
22319006 0
63601682 0
12328749 0
-36317224 0
80472355 0
-79660751 0
36532080 0
22808040 0
32986758 0
-812061 0
-12699128 0
96005645 0
-30965359 0
-98005397 0
84378318 0
29206018 0
15447910 0
35500951 0
-63378806 0
-71962751 0
22552957 0
-29234116 0
54008139 0
-51585673 0
52630404 0
-11173258 0
-6365526 0
-62796347 0
44738260 0
10252790 0
-34164047 0
94143180 0
-50948180 0
-2697211 0
48447577 0
80270558 0
92463969 0
55775721 0
81447447 0
65215051 0
-2500438 0
