20 50 0 100
777457773 -173825428
-467943169 -885513770
593643761 522684993
-706627906 -148433271
515908808 -158856837
-6615455 -398735329
515908807 -158856836
-382454394 579255355
-36302268 -245116085
692880911 601380903
-927086647 341996129
-295174106 -572456264
997905310 965359435
515908806 -158856835
515908805 -158856837
188716125 431273801
515908806 -158856838
-512922369 802557842
520139110 -199356590
536892346 -134444392
-880568855 470856863
-543336123 -920220529
-953986 88818969
515908807 -158856837
515908808 -158856838
183360231 -375754964
515908808 -158856835
527452644 59790846
-47376985 -558526950
515908805 -158856838
73003197 -424906306
515908805 -158856835
515908806 -158856836
-957843645 -190185821
763913233 387261343
875711489 -344747593
121625988 -116986560
779599750 947997142
-582239043 210259698
-916005047 -743911905
515908807 -158856835
515908808 -158856836
515908807 -158856838
463825351 206507898
803501334 -329094288
387289783 -270753823
515908806 -158856837
515908805 -158856836
277482894 415515898
275795580 -910374471
