20 50 0 1000000000
-590690709 948839762
29084346 -621240804
-585707394 321408048
189035488 530819305
-633336208 590857140
193003233 -198784969
515908808 -158856837
-732036813 653873631
378019314 -473012352
515908807 -158856836
-22039016 478629783
256991914 -642494287
515908806 -158856835
515908805 -158856837
515908806 -158856838
342232088 -985720586
-28411767 -32789792
503084522 729112329
-6371019 -299442259
515908807 -158856837
-16341615 995005923
515908808 -158856838
-298440391 -16962623
-239186225 -769105622
515908808 -158856835
-870002272 -971030893
-82538500 111204188
-795489251 -380092242
560596432 991232717
87625051 -330835470
74120433 734712099
515908805 -158856838
515908805 -158856835
180033459 423694618
515908806 -158856836
-506273985 -149270405
-436553425 -704955772
28417121 694098285
515908807 -158856835
610449602 -446441324
515908808 -158856836
515908807 -158856838
-759617333 256935217
47698506 709679280
-4410943 -45816821
515908806 -158856837
791847524 -8009619
-492608076 424200083
515908805 -158856836
221210855 276032534
