20 700 0 100
207353461 -342629807
-561037800 657644623
-133561182 149864393
110266914 -691052598
332358107 -178669730
-949162647 -779217669
992498178 -266078500
-774093863 473141153
-201563198 776035286
521029886 -389779969
234875348 513013100
-562678778 242588178
-323061552 323588455
367594110 501784590
-373770735 251333033
513899033 -134916543
325704477 361746929
-704891212 295298403
-610405636 -631992939
-379545567 -617699243
-427957070 16228858
-176458246 -701389212
-391559541 444717302
-125900845 363693947
-731639928 -214878350
582880153 -963843967
-252804882 8832277
708806377 -685142383
495038347 -529917136
-910427017 535825119
873775047 -998146523
648842685 616786047
581682142 -234551165
339351202 -686134453
-284051399 -677545660
-474980118 -403237922
-339678753 450003732
356837166 976637653
8761483 -739718009
-1599591 -835875672
-197553775 -209215692
376163007 -944149429
-137065793 342212759
575816458 -393032629
598947993 -346106291
-539939585 296046885
-488715693 -781747337
-207166239 287804277
785649524 -274880592
19483481 99882839
-207820346 -908472433
967931464 587392382
939786459 286097535
918407101 -118821817
-71488013 -580976839
382374918 -980111917
-378982929 554899023
25860528 -539096138
69520788 -192453173
-732516551 -616443869
96200117 733935002
-442618105 -570438967
354366452 -769411811
-719280891 11807173
502429776 -571096250
252140479 -308822828
-864083205 -102175194
569871225 -122967504
-861011888 -236647940
534578240 -179079664
-344013378 49846594
-412775618 -564739951
200750352 219773844
732552745 -644843126
807380769 -700400363
547953386 750359271
-430836901 5973917
-635763844 -592802400
875395652 202345797
970382145 269355882
938387382 178779007
-462325642 152483297
-673477240 -755734607
964005394 195907739
-787427262 -922556287
-682836708 207309694
-292425050 -116550517
881848605 -211938177
-725051091 239272686
-548801850 109408831
511446544 730522429
947922917 -994231370
-204283996 -991776677
97093600 -412816325
421022288 814853505
-70968303 642261327
-957666761 -945230690
-228325913 957076211
108592254 86915181
-418004647 883626286
610653361 669765150
-665992807 -158869595
-152857087 -240708709
895685552 213846333
-249312063 525094669
794841427 809712715
-825170632 108831518
512853822 686882391
-468931157 820074622
931228599 371502191
105729827 419517801
44151516 871672365
343685397 657054711
-947108988 710432993
469473304 -625459934
-659428668 920707247
-268619819 442910617
-748793943 83055806
-306908965 398732095
-809532777 -132377163
-960764505 607503105
-776122404 -569997726
-874135483 -441411012
-536698318 203445128
356741944 733369620
-794148418 363588745
-692422067 952025268
100640508 -185437130
337561237 -163132693
829294954 548945502
-900727280 860925978
342851630 236223654
-375137361 -65061177
-272275647 334846765
920980732 755385988
589458622 -140030054
-76060392 -380545975
-678396913 -260647224
-66112832 979701000
-544958812 -42983740
775132718 -412379199
-620459386 -730469207
687703962 -795864813
874733821 632723
-163741792 573629643
-174464244 -831278391
209951089 -614197011
-482149814 316160412
142284102 520196333
319665232 867387353
922835527 496814173
471621744 -421103664
-778179742 761447240
235467793 696868121
597852532 641942530
392247463 917808800
102020122 -276481831
950527451 -585516188
-89800475 581102771
64063795 352659344
580373280 -10737291
41820207 -582804618
515222370 130150530
-141900223 -214653499
-540958205 -825337661
552701171 679558443
835268883 -147824484
643262255 -780459162
463986343 -929797385
604661190 -767796697
-485584578 -514678107
212202843 637916007
-462610105 253250309
824501291 208262391
-505987476 -894372688
-532429960 412188559
836081546 -803694311
342271100 -825513369
480643378 584853118
-783562110 109472926
-634670341 894063710
-389265564 134408284
810992780 32311207
-601448535 -13514656
-56801666 -550898940
-760198477 174528332
-467115949 575116682
-448360806 -857669776
915083273 985425793
83051187 -143646930
-781147412 -957360360
958209575 6712122
46762282 -710807085
480286961 388570295
-350947929 -713803573
238759214 273374408
-151497877 579389817
562356928 -710611473
65177316 115564029
587567475 902955516
757790606 -84980213
-676873478 426466815
970938440 253801235
-62997518 950541891
155974961 -74580097
450987545 635352354
-397641304 623879294
-702239149 -58311736
-708153853 -464107895
-744539556 286412241
-927375113 629102046
899867265 -229067283
299607127 -632236799
188064177 55315421
-834171541 -751670730
-742560770 129002558
771405542 -399523606
582941014 -572154704
822062313 708436966
571680594 -526254613
-320128724 -641945446
799145834 -643005116
960775673 213304192
658863579 133784391
-822828832 801074969
-943537509 397688735
675996739 389953843
-603082401 -989564409
135376344 -293154378
974060606 -957669804
553967106 -50203331
435413268 -233060732
-587597252 -977781088
51701787 -401182014
-132766245 -860765499
-608869257 -664745827
203542269 -202307975
670472763 984452003
298232752 -128980454
-42191318 394291958
-407873277 -188226994
-847690574 80366754
-271751597 663299935
437731363 -170130118
16885252 984820600
573482836 -450269572
-292018628 953628811
-878857771 296550240
-905400363 580889461
623329922 -590940377
-821261997 -948663211
973281038 391287195
857975342 -331561518
-206913046 435472713
731980050 222829519
851556481 407950424
206585570 -577405515
-746680405 -141704209
841640740 306014063
40727162 993992267
653329475 -404659053
483374168 742160168
599407527 972659469
-387560972 -320910311
-685617941 -92986407
-774635957 -124417495
-195487317 633789088
876012214 591033533
-664171126 -861936545
355365097 -702503213
-668327090 -142907395
368534310 356857826
-207392305 134638515
500333435 -882979284
463270669 -153378109
-409004179 -872619669
-263349318 166573826
726878559 500798616
-500229649 798903236
-535704074 762339061
537467871 711660486
151308785 672813387
-777138206 -925946884
124244506 -384924640
-242574425 836292452
-356574092 -22281273
186241802 -90616370
424279040 -422023842
874420684 801204875
-331429062 -80105397
818777698 -973094453
-495517908 -670358778
696122339 -347393009
725199189 -160021598
-916841661 -549813919
803040499 822550900
-545525506 -840697624
128620860 -103462573
577611296 381371782
179721958 -327715565
596314971 -658074912
303368112 -590144560
310497332 -244878152
-956067552 -258726963
102268476 -213540956
506250830 384319711
-601560930 344747966
-106309285 726941501
-614308564 247962742
237037940 -53735215
-532891610 -337205352
-958284773 25160757
573346365 -33496780
-450591638 409549048
-126748383 971668750
910593097 -663457037
752085087 364139097
-389196130 895808680
920145580 -971577940
-527441320 -959381566
-132104573 -949776059
-642285643 -182520329
-922129104 871878688
223739407 -465041803
-373803237 -108796370
688907163 271386735
851019081 851126213
-628204844 705761279
-398203642 -445118470
-693209815 340494164
-824328275 262868299
-96756025 30224969
-918754119 684016681
-115353264 -693037014
839953718 -812722373
-646805528 -506711568
-368249585 826095520
920413761 -356858214
-415356507 229049468
-535057633 712338956
-500778983 462106205
541259040 -791969805
-108983367 578947076
-600889323 -72549413
-344636018 -895162515
754074558 210142413
137141268 -531335845
-611781204 754084314
-976357653 62626333
-527069142 -321501915
202547498 337860646
449200198 -758595772
830398335 -598605079
784327384 568724685
-66011644 -833364590
-18643640 80045627
512860662 -552104105
703435752 589935123
23290158 963753866
479682292 659283635
381728146 571208568
-565844974 891702530
-526726246 -862285757
864812676 912376154
-844153134 -676393406
-33106286 -575360536
440592403 -381211038
-804549575 -683911461
734765856 568987102
684273612 485831767
-866181585 684022861
195217464 -357827956
-853521539 -670961802
939692584 -962420083
406787134 343137163
235187715 477707134
-816619578 904974650
-949709730 -21553692
-728575121 -852223686
-614224478 822326045
257818838 955008810
-363892129 -20933109
-487265926 -864144729
119815691 -661653470
-812691038 640154488
964903412 894780052
840654758 372164987
461744336 86090808
905548366 411548099
-327112467 781312015
839772912 656296343
952303750 739974975
-752635057 -20449766
695156267 -229049590
889276146 -169674730
448904153 186099928
-649714079 722014169
714228214 734097394
588828028 -622639612
-162052277 941198038
-829454200 321206063
756117758 612110115
152630820 -343386472
847561237 803833984
-5596807 617145227
550345878 537590304
317601963 -356926272
-521291170 -918011099
570859440 984849565
-571997655 -489691299
732583924 711657351
-583880846 -674556325
-992361181 495537466
137508111 -170519522
27140009 -564589002
648414324 -71811089
512424691 827133123
125566798 -8927162
-153673378 563068254
57823132 -429418636
633374631 661891605
-501974750 593547444
-875706144 -305720993
880758811 593334123
548106734 524991832
-461895822 471608014
361080369 270689619
-400087121 -271375972
-126925030 -75607620
976581198 158360570
657446029 -798580816
492898939 -665391322
-40159357 -758269582
-193321981 -847629226
182441167 955243484
-434804987 -652253941
337744807 -534441726
345957298 -895257962
-182667463 -428398060
511696861 -508126798
410764840 -468839201
992369540 -731809815
525257455 -844670827
754368715 -141415789
-241317653 535032670
3541875 -513902168
326725263 -442317148
-480556533 692037207
-885996734 -885921735
952523772 -936887939
440478855 124768093
951160961 -534200400
479913643 219473123
-401492777 -680960232
-68542815 385291623
-5725575 -220229398
365944854 -77624510
-106233136 842726734
940188329 895812313
-483250210 406140879
-239322694 379394258
-936531269 -177529610
901944440 42778189
-853656551 589902783
-112653785 877816593
993420592 -266378579
-31251009 332346462
451764553 -495400706
171780201 -636954590
-500239453 567980147
319942683 723471087
625866527 -729496735
-650412322 530631784
441936427 17952523
694362978 -470719620
-165636271 615949821
41716145 -209103807
-398740922 701616237
-922941552 108327852
-197773566 920094214
-407328375 -107026033
339341347 160614626
-347034344 145254570
309767724 -592966790
577196401 640660791
-243173523 -837154290
714125467 -176211858
-298380764 -960927901
273498831 -782579102
-395087914 670743365
937656506 193910415
803129577 -37541515
339411876 51832087
930319693 -347412729
-739324936 -867144121
-238647405 -179765471
314218312 -651066515
-594724829 -809660370
-277832519 -331390642
-306157766 -870316443
-137332250 -239102341
150628375 88195419
91390313 -753935609
708050592 135759900
-684427935 301799842
-71010614 -913542153
-840637500 198643174
246065318 -209914185
-705768763 -67316183
739516239 -380510439
-578395172 99512273
-903248963 398600783
-832846149 -746568115
165287014 62794181
432291081 -331022251
-226352203 22017723
474111208 -915801919
-81818453 156677541
251697102 -381531114
211201594 389837642
161921689 529560682
247708314 485881717
299561110 -680064307
737458379 353907812
215717045 565727424
955419447 127707852
-45975805 475048055
426076261 -390347362
-633704613 23138046
-789072887 -153903759
429051181 500102117
-827088112 -861526711
27339964 -219500799
123014974 -534165852
-6333605 -892923992
-4740858 -330406384
21345234 -32435466
700394199 244310583
-867679143 -227043716
531864455 277640587
283227073 -800109020
539211344 -533011809
585969975 718061972
-818234987 34329549
21930072 -225431471
-104772236 -346156195
526473048 -681106273
782374100 330462587
724661519 703442741
-135629529 801437726
-565802930 -109397538
994275740 -428166050
-557585520 42250347
-663106389 577099029
786559480 -964615601
-372058039 729258554
-709872480 -63383312
-244768919 209311177
-781461267 -129919647
-86649284 -915734223
488382947 438945910
-680355627 -699325522
122102539 -818728790
-975861879 359065484
622579443 952290639
-363749393 -303095570
-709432492 733752767
-468332813 -409231803
803600060 458657102
816476191 30036009
-832124387 271246921
-866389818 -932652868
883535148 66839667
766801766 507185847
521406400 44463175
-228119782 212834192
346473665 162709753
-178801606 584075543
-359386868 349820581
862172862 5487998
664946550 -983929659
499510267 325928798
-264261624 696461464
-700214108 -827467817
38966228 376995635
-684753629 128621472
564285185 -115754346
533043835 -431789148
388703806 601098915
732072249 56724759
-787762247 -708131958
-51231994 -251462792
200072160 -424112784
192994334 -618533826
110358554 110792141
-2891115 -255782111
-908689066 725457586
945356653 -545542020
577733305 -12575946
-454011317 -656959387
406525675 -265192915
-838454551 249302924
606412330 -13348645
-378918062 624956210
84707454 526331661
-974927015 -202492552
-750103049 974518946
-502847358 248182377
869915503 833576864
995883911 205891159
479512602 -130412177
717434059 -125697355
-780626484 117288521
-566857590 -405740948
176918812 -324335540
-902659591 -457783267
-467759417 220499452
-418100239 -257980125
-193454245 787100863
635425074 -642825449
-773494620 144151525
-171331053 863439949
-329893414 -950483239
-379852360 -344798590
144105963 -955448734
-195892938 33998821
-546086145 -406079131
445789146 -764376551
-187360335 -931324669
846002658 219985483
-80557869 -442879168
-696209310 618403759
-433417822 266184035
468358841 79786322
-115315269 308490092
-311674161 240676152
-780692678 -142696574
-242080235 182233582
427842544 -891473224
881078670 -159793780
-283434592 428170123
21725924 342605122
-923984585 773448927
385323266 333785949
-573613869 -71354997
786028299 -146648689
-342683834 -676812885
-431866566 474575154
-534611725 -697681054
-98149532 961709050
-512404521 926122406
-730240046 -526213744
694495301 875764856
-981557310 -646791196
693210230 669035183
389713670 -943128385
-382969583 -159710585
-19051495 -730291190
-502331432 538449473
-788179842 -533947868
410201668 429688052
-403365865 -487921870
-154137212 -155255007
670737165 204299264
-783499171 -624705897
-476069413 409152720
-51346242 -903883938
-548932866 -302546455
-271670382 -688984821
723805637 -207284174
-711434090 952752402
-694670952 558688193
-793149652 -358098996
551067298 -748440265
-737829563 507994220
39516128 -741789698
339540067 -154575017
-597974126 417236584
-626778156 -11674005
643704100 -863987054
-450242039 -483641962
669643792 172535269
-481416751 -588415514
483024671 625844588
-212325834 -388458927
-890546872 -91181755
-194314147 82939626
-263761531 -499799078
82475702 978037437
623046430 -106429755
-851272265 320307328
-974663376 794374040
928919571 -269525936
-393254952 602281607
82461473 910676844
-777219418 725154991
734731418 -358911070
330157276 139550343
885741134 630434900
-804506259 -317553997
