40 700 0 10
386423852 238928607
-856222812 822017504
690047169 1458425
100359659 414798236
902205235 -570013273
-406376188 -377459541
56640093 938194892
868324917 -300170096
897693724 854388874
378873092 137683070
234942067 -805058730
717732543 516362410
-354485068 -467623889
-544751755 688284453
98622661 997714900
-470245333 -471731860
892785916 -851185719
497566758 211003851
-940901033 771690661
-745562882 709516217
-554602229 309753026
254802664 836453036
424794537 -506196601
240934478 230710694
-789246985 985984460
265369596 207129915
766989162 -205015534
-871103898 814003241
-217933326 575729793
617285664 385270035
-470957927 333163694
-29777812 228512463
-746526280 -296261124
213024261 -206277210
-280082302 -834394326
-82826526 -836279647
850608701 419584614
646782575 -580732781
555520061 523271814
31389535 -699256803
452520893 -861571470
203238233 245744074
325180973 737288439
-772265991 -301481830
-355889745 414232242
400418723 456678758
132366837 -324541947
-383785894 76963665
-9461105 -192059467
-405680210 277229614
374273332 669168877
214169293 654841483
435452001 -380650011
-473408396 541775276
-888217384 362384570
361945741 -781261231
97776453 536874737
409593262 595524167
-539503045 -496260160
-415080142 286843526
-217631038 -2456718
840281317 -4694699
512705409 727062855
17558817 -942207572
-258519978 -31108685
-790294211 291454331
-693869399 -200145332
-365170147 -767351467
-235090819 -735926412
-226638448 -117479577
609354680 367462797
-875182097 743720162
205686792 -675512220
-103425639 939566315
-108888594 90136759
-627532147 -578175089
-776169433 -306723573
651085335 807803308
832791822 203270713
-552370263 -377474475
513266667 307529401
132840458 -964617920
787005770 683099696
879785739 -101565584
48367713 -546483087
931154200 345113569
-973923143 199570463
312483346 721013754
-88424344 827211257
-767825507 107208113
-415476391 -112356039
-851922588 -888039715
959262676 -966829518
-8857268 -83991842
-687699937 -512681000
670104628 255081655
538409134 639667502
990746807 9737613
154638829 68580224
455190625 -508653416
-212537313 314077607
497362336 -943459491
662204995 -285991890
402833685 -737478580
-230434084 818708479
-836903307 -866219334
946993517 -909710621
-127653726 9896437
-378383320 -348557320
-265807450 507173499
-406618806 402957814
268772873 964472860
795510330 477759714
-109584288 275919945
708770670 -696825229
54564550 -601091120
853862800 -275424504
-301522117 -572939091
888142986 -97474868
606442008 783204892
766336810 286123593
675540868 967494984
406364788 -493128046
-727601688 -631733271
842838183 434144357
760402106 158954485
-19980939 -707199932
-498167795 -504615460
-909226348 -472140470
-197653468 39147831
320784753 632458049
-708270994 -982898510
-136138151 -910637247
-712237708 606986106
150663258 203247030
-292897995 -591040648
-811726403 868033045
-952400816 -629801216
302826744 -467722818
-746225231 -218232709
-597829481 305025479
-430785846 57898920
541358849 638498157
-454373387 761974683
143626635 317490900
-456396718 -76231776
346496588 -195805897
-334943432 -770620651
465040970 -494191559
-411824095 -825518905
-804978459 143523064
-789408471 711768625
162536174 955085190
-423161928 257760971
790440583 -384481530
912641942 -578193164
599217896 -414758672
-442659857 897103956
-110068447 -345126509
478187213 767657171
593838546 -321568101
-493533038 -781052512
-902667032 654636454
-169573033 777955951
-395280168 -41487129
-98740497 -505571699
-262951618 -775716757
-206623116 870883555
68901793 937608358
-858523775 432966912
377394484 -415383107
964922786 -405535621
786624077 -334454072
-285313858 220028778
885408926 -800421463
-452323738 -705882228
-408816169 -709026057
-61546809 792425486
-505129215 -563594579
80394947 472175007
-715540141 -672108083
-274564311 374013396
-234956906 212994947
95343433 -441111439
611438472 467473831
-932241259 381163835
-872843080 934150041
-922516942 779975900
678197289 253669399
-76979616 430154586
286944720 882043677
-819178662 -301778087
540018640 -815860510
559665425 809784700
-491556054 953251388
493079165 -69608036
577763425 -572561221
-840581812 665770190
706509031 -720808452
-491864601 756795182
-343153536 -747370686
-807156755 46125093
623455230 -923178947
-728791665 825629131
-797896891 -169296360
-707209319 -663378174
707331698 -708610768
781654450 57876336
554852328 -632744735
-952008757 928046695
737129759 980343382
-215634863 686499825
505198774 663779326
-117504862 -256929906
467371079 -174826764
672532025 -392849598
-744421226 604858197
276990836 -716002575
350568120 -555847329
6725249 -784546038
100962744 240331042
197744400 520108673
850683277 -905337251
698837522 -451703351
662603308 616806880
221230870 707871153
562226372 -915280133
704764890 93483286
240482563 -619798643
293976188 190061783
-387181473 977955684
609248145 -554983796
750083598 499745366
-429446108 -26819550
849688345 484667828
132958583 93951806
233000306 649531303
773765452 -829555786
-570273039 865765437
90999286 -923503878
941070891 746196450
824379516 -510522476
-401304339 258158960
-206739813 813330400
-777669138 245969235
-122417087 526438646
60617102 -259572777
126473828 35237459
-246012180 791907448
386046078 -129868424
325624533 320465856
98254614 723692592
-494386105 548973854
212402570 682307511
-902901555 690050589
441698318 679094863
-74731311 -983553901
-783417981 -670013482
-793930872 -809552372
93722382 -613349809
-952502689 -610631587
-550988516 982661506
409466375 -698031801
-18890889 -411401752
-715388343 -341964006
678984559 702418496
892239952 920525637
-936996755 -876140947
-788526404 213061661
-46431336 492364442
-725469377 -623627581
-128568138 788935478
167985544 17787223
-765368672 463998725
-245800818 -166201123
-731613064 221020397
-968002038 173974083
361230107 163223414
-547740006 -332266763
588971254 -885881009
420839697 169654786
964678718 923870893
122951268 -924285096
-828064901 725337626
-356019603 568105916
345853877 301826054
58561765 -726207363
663655706 239224620
399672287 879324644
522501692 -66823422
40414148 -184383788
900245121 967510205
-82485553 -378149322
-2310370 -506990539
222056100 -242023684
732081696 81772188
638987647 791900453
-729342693 -193452415
-404204679 542539848
-33757211 -224051367
-877477617 -755633950
168271393 442529946
62971186 -406002270
-108050140 -905762398
-864113943 -172190625
211266491 -458405383
664488933 -797886501
-54356874 -774776863
90192712 -402075498
-141504551 -553506737
276257493 -971532505
-75559707 555115400
680213703 -56183763
688561349 350315798
-481165551 -328733023
57852623 -51721922
797968676 551951660
159742297 -54862033
579185571 760172710
494650630 -572945756
-155550815 -671999335
190542743 -161719937
-159210690 -637958201
561999735 822902683
-910873467 513680736
-732626108 947761155
800050157 -688480187
31780291 -677159857
691230221 754493846
-956456421 375082200
815514397 -812529999
-616074571 739691132
155490387 -94655961
79723312 -126709974
606277865 318028013
-386863621 369701951
723679247 797305713
-344646775 70583794
-366392001 510348088
954309458 285005516
-226604712 22621939
-446825216 448102598
-790409682 706403803
-643253520 -865655077
-229945759 -247599862
452462817 344761856
-482386089 538817656
-542122526 -393949684
245395030 -369100703
65715835 -188246147
-380661061 -49442328
434076236 -161158319
821075277 -883540403
-936699334 -667355244
-204966338 458501773
825474284 566345095
639180373 -135510819
606414988 -83465282
-162947274 444562184
468270137 145351610
-319316373 489860076
-619753773 56602467
-869807355 915594093
44858162 -543987911
709533136 -602317569
-354621599 -372794797
-626888710 744589729
251220208 -884329203
-472845746 203830612
-634763709 658478290
-750807892 780809875
512592299 -311231571
-89483845 780286394
-582806699 995045038
520641892 -189814620
848573657 -343257962
-323382909 -851371317
-265977173 -282884417
916307774 -25905408
-928173311 -111969004
800308580 836177443
921364960 801702317
190635467 -274917366
300719692 92798811
-39640477 969442466
170802 690223841
693450104 -46826956
-193135776 186653510
-165560951 576835841
-553394294 464329146
911790530 -824438602
820742181 -157307143
-729638358 -376899051
-26168714 -424727416
-608761191 -369848353
85354086 467243129
902776211 252076060
333140161 -18607319
-307961426 727367421
275291802 -546647622
-262539643 -658898053
287911856 470670622
438989028 -476633394
525584920 105359585
440234759 440765860
531528470 -720515171
773302206 605411340
-832032033 3693916
726739515 -61601050
-281181967 964651891
553444667 -500220612
-931464546 -253339035
537739764 76326767
-662332980 -590833602
562090728 -649470666
-663283279 -322541236
-844831302 429270078
-722674978 841335411
-366033647 -551695315
-755521782 -453598154
-146686460 985107218
10742804 -723927430
786878835 629771378
-265501220 -435745226
-254997371 -176349554
39112848 172447858
-865241307 -887151403
832788118 -955241244
49305195 -861866163
541543033 -465559274
147902649 -233492754
75840422 -232000952
822030050 -510452725
482247700 159021279
926445036 316664803
247249235 151998284
-22758742 -167668719
-94547643 -539715808
-939408220 473269189
571005386 177252987
212227462 920334928
-381766139 -482078380
-851198063 845344199
146808742 -156451560
571425544 565614251
-410481896 936162400
-894542321 514603344
321444035 -458077711
-331208476 -815050525
371585033 343776745
-949270717 -573332094
-252282732 950000120
-88961850 -994755536
-900948463 367425990
-312062332 51682102
460920204 -190044361
673347345 512578439
-954282185 -511476837
619427465 968644054
313680728 342363193
-394877933 -395325574
-682646350 754636017
-336639294 -779349433
-401096939 339571258
-543013002 -819856195
-470943208 128203946
-226670609 182411953
558201624 -591305443
-396960048 951253653
182011374 969180350
-724887827 -239353825
-432375800 629569504
-290610494 776118057
-673340666 197964692
107964494 -989000430
538858161 43290392
-448621810 -804590899
-333370355 106775081
-578538898 473538578
6145754 -267874938
733829796 785694888
-560722417 -570651200
638809986 -643352369
-102753349 512959429
-87407814 835779247
121922867 -307396143
-422193984 -803110411
636303872 152763826
-46796607 29205559
-971038898 312787412
298404191 -778194705
-789644041 750597983
-172148775 -427029128
666805422 954397382
263319170 826188017
261527231 -20783704
846390443 107024839
39132504 -821155400
-112242022 398710060
420132598 802695246
-943558754 963210958
972806553 -315939254
-479171785 200991549
67378313 -659244274
-89381221 -706159359
803258655 -8135105
-319795420 548529399
92760748 826231106
826368760 472088698
808492944 154569693
195652808 288976299
264278716 -415648359
409604276 833724770
-325316445 338772109
459731222 -164318902
-623402862 33501084
-740038937 -956965249
799021456 -85355301
568015925 576949926
840602588 -32079227
-344064593 -850691820
384774450 547040542
-683448613 -223822120
-277934211 771783728
671342089 950726976
273554899 668958518
373186440 -696361773
-727718408 253470642
262181437 663861044
-728294553 -938922652
-929799817 -389652596
499219775 -936531876
688834991 -934868591
-232148255 547195207
408223314 -302687018
-798433550 2207873
684964906 528234870
921481978 -731687708
-795099096 100667994
605036219 142507669
-341749253 -155706895
-374517278 690643990
111233897 -352498516
-142971075 533897428
-712847341 91244785
665693221 10374465
758485996 68052704
530445928 -749138595
55887974 -959325954
794899971 -189511438
730731384 -847859230
-316746488 -675660749
-209748488 663373729
867496556 415850149
106104531 398261993
236938820 -941022451
484783939 293566740
-276434137 -825043390
-868422670 678456578
-583945237 -346834689
847438494 -751744318
883143064 613792782
180047649 -542104651
591062408 982191126
622123200 633851290
-806004848 286289943
267847314 614438171
979596145 876961214
-832962426 4884594
835467171 763055360
-378435795 -758198318
-766974607 -955894606
-748663917 -339521372
138496122 367911897
568632077 -393365975
400559517 -451983616
-604934722 500882894
-80454100 -260233690
183017611 614683763
899286565 -536063295
392449663 -436678433
825315024 978289619
657901559 -964773190
793460907 732950849
-721762031 -504585671
-164198582 259422706
-601344742 133021758
-994151770 416028429
746752563 903317134
960332453 -334333169
-295966086 626973968
-733440571 943097494
715586587 -252865308
599525732 312810388
731850710 439736715
696120928 907329515
398391704 234706739
801198915 837998192
465563336 -580272939
-285073140 -161864551
924935965 580522486
444174163 -288482943
-682103553 -675868861
302414986 164016820
253258896 -813465792
727609939 99996184
-981202636 257715174
-355838901 835758261
-539506027 579405844
-894720007 300533687
-572560729 -309013959
592505333 660646931
457032069 69166374
693741036 171356767
971626422 -201513369
608750815 521674949
283028476 795098060
880709816 -686064411
483779082 -627869611
101983230 -8787010
499003315 -365504435
607758979 -355959203
-872162398 711791426
-131661466 797607331
-604928727 67347374
728312165 937120271
357763662 615802171
-97970637 -4217470
-834250389 823298176
879721482 -485798428
593073731 876383375
489490490 -731525605
-558631228 -988631215
821509028 928676622
435381916 236880308
849740210 -935931949
-566210020 -151727424
-203913561 607147415
560369758 51456424
150637301 -984755581
878104453 -749459537
-463562305 726031316
-116872525 -315813208
171047757 -580284473
789814678 197417318
684502473 373253088
260834840 463149009
228500207 327407555
339727389 -852333158
905984325 -581437907
-37117348 -541948736
807806964 -953150067
993476140 -546944369
242447360 468515240
401566457 -715598420
-69817476 693371590
497698263 890380258
386207466 -670686977
-709095142 708898595
-493638321 616492832
-296563326 505319061
32825833 477199680
293270906 -447984681
135334136 -516731929
682841721 833622136
-49166663 -387152669
402615160 -358898239
303922755 -141880205
523407519 10765036
-713701452 -712141738
251688477 -673797247
477882648 -582296899
95680575 410383379
-215867565 -469410482
329782518 31540293
200013175 81887367
539754618 -733515950
-435546552 -366776669
75491918 441389588
-766389220 572222192
217043485 160010187
-877511442 -204594731
448981014 -838999031
-5223457 553767497
-36663106 -952939997
855697385 -275279607
589365623 -883386869
955428219 -335523693
-361500738 -77952916
-46730287 960635442
674160155 242624700
699591677 -489650704
-131823154 -32797114
-570487576 840701508
132636139 730494351
983546671 712736401
-180078688 390601020
-600128277 -869804094
84932492 696336850
-234022700 -822349302
