10 700 0 8
12345 67802307
12345 -22197526
12345 84122814
12345 30055650
12345 -52284827
12345 53405865
12345 -92711027
12345 90733032
12345 32066326
12345 36946202
12345 52990329
12345 -64824917
12345 -75446814
12345 99398002
12345 94606561
12345 -3072581
12345 41671695
12345 -77822175
12345 -86764554
12345 49451224
12345 39191473
12345 9674167
12345 53686405
12345 -1943060
12345 80759590
12345 -40586916
12345 -40708154
12345 -34170241
12345 21785269
12345 73555937
12345 -6373631
12345 52159908
12345 12240321
12345 -3734637
12345 -50714044
12345 24711754
12345 -10799781
12345 -56117615
12345 6817026
12345 -97448324
12345 -43858299
12345 -18668118
12345 -14102053
12345 56673702
12345 -603363
12345 -14111340
12345 -7495438
12345 66593493
12345 99594191
12345 30274991
12345 3327065
12345 -24672281
12345 39298733
12345 87983389
12345 -51201108
12345 17260615
12345 -71619334
12345 -92344955
12345 28711890
12345 38645654
12345 72484999
12345 87608667
12345 64421825
12345 -48892504
12345 -95496915
12345 -98280825
12345 -36164860
12345 37916761
12345 -72213416
12345 -35926158
12345 56297115
12345 -43576609
12345 79114083
12345 18743934
12345 -66490845
12345 66599248
12345 54007727
12345 -36061931
12345 43069993
12345 -79599398
12345 97057865
12345 14886494
12345 -93373102
12345 -42672931
12345 -39468561
12345 96741201
12345 -89567448
12345 43195288
12345 -37821599
12345 -72336901
12345 -27510853
12345 50551041
12345 19286845
12345 41161199
12345 41112904
12345 60259618
12345 -54971610
12345 -75411555
12345 62731056
12345 -86682168
12345 -87101249
12345 9311952
12345 95155752
12345 -40354537
12345 29449157
12345 68442336
12345 -84554455
12345 14420825
12345 -71363151
12345 49105498
12345 46310733
12345 53241389
12345 -67182245
12345 40391860
12345 -72408290
12345 14409606
12345 -98461708
12345 65266042
12345 -12996211
12345 19524877
12345 90603628
12345 -79370788
12345 11876650
12345 43368931
12345 -21876475
12345 -17439605
12345 58665744
12345 -962
12345 -11940869
12345 -49779982
12345 97240287
12345 -21927349
12345 -86335856
12345 -44989844
12345 -79174720
12345 71929115
12345 -16323828
12345 23996675
12345 17937725
12345 -9289690
12345 50145002
12345 44882353
12345 -27447463
12345 92056197
12345 75858923
12345 -15958946
12345 -87294326
12345 -12733324
12345 -53364331
12345 -11572415
12345 11284446
12345 72766989
12345 26662824
12345 -63581273
12345 -42818401
12345 20309109
12345 83237145
12345 -5776645
12345 13862996
12345 75413140
12345 -25495636
12345 -9132365
12345 -72330765
12345 -53253162
12345 91115955
12345 -62998734
12345 -1863470
12345 -78068747
12345 62247859
12345 68481019
12345 -11536081
12345 76723058
12345 -8103446
12345 -67931726
12345 86766967
12345 -74507299
12345 -89754411
12345 62525398
12345 -2110520
12345 75792696
12345 -41432566
12345 67763655
12345 -21138440
12345 -81515661
12345 -93700515
12345 88498657
12345 -4338723
12345 -44439363
12345 91721637
12345 -87584554
12345 40448344
12345 -31161848
12345 -17505154
12345 -62883935
12345 5983143
12345 72174461
12345 -92074531
12345 -15090215
12345 88125094
12345 61232373
12345 -81048991
12345 84018079
12345 -96353514
12345 -40630623
12345 -90105460
12345 98731809
12345 85312685
12345 1751237
12345 8983519
12345 -31769382
12345 66748654
12345 -33707308
12345 -73485030
12345 -44690466
12345 40370768
12345 -51206413
12345 37615487
12345 -28022424
12345 -45905165
12345 78584059
12345 66611322
12345 98438459
12345 -38542340
12345 33321866
12345 -11087060
12345 36224381
12345 60939391
12345 -17078400
12345 -59923722
12345 -71399569
12345 -7476194
12345 -45083268
12345 76631580
12345 1755644
12345 -53694327
12345 -57125830
12345 -25164376
12345 -81845023
12345 -46988611
12345 -54256100
12345 -66979296
12345 -50968637
12345 13393790
12345 56728027
12345 -517776
12345 -85678956
12345 85105743
12345 -74528004
12345 91597109
12345 12936164
12345 59442206
12345 -7792557
12345 -82685099
12345 59623515
12345 -18486247
12345 35236765
12345 56602709
12345 -60737784
12345 -80346154
12345 30589440
12345 -62758367
12345 40774518
12345 -97977572
12345 6687422
12345 -89079934
12345 78790550
12345 29397125
12345 50968056
12345 -7796610
12345 8482674
12345 -86424316
12345 -86164987
12345 -11315865
12345 -46981212
12345 -82956398
12345 24629654
12345 81042390
12345 -87304577
12345 -57384549
12345 11586914
12345 43774220
12345 -19063355
12345 -23809381
12345 -58988702
12345 -94934441
12345 50984792
12345 5449081
12345 -49516603
12345 46178057
12345 -34318671
12345 -81658247
12345 -74523687
12345 -24690954
12345 -32166359
12345 -95627813
12345 10477530
12345 87269700
12345 -74489927
12345 86059858
12345 -82295749
12345 9087309
12345 -20308103
12345 -27736961
12345 66183101
12345 -75171379
12345 97908980
12345 18201710
12345 -83105093
12345 -24722068
12345 -24499990
12345 9463244
12345 -31911986
12345 34507170
12345 68893497
12345 -92692167
12345 -19785428
12345 -95992691
12345 -61366539
12345 40226605
12345 -61719142
12345 -38624244
12345 64157526
12345 -51961538
12345 60585070
12345 40338403
12345 28157988
12345 61838426
12345 23838847
12345 -69465720
12345 23326910
12345 -5227869
12345 5985580
12345 -85799706
12345 -31048116
12345 44502465
12345 -82259141
12345 -98637706
12345 -96584046
12345 37967917
12345 -50646943
12345 -47539441
12345 90768075
12345 -44727149
12345 -33211409
12345 17152100
12345 -86567589
12345 -60324649
12345 68345881
12345 -83047166
12345 98894465
12345 41716681
12345 -9656140
12345 -50293801
12345 31314647
12345 38763674
12345 -50983057
12345 -63959773
12345 78308710
12345 -27495654
12345 77311394
12345 -97419009
12345 -88516505
12345 -97688470
12345 11368995
12345 -62534624
12345 -44493812
12345 38820541
12345 -66418667
12345 24671594
12345 -85750666
12345 48154796
12345 -71561152
12345 -92510401
12345 9704883
12345 -47291848
12345 42370667
12345 87115181
12345 60624908
12345 73971107
12345 -59068894
12345 59231093
12345 34047157
12345 34581725
12345 -33606031
12345 5542946
12345 84765511
12345 62170212
12345 -81949815
12345 -68121324
12345 65435965
12345 19790545
12345 57074710
12345 87292392
12345 -66887436
12345 -92468136
12345 41766242
12345 1240285
12345 -81765541
12345 45280222
12345 -11706966
12345 84725986
12345 45796881
12345 -79401112
12345 -87966945
12345 66471565
12345 6572566
12345 3370469
12345 -56918820
12345 70953441
12345 45234461
12345 97545219
12345 -81477053
12345 31868794
12345 -11203930
12345 68116833
12345 96119306
12345 55795923
12345 -18801418
12345 58737437
12345 84028229
12345 22783305
12345 -69436841
12345 -23198112
12345 -11325083
12345 63207775
12345 20310802
12345 81955150
12345 -60876503
12345 -4295357
12345 36569486
12345 -6677219
12345 10534242
12345 41166575
12345 4948248
12345 88034098
12345 -97888700
12345 76217159
12345 33585037
12345 -82514761
12345 82974279
12345 -11550167
12345 -51674067
12345 16136060
12345 -11888114
12345 5697251
12345 20227390
12345 17736942
12345 -93824755
12345 -59002912
12345 29254906
12345 60797270
12345 50088286
12345 23102453
12345 -93875476
12345 50784879
12345 60271207
12345 -48622049
12345 -58221555
12345 25704928
12345 -3837871
12345 -54434740
12345 -30623992
12345 -39615807
12345 80396501
12345 12122543
12345 65619703
12345 -39941767
12345 21844626
12345 60902059
12345 -49996046
12345 -76117312
12345 -7077354
12345 24864596
12345 45199509
12345 27818286
12345 14054345
12345 -50465848
12345 96462886
12345 -51733101
12345 43000115
12345 -87541634
12345 -95677711
12345 7625121
12345 50946517
12345 -33648177
12345 74587067
12345 -12280018
12345 -35142621
12345 -49365365
12345 -43647260
12345 -99103418
12345 91797881
12345 -50156126
12345 97768841
12345 -67873764
12345 -28066766
12345 -48349354
12345 -6226307
12345 79666920
12345 89678682
12345 -64898108
12345 -43378590
12345 -33016858
12345 -4580666
12345 -26274385
12345 -77990522
12345 79832090
12345 -53725190
12345 -11786781
12345 90208640
12345 5154069
12345 74420306
12345 -90132527
12345 -74850608
12345 45768955
12345 -42864088
12345 -51300937
12345 25698911
12345 -83581526
12345 24935620
12345 -92943889
12345 32683204
12345 -2973085
12345 50514114
12345 66476667
12345 -40016971
12345 95733152
12345 76690594
12345 -26455955
12345 -9520676
12345 20255065
12345 32749776
12345 81530177
12345 -14943733
12345 65321203
12345 -94171375
12345 33874602
12345 -21853250
12345 12476349
12345 52044218
12345 98644864
12345 -24675705
12345 53618466
12345 75598755
12345 -85562486
12345 -44404837
12345 87927716
12345 -17655046
12345 -47725750
12345 -20973277
12345 -2184041
12345 46631396
12345 67776583
12345 -49798182
12345 2142684
12345 14654666
12345 -28528212
12345 54942842
12345 -85231463
12345 58097318
12345 12993358
12345 80910085
12345 50501389
12345 63267129
12345 22701508
12345 13550786
12345 -29357042
12345 8964808
12345 49367550
12345 -89828696
12345 1294624
12345 27378410
12345 -88740892
12345 -88756613
12345 93932786
12345 -84080632
12345 -43410815
12345 -94444759
12345 5522742
12345 -39712646
12345 61098170
12345 81098169
12345 52168214
12345 30499997
12345 -79744099
12345 57719666
12345 -1911117
12345 97290631
12345 -17350604
12345 97037785
12345 60402781
12345 21291958
12345 -42562477
12345 54394826
12345 98322830
12345 -74261057
12345 -77529663
12345 92306006
12345 81428365
12345 -76088591
12345 -40876458
12345 -95558214
12345 57623175
12345 -13971058
12345 63839958
12345 30363851
12345 -77737494
12345 57615685
12345 -90344300
12345 18041638
12345 -90395704
12345 54888539
12345 -11132761
12345 -11534800
12345 7754444
12345 -29658022
12345 -22782135
12345 92878431
12345 33673810
12345 66994784
12345 6915397
12345 -63624765
12345 -29614328
12345 -69362347
12345 96062439
12345 -66747296
12345 30085898
12345 44236422
12345 5739050
12345 30403968
12345 -8441330
12345 -5149666
12345 2696305
12345 7429023
12345 6817976
12345 -61458444
12345 -76641055
12345 -94971070
12345 48255550
12345 53815395
12345 -36154744
12345 59678007
12345 -4179308
12345 55600448
12345 60916734
12345 71134377
12345 -56330903
12345 67996534
12345 29338269
12345 -75033263
12345 -30989781
12345 65374420
12345 48437591
12345 -83230278
12345 -96787673
12345 65377556
12345 -90477598
12345 -18164150
12345 5767162
12345 -19747496
12345 -59742192
12345 6276713
12345 73985524
12345 46775209
12345 85543619
12345 37030293
12345 -79804441
12345 62011484
12345 -50443153
12345 95189034
12345 -36078773
12345 -27153885
12345 -91894844
12345 50723438
12345 -84623060
12345 37066762
12345 -2680174
12345 -7685718
12345 62238787
12345 50088304
12345 19846926
12345 74310625
12345 61754320
12345 54017829
12345 -92089331
12345 -88444817
12345 72960459
12345 41555045
12345 86141079
12345 -14767221
12345 16229900
12345 84841652
12345 98551138
12345 10770724
12345 14132469
12345 -16481254
12345 4291817
12345 -95605423
12345 -32739664
12345 87152480
