10 700 0 27
5343864 -5343664
-2081021 2081221
5930397 -5930197
-6482561 6482761
9043969 -9043769
-6721222 6721422
7349373 -7349173
1601632 -1601432
3819336 -3819136
-6486395 6486595
-4516587 4516787
6151073 -6150873
9681046 -9680846
-6061322 6061522
-1607867 1608067
-6072256 6072456
1011369 -1011169
-1900225 1900425
-4862429 4862629
-1095258 1095458
2159129 -2158929
-3854243 3854443
6582602 -6582402
7657720 -7657520
-25094 25294
5456447 -5456247
-718471 718671
3885270 -3885070
4697285 -4697085
-5637448 5637648
-916357 916557
8024118 -8023918
7620595 -7620395
7345294 -7345094
2295764 -2295564
-1181049 1181249
-1159466 1159666
-5599047 5599247
-1935969 1936169
9258829 -9258629
-851490 851690
-3738807 3739007
-2124353 2124553
2615076 -2614876
-9499394 9499594
-4379166 4379366
-7729463 7729663
-7428652 7428852
8199912 -8199712
-4376219 4376419
-2182816 2183016
-4853562 4853762
-2428412 2428612
2327574 -2327374
-7423067 7423267
-3027855 3028055
-398672 398872
3799832 -3799632
-6599305 6599505
-1472731 1472931
-6863340 6863540
4788260 -4788060
3298013 -3297813
-1069098 1069298
1055714 -1055514
-841065 841265
-5496908 5497108
864962 -864762
-935797 935997
-1419627 1419827
-1147399 1147599
-5702980 5703180
-1177049 1177249
-2953136 2953336
5991526 -5991326
5316920 -5316720
-3189656 3189856
4283776 -4283576
-6478030 6478230
5051391 -5051191
8648351 -8648151
3348983 -3348783
-521928 522128
9435748 -9435548
2336015 -2335815
-3152865 3153065
2748749 -2748549
-5718546 5718746
9371526 -9371326
2657026 -2656826
682887 -682687
-7573771 7573971
-9056908 9057108
7976532 -7976332
-9199604 9199804
-4888671 4888871
36508 -36308
-7890724 7890924
-4602586 4602786
2400787 -2400587
3737720 -3737520
-3489365 3489565
-9012723 9012923
4118221 -4118021
-7876624 7876824
6871375 -6871175
-9975089 9975289
-8887718 8887918
-3803152 3803352
-70496 70696
4721989 -4721789
8403111 -8402911
3882569 -3882369
414969 -414769
6927077 -6926877
5202074 -5201874
645260 -645060
-7985351 7985551
-7172103 7172303
-1151257 1151457
5361958 -5361758
2840874 -2840674
-9870953 9871153
428309 -428109
-1617454 1617654
-5398111 5398311
-1772087 1772287
-4909021 4909221
-3764325 3764525
8552969 -8552769
-1015413 1015613
6353632 -6353432
8319112 -8318912
-9276813 9277013
2002985 -2002785
7889763 -7889563
5045242 -5045042
-2539616 2539816
-1612810 1613010
-7377632 7377832
2861642 -2861442
-3371279 3371479
3622178 -3621978
1369230 -1369030
7154056 -7153856
-6637922 6638122
7627826 -7627626
1595683 -1595483
823367 -823167
2287227 -2287027
6449934 -6449734
9241372 -9241172
-8426437 8426637
-3221547 3221747
8811407 -8811207
-4240803 4241003
-7255836 7256036
1133112 -1132912
-863368 863568
916424 -916224
3164370 -3164170
5145958 -5145758
-7447545 7447745
7226671 -7226471
-6235295 6235495
510561 -510361
-5771588 5771788
3866783 -3866583
3786271 -3786071
3586480 -3586280
7415242 -7415042
2080149 -2079949
7618066 -7617866
6031373 -6031173
-4310384 4310584
-6601380 6601580
9492100 -9491900
-5791475 5791675
9507331 -9507131
-407866 408066
4642643 -4642443
-7085621 7085821
594806 -594606
-3675386 3675586
111418 -111218
-7692594 7692794
-1137316 1137516
-1593471 1593671
3999407 -3999207
5410770 -5410570
-2779874 2780074
3925998 -3925798
-3109608 3109808
-7917587 7917787
-9791851 9792051
2331775 -2331575
8996961 -8996761
882974 -882774
1092939 -1092739
9652122 -9651922
3243515 -3243315
-5145773 5145973
-6540592 6540792
-3025117 3025317
5648195 -5647995
-4040367 4040567
5145729 -5145529
-7267815 7268015
-9527818 9528018
-7328940 7329140
-1156945 1157145
1640253 -1640053
-1747500 1747700
-7693799 7693999
3421087 -3420887
2451176 -2450976
-2455943 2456143
5788566 -5788366
-3136086 3136286
-3218620 3218820
1603128 -1602928
-9536881 9537081
9459573 -9459373
-9549079 9549279
-3002699 3002899
-3266734 3266934
1887238 -1887038
9489349 -9489149
-6052415 6052615
-681755 681955
-6588828 6589028
5909271 -5909071
840804 -840604
6278506 -6278306
-5210870 5211070
3136429 -3136229
352242 -352042
-6146650 6146850
5700585 -5700385
9032277 -9032077
-5422472 5422672
-1059974 1060174
-7219667 7219867
6708431 -6708231
6735545 -6735345
6338460 -6338260
-7414805 7415005
5251641 -5251441
-9197133 9197333
-9502977 9503177
-8115182 8115382
-8227951 8228151
7669482 -7669282
7046379 -7046179
-6217961 6218161
2895158 -2894958
-9400086 9400286
-8083559 8083759
6118015 -6117815
3492988 -3492788
8493560 -8493360
6165663 -6165463
-5419702 5419902
-244180 244380
6600643 -6600443
-6367714 6367914
-4451548 4451748
-9182555 9182755
-8221216 8221416
3521853 -3521653
4410605 -4410405
-5158418 5158618
-3569228 3569428
-704957 705157
2842097 -2841897
-198587 198787
5805479 -5805279
-2317697 2317897
-1095531 1095731
865879 -865679
3445662 -3445462
7298646 -7298446
-7410222 7410422
-4297770 4297970
-1037623 1037823
-8961340 8961540
8178153 -8177953
-6168638 6168838
-9699789 9699989
-4623879 4624079
4801516 -4801316
-600273 600473
-3212684 3212884
8311872 -8311672
1147704 -1147504
-7289468 7289668
-4931090 4931290
3511082 -3510882
66731 -66531
4353299 -4353099
7238475 -7238275
9157564 -9157364
-3699011 3699211
188512 -188312
-2428148 2428348
-945826 946026
-9407529 9407729
7516319 -7516119
-9073861 9074061
-7518342 7518542
1221300 -1221100
-9877597 9877797
9831085 -9830885
-4823295 4823495
-4410948 4411148
3280659 -3280459
8035240 -8035040
-7365236 7365436
8190573 -8190373
-9349891 9350091
35750 -35550
-6078138 6078338
-9268511 9268711
9774580 -9774380
2964961 -2964761
3621972 -3621772
-4587640 4587840
756910 -756710
4492149 -4491949
-9891789 9891989
-5380221 5380421
9018893 -9018693
-8163712 8163912
-3158021 3158221
-3612486 3612686
3018161 -3017961
370348 -370148
-5984783 5984983
3457683 -3457483
5269085 -5268885
-5799687 5799887
7745855 -7745655
1578688 -1578488
-3735209 3735409
547740 -547540
-6715117 6715317
6556302 -6556102
9313287 -9313087
7393376 -7393176
-7669355 7669555
-6161712 6161912
5080741 -5080541
2779798 -2779598
5488987 -5488787
-5678728 5678928
-3998465 3998665
3065125 -3064925
5085765 -5085565
-3690907 3691107
9348173 -9347973
4181355 -4181155
3124637 -3124437
-8952211 8952411
-7130375 7130575
5608818 -5608618
7874722 -7874522
-6944355 6944555
-9764986 9765186
-3672602 3672802
478444 -478244
1224230 -1224030
5753440 -5753240
-8762876 8763076
1429606 -1429406
4892838 -4892638
570268 -570068
-1828409 1828609
-3149439 3149639
7701744 -7701544
7279450 -7279250
4007246 -4007046
5020797 -5020597
-4145295 4145495
471963 -471763
-2584041 2584241
2435839 -2435639
4651442 -4651242
-3613645 3613845
-3610722 3610922
-3748299 3748499
-123324 123524
-5480973 5481173
-5585762 5585962
-9708787 9708987
-7453508 7453708
9620649 -9620449
-5484608 5484808
-1114417 1114617
5374411 -5374211
-5777339 5777539
-5947495 5947695
8945426 -8945226
6988461 -6988261
-8198168 8198368
-7811931 7812131
2353269 -2353069
-8801325 8801525
-4636682 4636882
2907260 -2907060
-2184449 2184649
-8392864 8393064
-2716219 2716419
2562491 -2562291
-1506306 1506506
6739473 -6739273
-1294381 1294581
-244718 244918
-3740152 3740352
6316998 -6316798
-7938892 7939092
-4108526 4108726
8475245 -8475045
373763 -373563
8189491 -8189291
9887372 -9887172
-5767524 5767724
1788497 -1788297
-9362051 9362251
-9040636 9040836
-8244975 8245175
6361797 -6361597
2262877 -2262677
-9428541 9428741
-9796347 9796547
3285197 -3284997
-7683874 7684074
-8510418 8510618
8067934 -8067734
299885 -299685
7578053 -7577853
-7281995 7282195
-3392598 3392798
-4005267 4005467
-5113108 5113308
2412671 -2412471
6321130 -6320930
3084612 -3084412
7042995 -7042795
945121 -944921
-3747166 3747366
7148140 -7147940
6203 -6003
-1280343 1280543
-8840955 8841155
3448238 -3448038
-1129574 1129774
-5872662 5872862
44542 -44342
5147793 -5147593
-352662 352862
5316787 -5316587
-3499543 3499743
5313919 -5313719
5821971 -5821771
-5546152 5546352
-9634312 9634512
9893010 -9892810
4015412 -4015212
-4463032 4463232
-165253 165453
-7000982 7001182
-9447630 9447830
-5288438 5288638
-1371550 1371750
8117 -7917
6770081 -6769881
-9204034 9204234
-2822160 2822360
-2141622 2141822
4818465 -4818265
-693873 694073
858668 -858468
9539405 -9539205
-1489969 1490169
5697236 -5697036
1286900 -1286700
-184021 184221
2000168 -1999968
-8671970 8672170
-1446520 1446720
3238096 -3237896
7314058 -7313858
-5357675 5357875
-2375721 2375921
-993692 993892
9178927 -9178727
3602013 -3601813
4387672 -4387472
286556 -286356
-4840950 4841150
8646194 -8645994
-337047 337247
-5448791 5448991
4569410 -4569210
27600 -27400
2690761 -2690561
-4802991 4803191
799488 -799288
8287031 -8286831
1411681 -1411481
-4786115 4786315
7126288 -7126088
7523373 -7523173
1314057 -1313857
7535681 -7535481
-2198995 2199195
1902817 -1902617
-6793302 6793502
-5785566 5785766
-8358863 8359063
-7726690 7726890
-4734197 4734397
-4509474 4509674
-7506021 7506221
-6412249 6412449
942607 -942407
7865081 -7864881
-2857438 2857638
-217526 217726
6534436 -6534236
7067049 -7066849
-6081822 6082022
9871412 -9871212
7091295 -7091095
-2371034 2371234
3791045 -3790845
-2825530 2825730
-1964447 1964647
9867698 -9867498
-533807 534007
1592269 -1592069
3624490 -3624290
3712808 -3712608
9473775 -9473575
-334721 334921
5922706 -5922506
5829578 -5829378
-2429040 2429240
2262315 -2262115
1777776 -1777576
-8297418 8297618
-6537575 6537775
8693763 -8693563
7651715 -7651515
-7439148 7439348
5234291 -5234091
5545245 -5545045
-7337045 7337245
-7832347 7832547
9363965 -9363765
5783746 -5783546
-1532304 1532504
4710033 -4709833
-7437286 7437486
-6134245 6134445
2578924 -2578724
9646928 -9646728
-4699980 4700180
-660722 660922
7753459 -7753259
-5872280 5872480
-919387 919587
414252 -414052
4601490 -4601290
2687290 -2687090
-9457778 9457978
4992956 -4992756
8991212 -8991012
6831502 -6831302
-451785 451985
-8777003 8777203
3894531 -3894331
5716527 -5716327
-9981978 9982178
9628470 -9628270
2683481 -2683281
-9894555 9894755
4645366 -4645166
8700732 -8700532
6738175 -6737975
-9125367 9125567
-3706767 3706967
-2311506 2311706
2024194 -2023994
5342930 -5342730
1486990 -1486790
-7709139 7709339
4220599 -4220399
-7701097 7701297
1357133 -1356933
4622739 -4622539
364659 -364459
-8733158 8733358
7535084 -7534884
1117239 -1117039
9737903 -9737703
9592815 -9592615
-666439 666639
8093348 -8093148
576409 -576209
-7432062 7432262
-6773478 6773678
-1625772 1625972
-9312551 9312751
-6070212 6070412
-3917108 3917308
9055546 -9055346
-8256741 8256941
-833651 833851
-1914703 1914903
-6741816 6742016
-7984538 7984738
-358568 358768
-3897730 3897930
-9641647 9641847
4953749 -4953549
-8950152 8950352
89377 -89177
9299979 -9299779
-8091210 8091410
5709899 -5709699
4676053 -4675853
-1628351 1628551
4286774 -4286574
8814419 -8814219
4539930 -4539730
7175014 -7174814
3502599 -3502399
3259246 -3259046
1060224 -1060024
-1809475 1809675
-7583603 7583803
6070261 -6070061
-4554302 4554502
4620614 -4620414
-6503516 6503716
-583834 584034
-4177230 4177430
-2233327 2233527
8180023 -8179823
-1829954 1830154
363086 -362886
942121 -941921
-348872 349072
5402093 -5401893
-2922951 2923151
1577738 -1577538
-395106 395306
-8857788 8857988
6392763 -6392563
6179676 -6179476
119012 -118812
4118286 -4118086
9727117 -9726917
-452385 452585
7632507 -7632307
8499096 -8498896
-8881190 8881390
19048 -18848
3529287 -3529087
-6738064 6738264
1740898 -1740698
-6766665 6766865
-7846902 7847102
5533312 -5533112
-8497073 8497273
154607 -154407
2255814 -2255614
-2805211 2805411
-2706213 2706413
-6065951 6066151
-5251519 5251719
6183842 -6183642
-2634819 2635019
2540206 -2540006
3577530 -3577330
3515117 -3514917
9626864 -9626664
-2977597 2977797
9805805 -9805605
2726385 -2726185
-5188903 5189103
-2628280 2628480
8419439 -8419239
9422838 -9422638
-2600786 2600986
-2276702 2276902
-9016972 9017172
-9561759 9561959
-2048669 2048869
