25 700 0 1000
-514791087 946450286
253953637 -271713828
222252771 -841652939
407396322 956425392
269717621 -537718855
-398499724 236608741
-51120106 -115554750
352961648 336087307
-374295874 -985335555
-661830866 275206859
515908805 -158856837
-333277303 216496856
279941839 -339137211
92516007 -989240221
462306360 -731975906
-39890082 -300229872
-535726653 81713946
449778742 559521778
-472460381 -898409281
222954045 10639061
-376602015 658013153
187586232 138352411
-102583618 337046287
478663598 728509596
-691095186 -472387526
703239870 25286836
-940207319 -237808208
-726159101 930119652
582451108 979149603
-23398760 518405898
44054201 630332379
78366676 -736400875
-355823812 -244836990
-883611942 -710725442
146046359 -802164422
882814186 101295696
616913518 414480300
621431431 -84857268
673088293 496457432
515908808 -158856836
-509949644 61717333
-631820392 977970491
132577396 125092926
125883667 783843657
-370399000 396586531
-4548279 -1253006
-245480391 207531396
-447897271 -420053239
-225014051 844126044
300105952 4662513
-136036216 990944748
332171702 619463112
582834668 823889394
174280909 656995125
192164031 213672984
-612852487 698411211
-219998090 530620320
89097698 128999366
305667689 -299301155
-108803056 96769327
-10528342 -951068025
-330889057 -29343934
619890246 557340629
-138447428 -14489807
-76849011 91757316
515908805 -158856838
-174112627 -86959004
-280070484 -287271374
-838740677 449677935
828455427 -571088559
-207943566 418955344
-648736377 -707442077
-34974488 426774750
-19076455 -863186279
-942352888 -107322925
580072096 924169133
-195957850 862470529
-210404030 641625075
260922326 201596541
195961586 -15352890
364557353 -328332595
-887702615 -118112963
358107901 259209372
749995949 763412055
-180857713 850231364
60951296 108706812
110197728 650536174
-868763164 -369013996
281327695 573992441
-328119398 202202282
-255421879 -684111956
481210095 -839788974
515908808 -158856837
-683416312 22039619
656770454 543683708
368800907 751506216
-488812019 -663729106
-118948856 -560980727
-807492389 -799972564
568918303 -732769475
-259424655 -690097667
682174713 233304983
-463702587 -283823937
-574525509 447869038
-21162095 6740182
-445754372 269971804
964679852 197312687
-12859129 65618
-683998421 -110779221
210464704 -547231185
-435110937 915724539
-577627690 -7069407
-32564806 -274881176
40746102 -279915535
453424124 362283755
207083542 600547204
-568208528 986521452
137096770 -624938638
515908807 -158856838
-17369335 86756297
-141643990 304536221
-493064662 -407944911
172543449 656728349
-952241912 836011879
28131474 872849851
-464501969 -275371275
934240598 -879652781
-597462827 -542624319
-575445185 -503640724
-43244798 -602268642
223315947 579653266
468645708 -991196532
393917798 -84988250
-645699266 -560741222
-410827808 956384928
-714069750 101844495
28199359 427195518
-157469119 -600649301
72833034 17248953
-947797905 120940682
-688954452 129377657
-503813557 225055452
-45465327 -360118865
-11909266 -10778690
-588557722 -689797960
65750495 -498290425
-608264170 -148781425
515908807 -158856834
813959334 341409416
-259950904 974674442
845969619 807269932
352948231 -241158127
-373457170 615601228
891290789 654363273
-471304938 -66637770
-830842133 -855417417
-328582128 382860149
637234153 556243584
222732495 -465563471
281880964 317984
-176220053 -106810947
513152051 331425047
-366461874 674488577
442590431 273387624
-14817617 564712064
-154271576 978285415
-2769415 7107353
467786557 312085770
350182874 -946598706
713864171 -562975437
-496663916 -32912142
362908501 298562118
-506559753 473005620
-27429914 1022059
-207927888 -730282785
622778093 -774421606
-443624582 46075222
-214902793 869302995
95506637 993315713
493539106 -402198338
-17113563 -572833532
-659450742 -27212241
-681802435 601191846
630139706 34277723
-449226113 732187660
409328415 191335593
-67519808 326854381
-142012919 715724478
74225415 30000959
474907 811216946
17333560 -385298344
477967604 30167660
-280754980 976093607
-530326533 825384368
-947779895 389438720
-529118415 -272381220
-853462851 720218793
597795305 539019787
446813952 569479237
-182974003 225670393
769034150 -477607741
-530718862 286601348
761308395 961634351
489555907 986795661
-326979962 -599186383
-510977753 546384917
515908806 -158856836
747052551 -583132418
69351310 -920953994
-140569032 -69603167
645981452 471056351
795532931 194864481
-617976700 102119210
-538393149 143425224
515908807 -158856835
-673187812 -105516206
-577454487 897339468
498843363 -504325262
294195855 -186434647
-328423399 471070772
13180473 -192196196
731445715 610071991
30471763 367523058
-627549412 -340147081
-492959225 988107710
-45218187 -49520259
233081951 -591999499
-510683630 -162868237
670681166 -237136962
57736718 -200375125
-6340214 -335894929
-928556403 -91060623
-669106162 734805080
35594129 -261221841
436202586 411355267
-82805662 365958691
-886012925 -178414500
400302797 -499917867
919875579 -168483512
305701733 171021275
523164903 -475892692
759638786 199990839
-837295563 844263758
278023241 -666492980
571228700 -326275286
-328530540 190145582
110185302 786229024
-659539037 822372353
-855561443 -370670794
220778083 -219277774
-812667054 -470491866
321440222 -628000042
115522375 312650569
-548908871 415070762
656330658 930241303
663037997 555737766
677918535 -606243678
-365147185 4212873
515908806 -158856837
-435385637 44439061
164398929 331653653
601654446 476525899
-127606315 -718573205
-567939942 900318031
-358309268 -85517134
-161371710 139826388
-829653070 188021894
-990548560 590587994
-406379893 958615495
150677631 -191096608
980239662 -170306401
-957650667 160950122
515908809 -158856836
708435656 180607348
-429351278 -647519343
682254179 -436382643
817992654 132422775
103054243 689744390
49308368 -34573957
435208470 -878011612
640521887 689882769
-480272046 -748679680
37151664 -601728178
226808851 85843662
-328406449 360772502
-686441044 -840041901
-487034933 668411918
-238245120 -345258791
-7919395 11972071
-849948090 -446106489
254070264 -72475808
-722511154 -973484338
-821590280 549640647
168742120 146202325
334101733 149766651
219541552 -513295683
627992708 -575235118
295866352 413592542
408361059 398540921
130255044 419187989
922701990 -48892412
-346393270 -683968845
451367057 -462222197
156894104 -721077139
13654749 418605778
-593970314 -22517796
165725631 -883093102
519082491 -50355602
-79392703 111619042
-453200078 552005424
498290322 677416692
785998608 -820442642
515908805 -158856834
-81672215 651404499
483022155 -118957938
675940598 117040771
-869722012 -508873329
-417227360 -196412625
-469624821 116161757
169854401 257098680
515908809 -158856837
376881442 -493096836
-845737221 890119779
629990605 -483296234
936990970 -986751869
-446510660 -449933913
-447422016 -836547195
-958852750 -132826092
-61613693 887820035
-246003694 626587930
-320058691 -264373341
36218389 397855
-540442261 -257868544
-652675588 533523263
-418728202 57150191
-713145196 97408827
-126135821 -974877213
894239589 612052148
-287038913 593669045
949195948 210927270
63879093 -361716847
-910636958 -157302188
565172813 482479111
186447370 -56784650
-119284954 400703058
483032178 -685848344
125213291 -254690993
-664656182 274458070
441944348 487662906
-627204397 -555534247
-840141823 777749481
-427274029 740681585
20011697 -715176771
636081559 -665090624
636586257 -476397446
-500238521 607855541
258538647 216469014
-330160156 987799115
-864625820 -610188261
-100207292 760610466
94440678 -260060945
-501407319 447933206
-99023433 248274806
-427947908 8571333
-363570836 -801388358
-683171349 -640994370
12467862 -59480539
551688824 15317282
617867451 314131215
-592793099 -221752090
501307325 832233502
852422146 -234309839
-281999871 174477555
515908808 -158856838
-237440239 69608454
-371393989 -667771018
-62556980 -297210666
788976707 165086629
-63113087 -97116383
748750028 -125089477
515908805 -158856835
15754625 -83747603
-431697460 -160768525
-520926642 -545090405
436822582 254509633
639989035 -89720067
-893388860 428254647
-26543696 39720172
354330727 -414023585
-14086818 -74551221
-719334408 -322648627
-48905738 996412032
-85291006 -344204387
-170536171 16552851
-84626175 25987467
93998834 436976262
650477557 58432594
4105762 -419614618
-18243935 74652190
-799848048 -788090216
-78986617 389657720
-30093021 -3050934
312301429 825777080
515908808 -158856834
264697660 -561982522
424302324 84437147
-624014506 814578663
-412650238 26040796
727636274 684505727
63815918 -486829180
570264128 869307742
-47756443 -32878409
-361813311 -477257019
483660635 -220657006
535477141 278641792
-47324354 -647206131
15533356 -414951768
-999806608 411559450
-370314186 -393328587
621876026 935823950
821597220 -745952399
-638381778 840915857
-498812613 -312066474
275326158 -13563440
315342475 90029095
149350025 -224326263
719637687 419006567
-354519053 178461954
-576690028 -834391917
595693590 373158434
931407045 81098519
592208887 -250665818
498352430 -435032438
-433445227 -111270728
243440282 -618545557
505410823 61905962
942839962 404439
336217965 -246236458
-391790999 678486403
-6123844 834450178
-48780262 7183568
303463020 -291378282
41874391 135072694
-593351786 -315309670
-426882064 358426481
-245142827 -660592084
730811177 258443939
909601931 341116297
442268818 -611691036
967706841 83920169
714594113 -348324973
-551967816 250303143
-494845124 776161434
267546998 -203384459
-891915368 -241425890
-2227105 -38082929
-147747530 107280748
136066797 879763049
-121819391 -281045141
117947099 -589883248
507596459 121663334
-320750849 -89056431
943941124 709350421
904443826 -536009558
-113747092 -401839739
-574833179 -872864835
-839180723 414947972
44654330 -272969044
370818363 855682742
-172189612 -459732684
-326345092 -415652550
-495785226 534224931
709567633 -86421075
22111657 -17965796
556267931 -687300419
210890949 571038470
346113595 518696542
-106876955 -879942531
-650755043 11549377
-100554839 191100575
297295435 329034763
755663139 -839876671
569166237 585784527
-581688695 270265705
-516636797 471169179
53060353 -277279257
-194152692 -431606555
-682055294 922058971
371267552 -94191666
-916548475 -189452667
747504044 -317176562
-851982901 278203936
-152093899 -876724939
-893902083 525847586
807684961 336119785
-684313529 244809460
403752925 -242836950
588164513 344447166
269905262 -774376648
45472854 641630
515908807 -158856836
-629749213 690058759
82299640 889027055
177759082 -678610079
-489073771 966647181
367876253 64119347
226495934 -943145577
751631382 -471908637
-153594568 -6128094
866709784 -250836313
-170814696 -600380668
190854791 -853520996
876211843 -381180892
-260381524 186152126
-323356301 -736964379
793256347 -26733581
645613408 378022534
-439657591 400705782
-988281 -30397536
877303107 -561624912
-1879588 18032255
365409643 -27984562
-217817548 428103118
45958723 -32433397
66822752 -34496314
-341348069 -135696730
162170115 651897628
-278246412 -33823102
810178184 326129083
-676567421 476678417
-371562585 -403634327
868723554 -251355661
170707534 798255410
-25995246 924509742
-182873789 -624943690
111753543 68702201
-475821650 804166138
-756718070 -579111989
75442955 179823886
515908806 -158856838
-477343459 -654574600
697684550 807699073
-525353015 655858107
-738981269 216902514
499568142 -936331117
656659518 -510312048
843674631 -341448987
86037098 -185167128
-159310392 -375932663
515908807 -158856837
450799092 -592028375
950142546 -583092973
901865266 146025702
355726738 923994541
252304777 696456337
-256426680 384944863
-179882119 261291236
834966430 -360326008
-894270235 -739530082
-575752282 431675464
-283206487 301567007
136133910 -671390686
192271030 -309603114
721594987 -757111803
-98843183 -422396664
530348304 -827959003
-779434690 -351302514
-360010406 -829196812
-343123995 -381310895
-131194041 -100414413
-451078191 758059043
981405147 -529223692
515908806 -158856834
699927394 -285042288
-513671495 832435750
-228228367 -347914620
-328423945 719449031
898336693 -58574819
-729434176 654276732
-948363131 -849244353
97394909 -262989439
389365307 -924601117
-853493843 -517656539
622564932 -659500643
-846531800 810448328
640724387 73463989
-443256620 -971154702
255424540 -38835489
-155706091 -527231970
34979323 -102617808
62488196 878242972
-649531582 -624223359
192970338 767298508
508777565 351577716
-599571408 453304706
963406125 501286091
249304100 -220909026
432880158 -700470248
785202883 143946585
-886893392 -84579182
-137647030 456600406
90355901 79419395
837250981 -63405492
-252474190 311461439
-807878840 -129854540
39228854 450948562
96098531 114134077
515908809 -158856838
776116989 738743672
-28980368 758962201
800412542 766644767
786782694 -58086356
-352191602 588591755
-719257860 -709536604
757774700 963124233
692556372 336959615
-801100368 230026042
-575855463 175467749
-201272148 -887243537
353748236 -284424197
-985428764 946587511
527717999 677571733
-316711989 969688545
335031246 -506154807
-261043172 293390170
515908806 -158856835
-712380196 -117213802
-125376653 326763932
960550148 -96094707
413594106 768164368
358312244 585235909
697134936 -480721865
-145976805 48406630
-401466336 38694688
-804634400 -590836425
491891575 61566900
-790000572 168397566
-6996361 -443149029
793513697 -559354341
-659615722 623571523
626699441 -408268258
515908809 -158856834
37188637 -161696614
-591812146 179445209
511676593 -560210015
102407136 -34822000
-45599860 -176581706
668081494 -819486256
-613203494 327562199
239198281 -715497966
-266924759 14938549
669921463 -26535262
994111600 808814813
515908805 -158856836
711968945 829891925
-931929674 71298540
-289724296 327560010
700214604 42571593
825121786 -463568987
-785265234 363518271
-911328018 63953706
-192232794 132741269
156255885 -900259299
737360627 -493705534
545747844 -820672637
-594874390 3168591
823139075 77080833
662752437 -643951198
-995019948 -79317031
12739638 -6604633
839567254 434763174
-70455437 110974496
-48529528 187786069
172310687 -220823219
24037648 85011978
515908808 -158856835
-418591202 743173315
72017659 -174294622
821496276 116282239
683374002 -824095873
-102225838 -239450338
6306595 -6317066
476832340 -441317912
869220755 -806069186
81896852 69835475
-204158902 -983781902
942459013 -981324736
319172288 401459457
647749112 -218253778
488936379 -679175128
-38469423 -353284555
599915980 -346176595
515908809 -158856835
-1381441 7254220
-399002108 -674778799
822719562 270314018
-671903514 306628370
-55048643 -642198391
777827465 -348707907
476453621 -708067421
