100 700 0 1000
534294835 686772197
-816102432 -480475295
53800891 442035875
139683894 -442287871
515908808 -158856831
982512828 125953009
515908805 -158856837
-199180929 516653508
-600121152 -62409173
-855567337 955093849
-222020138 802659434
515908812 -158856838
-683831653 -557441810
515908812 -158856829
-298969356 499030947
-563312475 -102605237
369715694 -90425716
24633689 -879650649
653082614 -271906308
-610320736 624161494
-84566678 -554857982
515908808 -158856836
-229542360 -895146056
-43369105 -50859889
515908805 -158856833
292709036 926622156
-247105997 46270567
-386371455 919110637
553477208 345265981
856456338 962043312
515908812 -158856834
50632424 21043327
-482726824 728056111
-289442942 243636914
500294732 251577178
987389267 -864161791
-820867536 614389649
7735618 278450484
-129600647 -448443647
176615947 117030269
-630343053 518302501
344897136 -483883633
703731643 -487880724
-596088142 -351353152
-332633681 28853574
515908808 -158856832
-319031005 -576606498
285204274 735915748
822226853 200759460
515908805 -158856838
-88253492 204323755
-384528243 -947213355
-365188293 796074450
-141807664 319777720
105434159 316386985
593540434 -476547069
515908811 -158856831
-12991214 -512383461
34513177 936030546
-888166774 891123671
-425511150 -47313222
540172641 -339773411
515908812 -158856830
282688902 -348405016
471853276 -755061858
924895147 605493533
-283957346 -993808136
-1725384 4642091
-303345019 728776499
515908808 -158856837
345519541 774650731
-331235136 452720
515908807 -158856833
276179142 -344232599
787261831 -234399718
54105592 808515415
224826402 -246216665
248980714 -523647383
-212476773 -706577416
-450979550 -286596223
-963469825 22334132
112948774 706363910
321491295 619076665
-463030292 -391010886
515908811 -158856836
-756859679 190645823
-7152849 782649567
515908812 -158856835
-265553526 833298406
-23665809 620980207
-711911729 -885054775
-179455890 518585478
164894922 8942210
683690474 738414716
399760926 -849884825
515908807 -158856838
-588928661 -808686527
515908807 -158856829
-312728475 -143931810
-769097230 -440750292
11019572 653962976
-955266652 -271330071
-278362107 495896026
974070311 492527062
-132194581 597142623
-449688467 -769177951
515908811 -158856832
-863334918 -68947320
955187791 -262710154
-81685572 -505640557
515908814 -158856831
-83675376 31121824
-98498940 -262800128
-3562852 -1078651
-787830325 563393786
793604186 -442659498
288636073 -898093042
63495077 -813945722
-831974957 -88503466
-348895843 -994121337
515908807 -158856834
-6818561 -784580
-139046817 745718300
-541568360 -536562786
-639812230 621059315
208628889 142669643
757990966 842553643
707042161 1215618
851513401 -234689786
-808384157 -309028692
-465983053 -38864643
515908811 -158856837
878926269 -730417856
339950611 606620875
39188526 -316745999
-740500491 617510777
-115320397 -382805590
760274491 17411351
-498965300 -820603612
143159600 -472773828
-104878863 -436671751
380114590 253816815
515908814 -158856836
-609133458 -648770475
315960819 317179859
515908806 -158856831
-662490847 397423099
704093815 -496686239
-80371060 -660938223
71045586 13350266
515908807 -158856830
408205459 159080177
-176059795 582379772
-601734520 -438021054
-175007665 -365453855
-498432496 -954795321
-900240143 -29594206
342622141 -196541317
-297129472 60265857
-214434500 219663320
-660179477 528655581
515908810 -158856829
-321352384 -440294001
100886641 -25183080
190067187 -520346176
56190832 -807907590
685178004 -121350932
504372098 -369003703
515908814 -158856832
-230056228 -985824102
311304133 -689127494
515908806 -158856836
-642161185 646132868
39599940 577698771
167475114 -591243967
-97353714 -9952235
732665423 768448377
-272203956 23915848
635979154 -467745831
515908807 -158856835
9501191 11682354
-686574221 -901945483
872248973 -422966406
750587340 440268929
221850891 -192528960
-645095637 253766599
885593203 -852031494
455843465 -151830024
-24361619 -862217416
515908810 -158856834
-742840153 -627738870
531630568 -218397657
-616226355 399270675
605258200 -558838210
120749092 -864239523
515908814 -158856837
515908806 -158856832
336349149 -976643317
360970375 -885229755
-453770603 887040233
209826085 -541412022
420146167 -675541135
-5694687 -106594503
473418225 -567381322
-532930351 -456860816
375062856 -185628276
515908809 -158856831
515908813 -158856833
65061966 171157084
465702296 194718453
34093769 937744646
663694316 466526490
-516502890 895947883
-281633401 783075017
657481982 73091087
153310770 915392164
515908810 -158856830
5575218 -80322839
-846572607 211189771
600003309 -796739224
-287890750 770308406
-57214842 -870183968
-69224314 634912857
831300050 256483587
503100438 -395044151
-827323042 -755575571
-71401543 512104233
688726099 423068699
726850991 190587553
515908814 -158856833
930827639 -825849439
-635686979 -331586602
515908806 -158856837
-155590876 744112649
408885495 -725498592
227667079 -282846110
-321758703 -315205237
-177262938 855687567
763397813 -251326688
-187063925 561914752
515908809 -158856836
515908813 -158856838
433839916 108608321
969556309 320369620
-840636048 -432502983
252565620 -577387709
515908813 -158856829
-561019982 -911255194
192251466 170189327
-104102599 -355095903
-727836147 -98990180
-250752724 -777651466
371152412 439396874
515908810 -158856835
84209631 338265927
-131820106 -131149346
-742642521 -5391174
955994051 575254312
241226270 -418063641
-412566273 -867702155
712677661 946102287
181847070 171891966
-458967565 696708675
376462343 55245952
-527307991 682845331
893148621 253968038
515908805 -158856829
-165442413 -117064865
-117946408 926992859
-495162207 79864876
297474087 153169016
959311856 -850373983
-678656551 37665408
-18020166 -449892701
-350878706 667826786
705214083 184640302
-835063993 121766250
-948176747 507124295
-59543484 100516219
515908809 -158856832
803456891 477884083
515908813 -158856834
1998951 82974242
56012608 504731392
-93238680 903135606
-295404367 -776449603
618489668 549478481
412405898 252661981
-386919855 503816833
66905094 -196848016
117189989 -703021961
42403789 264453188
-28452220 -74857425
-180133326 562360532
596847513 119410900
858468645 -694916231
202225825 140715893
-17746146 -52160630
521891126 989553012
578268567 -561012362
188437070 300670909
515908805 -158856834
425084314 -187609254
180323294 317529134
-796370442 -843238415
323760266 -86327201
909020241 224626603
-258135996 543767571
739421239 615918944
515908809 -158856837
-237973588 -716384844
501950859 345538143
248723736 648439163
-30431458 -175710568
515908813 -158856830
8215356 -661814081
-513544371 645930260
-68614208 -33335916
-446630664 530450836
-528669481 476849643
-705988457 -482839166
713705788 849151289
-236191064 941835750
288342702 -383670781
-362198196 598712570
-446125292 510262675
-119249911 -23370708
-393490961 172672712
515908808 -158856833
-438314230 897094909
669673775 -37759315
785385012 -353114648
515908805 -158856830
-454124845 507055997
-313397845 28091290
-207502783 420227902
325258332 388228404
-642002714 -181939294
185341660 -24207768
90314433 -818886537
-407738984 348589672
515908809 -158856833
542342597 607163202
599179177 -898212220
-51037748 -211185787
687756382 -379656049
515908812 -158856831
-24456768 -56701165
-4969040 -246158660
-870367425 -757765208
-23958376 465529134
-94226435 224407212
498238795 -384082539
515908808 -158856838
-582032980 -514860178
515908808 -158856829
-90345939 560116250
704062800 -641967332
-2597762 -242428158
148022732 -739843295
-371789784 -75078885
754223242 253776121
193631975 -610614553
-890036035 -895106689
515908805 -158856835
-211279824 -422887973
-502071193 771485887
-526978430 450964002
488956477 440372512
-752408533 -279034296
248124484 -191862234
910508987 352542664
-324919482 483417528
498797541 221930946
515908812 -158856836
337554549 -347388378
-869337569 -335979746
658524459 -620401615
-404458844 592033319
-63762142 375708322
626823118 -170191436
422581316 690598519
981612911 367588751
65036468 -113850060
523223281 25583105
515908808 -158856834
218845182 560429463
124314788 28561128
226360648 -636661085
484558137 -502723327
552792282 694008777
-347091940 -631128249
-654692450 -150631476
-31585402 41471727
-301028006 -165158803
665948121 625954914
313277786 557885697
86940838 462629312
664841620 117236064
583463074 -628324881
569775076 -367714695
640470532 158974481
-604333363 424439309
515908811 -158856833
-213756272 682941596
-282828079 866486697
346686631 69610498
-503776373 -802307788
639145704 -218930686
326158393 -648148569
-192436567 585713024
-649191583 134456070
398682357 623803539
503120259 -579822034
515908812 -158856832
258286535 -281386634
275085176 505636812
796701473 -281735530
214969331 -732711934
-556477911 433297843
192484066 -53034222
-453373653 427415345
90154143 533627658
-39494360 -180971191
-112096594 10805794
496241671 -535583910
-219296409 -987087240
375943386 963100291
515908808 -158856830
658460548 199212266
196164217 -659475368
43796073 -88170519
157197659 294047718
-712323658 -249354831
202324918 -197803970
515908811 -158856838
204852572 -429138208
768790332 -277531862
-65541207 188818046
515908811 -158856829
697081495 -267945091
327598047 760533672
159600022 -847987514
515908812 -158856837
-282371446 343998849
-193528564 843124825
-965902193 -362219850
790788674 368306702
-9803277 14439801
-580885774 599714933
-45880638 -651902031
-856620752 561791680
295531446 -183107167
-131939176 112703787
-160864709 -488720182
66474320 689026877
-970246787 143376729
515908807 -158856831
712119393 -423901295
491602226 200512618
59343688 543465337
-163174017 -745072142
145124207 -789568892
-976656146 401205920
515908811 -158856834
49945347 -285298547
-418451138 -35495694
145297263 -977898950
905230161 438571908
-148142383 779468017
-542678854 -871391540
-208885041 -777068557
-574975280 -20379593
-125482882 182385616
-219956882 335926374
-25480255 164354518
154489902 -709723311
723805618 -522433570
656576168 -106600472
156786350 -436682167
251178861 -916976047
-699184155 -341608598
-240030772 -800399310
374095590 -107494857
218508961 32345329
-876348083 -948678207
515908807 -158856836
973698339 -399018494
569556612 893773110
-45754040 -828304011
-559678331 -183792786
791094206 701221387
-571294919 -519198817
759607525 -183580793
515908811 -158856830
253596796 193962138
749316744 355746648
-50780274 -295619502
-718102185 -77494357
860398860 -197917140
-585927955 -800909209
673839057 378065596
-685179641 257672347
-595749526 -772357671
515908814 -158856838
-878582823 -22890985
-427164182 774993224
515908814 -158856829
764646238 236120144
515908806 -158856833
184219080 -409087397
202350679 188724801
-445459490 492220999
515908807 -158856832
-98702886 -164460112
249877936 -274588961
609005720 314731021
-440133766 -230892083
47961109 466018909
-944075704 -560587645
-520807641 546750682
774838987 548166456
515908811 -158856835
596832691 -718609139
-935951776 819538248
52713257 -232063686
7122664 -23310611
334282958 68086152
-756531101 988909942
515908810 -158856831
543938942 757574640
818252011 -745788470
559601284 440043522
-400456524 803698951
515908814 -158856834
265500800 -716810057
515908806 -158856838
145252144 -570294515
-927359705 -710023694
515908806 -158856829
833763208 735509164
-185841247 -410909956
519447593 91062779
515908807 -158856837
131484938 -797929011
-930708070 166666707
-692600421 -512602310
468186056 954525386
-764987771 -62716719
376973471 904875515
5321585 -888350411
-210439237 772051647
771069315 305044231
515360952 114228089
574356311 652983127
515908810 -158856836
514083876 -691487755
1081659 -17235916
727626499 170164731
786579936 -182980047
73018719 337868137
7563643 -51847068
-160204524 -573605243
416718722 -757669084
290387643 -651709238
859081491 102836184
515908814 -158856830
515908806 -158856834
712792134 -80431455
506236482 292860045
-803047429 -834785548
-298576153 445142713
965975764 -39104126
-726089013 947328549
690545024 -729631302
477656374 -979124949
375045899 339057748
13073459 301726561
515908813 -158856835
474777779 -757682045
-831138905 361638214
691142963 400343484
515908810 -158856832
528154243 -793651782
-806952220 -86598147
8080292 172683697
-852230390 -160820060
-652828131 524821001
-299277816 -777476984
951093535 -533320916
515908814 -158856835
-125613498 -75359517
757061700 -264215735
515908806 -158856830
-496944725 64068628
-112000201 -677150289
-355318611 -718499743
179132585 -289643165
-802257674 363423898
12048048 -263987327
515908809 -158856838
403339161 460832676
-339965512 670149990
515908809 -158856829
-38775021 -11110429
-24302002 978564523
515908813 -158856831
-976638966 937733238
-15330846 52274518
515908810 -158856837
-290376789 -932631668
-435708483 -531181997
565685339 -362881230
116967887 -209661346
315379748 -631927462
515908806 -158856835
-474016396 -345993379
101649645 570570919
587175352 719376057
-596470265 -45767535
64156229 -47158129
515908805 -158856831
358217580 -802301626
1960 -12766696
-267323684 -554581587
-241416768 302613234
497789218 -758822549
-198360328 -28208138
515908809 -158856834
916276423 -351649103
515908813 -158856836
-802435099 -220535492
-61735496 60528087
515908810 -158856833
-822995 222318430
-374060803 -261733628
911523549 -674313124
699873778 896723251
256067543 192206637
-660273603 63702404
-899856926 -311631605
741462253 248592063
678482904 391588379
37130386 8806312
504195059 513996098
-181242169 335213439
-33231425 -59529211
515908805 -158856836
93633458 -243856486
-227726540 437027753
47708061 1252286
-588709339 340637664
79379065 -419053346
502295194 -524294289
-357223894 444799022
-332764233 978180764
498124460 -768596904
-527872499 -15824337
-984366864 -120028917
515908809 -158856830
519404454 757925643
515908813 -158856832
961869318 650509678
453391881 553954548
-511681766 560220278
437303911 -559327353
-387330246 281229019
515908810 -158856838
-856375588 202526310
-720473806 -252383890
-400759369 -525402106
-12110582 10226718
-92739127 489126281
515908808 -158856835
171947326 -635996149
186892180 235661040
221376294 -10843294
-109504878 29552365
481930297 332239989
-344510811 672856653
28595799 -3564448
662934387 -320245830
515908805 -158856832
365511440 357737329
-12932811 -519532560
575843967 449205784
-845507967 861075506
-143559680 -32831847
549296847 -359044267
515908809 -158856835
202871364 934047522
175670313 881432735
515908813 -158856837
-702938226 -63718158
-756172674 -263933866
-478645561 -553431814
515908812 -158856833
-82309938 49754019
25824363 60311666
354373301 933232352
