2
4
6
6
8
8
10
8
8
10
12
10
12
12
12
8
10
10
12
10
12
14
16
12
10
12
10
12
14
12
14
10
12
12
14
10
12
14
14
12
14
12
14
14
14
16
18
12
12
12
14
14
16
12
14
14
14
16
18
14
16
16
14
10
12
14
16
12
14
16
18
12
14
14
14
16
18
14
16
12
10
12
14
14
14
16
16
16
18
12
14
16
16
18
18
14
16
14
14
12
14
16
18
14
14
16
18
12
14
14
14
16
18
14
16
18
16
18
18
14
14
16
18
16
12
14
16
12
14
14
16
14
16
18
16
14
16
16
18
16
18
20
18
12
14
16
14
16
18
14
16
16
16
16
16
14
16
18
18
14
16
12
14
14
16
16
18
16
14
16
14
16
18
18
16
16
18
20
22
14
16
16
18
18
16
16
18
20
16
16
18
14
16
18
16
14
16
16
18
14
16
16
18
16
16
18
18
16
18
16
18
18
20
20
18
12
14
16
16
16
18
14
16
18
14
16
18
16
18
18
18
20
22
16
18
20
18
20
22
16
18
16
12
14
16
14
16
18
16
14
16
14
16
18
16
10
12
14
16
14
16
18
20
14
16
18
20
18
20
14
16
12
14
16
16
16
18
20
16
16
18
20
22
20
20
18
20
14
12
14
16
16
18
14
16
16
16
18
20
14
