3
6
9
9
12
12
15
12
12
15
18
15
18
18
18
12
15
15
18
15
18
21
24
18
15
18
15
18
21
18
21
15
18
18
21
15
18
21
21
18
21
18
21
21
21
24
27
18
18
18
21
21
24
18
21
21
21
24
27
21
24
24
21
15
18
21
24
18
21
24
27
18
21
21
21
24
27
21
24
18
15
18
21
21
21
24
24
24
27
18
21
24
24
27
27
21
24
21
21
18
21
24
27
21
21
24
27
18
21
21
21
24
27
21
24
27
24
27
27
21
21
24
27
24
18
21
24
18
21
21
24
21
24
27
24
21
24
24
27
24
27
30
27
18
21
24
21
24
27
21
24
24
24
24
24
21
24
27
27
21
24
18
21
21
24
24
27
24
21
24
21
24
27
27
24
24
27
30
33
21
24
24
27
27
24
24
27
30
24
24
27
21
24
27
24
21
24
24
27
21
24
24
27
24
24
27
27
24
27
24
27
27
30
30
27
18
21
24
24
24
27
21
24
27
21
24
27
24
27
27
27
30
33
24
27
30
27
30
33
24
27
24
18
21
24
21
24
27
24
21
24
21
24
27
24
15
18
21
24
21
24
27
30
21
24
27
30
27
30
21
24
18
21
24
24
24
27
30
24
24
27
30
33
30
30
27
30
21
18
21
24
24
27
21
24
24
24
27
30
21
