10
20
30
30
40
40
50
40
40
50
60
50
60
60
60
40
50
50
60
50
60
70
80
60
50
60
50
60
70
60
70
50
60
60
70
50
60
70
70
60
70
60
70
70
70
80
90
60
60
60
70
70
80
60
70
70
70
80
90
70
80
80
70
50
60
70
80
60
70
80
90
60
70
70
70
80
90
70
80
60
50
60
70
70
70
80
80
80
90
60
70
80
80
90
90
70
80
70
70
60
70
80
90
70
70
80
90
60
70
70
70
80
90
70
80
90
80
90
90
70
70
80
90
80
60
70
80
60
70
70
80
70
80
90
80
70
80
80
90
80
90
100
90
60
70
80
70
80
90
70
80
80
80
80
80
70
80
90
90
70
80
60
70
70
80
80
90
80
70
80
70
80
90
90
80
80
90
100
110
70
80
80
90
90
80
80
90
100
80
80
90
70
80
90
80
70
80
80
90
70
80
80
90
80
80
90
90
80
90
80
90
90
100
100
90
60
70
80
80
80
90
70
80
90
70
80
90
80
90
90
90
100
110
80
90
100
90
100
110
80
90
80
60
70
80
70
80
90
80
70
80
70
80
90
80
50
60
70
80
70
80
90
100
70
80
90
100
90
100
70
80
60
70
80
80
80
90
100
80
80
90
100
110
100
100
90
100
70
60
70
80
80
90
70
80
80
80
90
100
70
