100
200
300
300
400
400
500
400
400
500
600
500
600
600
600
400
500
500
600
500
600
700
800
600
500
600
500
600
700
600
700
500
600
600
700
500
600
700
700
600
700
600
700
700
700
800
900
600
600
600
700
700
800
600
700
700
700
800
900
700
800
800
700
500
600
700
800
600
700
800
900
600
700
700
700
800
900
700
800
600
500
600
700
700
700
800
800
800
900
600
700
800
800
900
900
700
800
700
700
600
700
800
900
700
700
800
900
600
700
700
700
800
900
700
800
900
800
900
900
700
700
800
900
800
600
700
800
600
700
700
800
700
800
900
800
700
800
800
900
800
900
1000
900
600
700
800
700
800
900
700
800
800
800
800
800
700
800
900
900
700
800
600
700
700
800
800
900
800
700
800
700
800
900
900
800
800
900
1000
1100
700
800
800
900
900
800
800
900
1000
800
800
900
700
800
900
800
700
800
800
900
700
800
800
900
800
800
900
900
800
900
800
900
900
1000
1000
900
600
700
800
800
800
900
700
800
900
700
800
900
800
900
900
900
1000
1100
800
900
1000
900
1000
1100
800
900
800
600
700
800
700
800
900
800
700
800
700
800
900
800
500
600
700
800
700
800
900
1000
700
800
900
1000
900
1000
700
800
600
700
800
800
800
900
1000
800
800
900
1000
1100
1000
1000
900
1000
700
600
700
800
800
900
700
800
800
800
900
1000
700
