1000000
2000000
3000000
3000000
4000000
4000000
5000000
4000000
4000000
5000000
6000000
5000000
6000000
6000000
6000000
4000000
5000000
5000000
6000000
5000000
6000000
7000000
8000000
6000000
5000000
6000000
5000000
6000000
7000000
6000000
7000000
5000000
6000000
6000000
7000000
5000000
6000000
7000000
7000000
6000000
7000000
6000000
7000000
7000000
7000000
8000000
9000000
6000000
6000000
6000000
7000000
7000000
8000000
6000000
7000000
7000000
7000000
8000000
9000000
7000000
8000000
8000000
7000000
5000000
6000000
7000000
8000000
6000000
7000000
8000000
9000000
6000000
7000000
7000000
7000000
8000000
9000000
7000000
8000000
6000000
5000000
6000000
7000000
7000000
7000000
8000000
8000000
8000000
9000000
6000000
7000000
8000000
8000000
9000000
9000000
7000000
8000000
7000000
7000000
6000000
7000000
8000000
9000000
7000000
7000000
8000000
9000000
6000000
7000000
7000000
7000000
8000000
9000000
7000000
8000000
9000000
8000000
9000000
9000000
7000000
7000000
8000000
9000000
8000000
6000000
7000000
8000000
6000000
7000000
7000000
8000000
7000000
8000000
9000000
8000000
7000000
8000000
8000000
9000000
8000000
9000000
10000000
9000000
6000000
7000000
8000000
7000000
8000000
9000000
7000000
8000000
8000000
8000000
8000000
8000000
7000000
8000000
9000000
9000000
7000000
8000000
6000000
7000000
7000000
8000000
8000000
9000000
8000000
7000000
8000000
7000000
8000000
9000000
9000000
8000000
8000000
9000000
10000000
11000000
7000000
8000000
8000000
9000000
9000000
8000000
8000000
9000000
10000000
8000000
8000000
9000000
7000000
8000000
9000000
8000000
7000000
8000000
8000000
9000000
7000000
8000000
8000000
9000000
8000000
8000000
9000000
9000000
8000000
9000000
8000000
9000000
9000000
10000000
10000000
9000000
6000000
7000000
8000000
8000000
8000000
9000000
7000000
8000000
9000000
7000000
8000000
9000000
8000000
9000000
9000000
9000000
10000000
11000000
8000000
9000000
10000000
9000000
10000000
11000000
8000000
9000000
8000000
6000000
7000000
8000000
7000000
8000000
9000000
8000000
7000000
8000000
7000000
8000000
9000000
8000000
5000000
6000000
7000000
8000000
7000000
8000000
9000000
10000000
7000000
8000000
9000000
10000000
9000000
10000000
7000000
8000000
6000000
7000000
8000000
8000000
8000000
9000000
10000000
8000000
8000000
9000000
10000000
11000000
10000000
10000000
9000000
10000000
7000000
6000000
7000000
8000000
8000000
9000000
7000000
8000000
8000000
8000000
9000000
10000000
7000000
