999999
1999998
2999997
2999997
3999996
3999996
4999995
3999996
3999996
4999995
5999994
4999995
5999994
5999994
5999994
3999996
4999995
4999995
5999994
4999995
5999994
6999993
7999992
5999994
4999995
5999994
4999995
5999994
6999993
5999994
6999993
4999995
5999994
5999994
6999993
4999995
5999994
6999993
6999993
5999994
6999993
5999994
6999993
6999993
6999993
7999992
8999991
5999994
5999994
5999994
6999993
6999993
7999992
5999994
6999993
6999993
6999993
7999992
8999991
6999993
7999992
7999992
6999993
4999995
5999994
6999993
7999992
5999994
6999993
7999992
8999991
5999994
6999993
6999993
6999993
7999992
8999991
6999993
7999992
5999994
4999995
5999994
6999993
6999993
6999993
7999992
7999992
7999992
8999991
5999994
6999993
7999992
7999992
8999991
8999991
6999993
7999992
6999993
6999993
5999994
6999993
7999992
8999991
6999993
6999993
7999992
8999991
5999994
6999993
6999993
6999993
7999992
8999991
6999993
7999992
8999991
7999992
8999991
8999991
6999993
6999993
7999992
8999991
7999992
5999994
6999993
7999992
5999994
6999993
6999993
7999992
6999993
7999992
8999991
7999992
6999993
7999992
7999992
8999991
7999992
8999991
9999990
8999991
5999994
6999993
7999992
6999993
7999992
8999991
6999993
7999992
7999992
7999992
7999992
7999992
6999993
7999992
8999991
8999991
6999993
7999992
5999994
6999993
6999993
7999992
7999992
8999991
7999992
6999993
7999992
6999993
7999992
8999991
8999991
7999992
7999992
8999991
9999990
10999989
6999993
7999992
7999992
8999991
8999991
7999992
7999992
8999991
9999990
7999992
7999992
8999991
6999993
7999992
8999991
7999992
6999993
7999992
7999992
8999991
6999993
7999992
7999992
8999991
7999992
7999992
8999991
8999991
7999992
8999991
7999992
8999991
8999991
9999990
9999990
8999991
5999994
6999993
7999992
7999992
7999992
8999991
6999993
7999992
8999991
6999993
7999992
8999991
7999992
8999991
8999991
8999991
9999990
10999989
7999992
8999991
9999990
8999991
9999990
10999989
7999992
8999991
7999992
5999994
6999993
7999992
6999993
7999992
8999991
7999992
6999993
7999992
6999993
7999992
8999991
7999992
4999995
5999994
6999993
7999992
6999993
7999992
8999991
9999990
6999993
7999992
8999991
9999990
8999991
9999990
6999993
7999992
5999994
6999993
7999992
7999992
7999992
8999991
9999990
7999992
7999992
8999991
9999990
10999989
9999990
9999990
8999991
9999990
6999993
5999994
6999993
7999992
7999992
8999991
6999993
7999992
7999992
7999992
8999991
9999990
6999993
