123456
246912
370368
370368
493824
493824
617280
493824
493824
617280
740736
617280
740736
740736
740736
493824
617280
617280
740736
617280
740736
864192
987648
740736
617280
740736
617280
740736
864192
740736
864192
617280
740736
740736
864192
617280
740736
864192
864192
740736
864192
740736
864192
864192
864192
987648
1111104
740736
740736
740736
864192
864192
987648
740736
864192
864192
864192
987648
1111104
864192
987648
987648
864192
617280
740736
864192
987648
740736
864192
987648
1111104
740736
864192
864192
864192
987648
1111104
864192
987648
740736
617280
740736
864192
864192
864192
987648
987648
987648
1111104
740736
864192
987648
987648
1111104
1111104
864192
987648
864192
864192
740736
864192
987648
1111104
864192
864192
987648
1111104
740736
864192
864192
864192
987648
1111104
864192
987648
1111104
987648
1111104
1111104
864192
864192
987648
1111104
987648
740736
864192
987648
740736
864192
864192
987648
864192
987648
1111104
987648
864192
987648
987648
1111104
987648
1111104
1234560
1111104
740736
864192
987648
864192
987648
1111104
864192
987648
987648
987648
987648
987648
864192
987648
1111104
1111104
864192
987648
740736
864192
864192
987648
987648
1111104
987648
864192
987648
864192
987648
1111104
1111104
987648
987648
1111104
1234560
1358016
864192
987648
987648
1111104
1111104
987648
987648
1111104
1234560
987648
987648
1111104
864192
987648
1111104
987648
864192
987648
987648
1111104
864192
987648
987648
1111104
987648
987648
1111104
1111104
987648
1111104
987648
1111104
1111104
1234560
1234560
1111104
740736
864192
987648
987648
987648
1111104
864192
987648
1111104
864192
987648
1111104
987648
1111104
1111104
1111104
1234560
1358016
987648
1111104
1234560
1111104
1234560
1358016
987648
1111104
987648
740736
864192
987648
864192
987648
1111104
987648
864192
987648
864192
987648
1111104
987648
617280
740736
864192
987648
864192
987648
1111104
1234560
864192
987648
1111104
1234560
1111104
1234560
864192
987648
740736
864192
987648
987648
987648
1111104
1234560
987648
987648
1111104
1234560
1358016
1234560
1234560
1111104
1234560
864192
740736
864192
987648
987648
1111104
864192
987648
987648
987648
1111104
1234560
864192
