392845
785690
1178535
1178535
1571380
1571380
1964225
1571380
1571380
1964225
2357070
1964225
2357070
2357070
2357070
1571380
1964225
1964225
2357070
1964225
2357070
2749915
3142760
2357070
1964225
2357070
1964225
2357070
2749915
2357070
2749915
1964225
2357070
2357070
2749915
1964225
2357070
2749915
2749915
2357070
2749915
2357070
2749915
2749915
2749915
3142760
3535605
2357070
2357070
2357070
2749915
2749915
3142760
2357070
2749915
2749915
2749915
3142760
3535605
2749915
3142760
3142760
2749915
1964225
2357070
2749915
3142760
2357070
2749915
3142760
3535605
2357070
2749915
2749915
2749915
3142760
3535605
2749915
3142760
2357070
1964225
2357070
2749915
2749915
2749915
3142760
3142760
3142760
3535605
2357070
2749915
3142760
3142760
3535605
3535605
2749915
3142760
2749915
2749915
2357070
2749915
3142760
3535605
2749915
2749915
3142760
3535605
2357070
2749915
2749915
2749915
3142760
3535605
2749915
3142760
3535605
3142760
3535605
3535605
2749915
2749915
3142760
3535605
3142760
2357070
2749915
3142760
2357070
2749915
2749915
3142760
2749915
3142760
3535605
3142760
2749915
3142760
3142760
3535605
3142760
3535605
3928450
3535605
2357070
2749915
3142760
2749915
3142760
3535605
2749915
3142760
3142760
3142760
3142760
3142760
2749915
3142760
3535605
3535605
2749915
3142760
2357070
2749915
2749915
3142760
3142760
3535605
3142760
2749915
3142760
2749915
3142760
3535605
3535605
3142760
3142760
3535605
3928450
4321295
2749915
3142760
3142760
3535605
3535605
3142760
3142760
3535605
3928450
3142760
3142760
3535605
2749915
3142760
3535605
3142760
2749915
3142760
3142760
3535605
2749915
3142760
3142760
3535605
3142760
3142760
3535605
3535605
3142760
3535605
3142760
3535605
3535605
3928450
3928450
3535605
2357070
2749915
3142760
3142760
3142760
3535605
2749915
3142760
3535605
2749915
3142760
3535605
3142760
3535605
3535605
3535605
3928450
4321295
3142760
3535605
3928450
3535605
3928450
4321295
3142760
3535605
3142760
2357070
2749915
3142760
2749915
3142760
3535605
3142760
2749915
3142760
2749915
3142760
3535605
3142760
1964225
2357070
2749915
3142760
2749915
3142760
3535605
3928450
2749915
3142760
3535605
3928450
3535605
3928450
2749915
3142760
2357070
2749915
3142760
3142760
3142760
3535605
3928450
3142760
3142760
3535605
3928450
4321295
3928450
3928450
3535605
3928450
2749915
2357070
2749915
3142760
3142760
3535605
2749915
3142760
3142760
3142760
3535605
3928450
2749915
