5 50 100 10
460309761 -799742665
-100987677 761175444
-361900447 -449675625
-631196407 -1559607
-721861391 643436364
-122962913 5884730
295248578 491223378
986298998 468191512
-169039995 374919122
-46710929 402201182
-943494268 -547915393
521170382 929707215
355890998 688700401
-264192618 -469266213
246289082 -525709890
-641836077 -325732706
-82379402 -379395953
361410931 -340978526
433872712 187260751
-772493611 -361269989
-294405253 -639802611
-545568629 -869316366
770497644 700641268
-833321830 -207605271
797181735 63293562
163557662 -280324846
595108813 330072992
-543630349 132982125
453122628 -581382151
-54568306 243370143
-916103041 -619792740
-620279119 -226432473
-806828837 -4005230
798707482 -177596815
-632932424 -578935847
-388725631 -61392235
-679257092 492410723
-460401880 -849986740
-856198467 958506756
770045873 729233651
-522850420 690727578
37681778 989802793
-392324142 335226293
-597735350 -632424714
-15586412 -699233946
-452804734 56838311
888530172 -176479040
970788749 472676483
-699565194 -370315081
-6449839 -78395682
