10 50 100 10
-59322388 -550771605
390341986 606931103
-871418394 -988685394
580794497 -673520982
343709833 -956039479
801247869 439625461
1589381 489746876
-665908093 867949899
-814872010 -882744429
972183850 -174063671
-943257937 -948482354
661478192 -170778975
168727345 625941217
886063094 642437394
442441772 -330618680
302985252 272631935
693697662 -444437973
-747410471 -693857388
756987570 -175953809
364442298 212130689
994086984 -442492575
-735116445 356229272
-706276117 -571041621
-523443072 522374623
629174039 -355557414
-111476025 -870322864
921594343 834930113
-100775498 -488438651
861463096 -779135272
-891043217 217346825
540751107 -521713780
609363928 906690850
-862860753 -639228991
998133749 521101093
-884308448 -931420642
-537576363 303751588
-424836822 -399830269
934950629 -314652824
-49722082 250327534
-907402273 506094353
-574458319 -354705270
-515269137 695548646
-914772352 219872653
-940210332 307680333
584092827 -469112636
249016425 806519737
-280030717 624531430
-763279498 -623390022
-519185518 981372049
-794575453 -213193769
