20 50 100 100
172256526 346633307
259229223 982272224
-14693453 726686801
112585283 412740894
-612981746 330560232
414925589 952297853
755222897 -470278963
-980948426 -178972652
-824953309 -812890315
-898120945 157273649
303641707 -605295618
604348064 -811746991
-588454314 639747671
-26677205 -490866930
339813275 -893018116
877900233 -343751739
-922783015 970691687
756940349 -746776056
744555565 -476751085
43285809 -946694807
-541632098 973154740
792025753 120542710
599864308 905555694
117354817 905852375
-407475179 10692196
642674017 -454042556
116280307 331799747
-401167388 120843295
606701565 -770209553
880607817 -129088778
-418140059 -442047896
659508468 899912369
-175166663 990958085
-513956562 552389230
598767853 -744424179
-224436134 -420342462
-445144393 209377143
82670715 537574274
-963309861 -385767633
-253523604 954500291
-139354040 -330597904
737712129 -958713463
164286434 -235261262
179121793 37032759
-251407281 313032667
117432259 -895579492
721526493 -512138201
801078876 220540709
-292116265 549312980
-857314678 -394884338
