10 50 10 2
0 -35903531
0 -55854088
0 -25941394
0 89068915
0 -7247589
0 -64772890
0 -80596681
0 92477857
0 48897135
0 48388667
0 79862347
0 -34613254
0 -84838669
0 71155967
0 -47166258
0 87774674
0 -66532036
0 6427675
0 71979570
0 66924791
0 77107874
0 -33156614
0 28490657
0 -90526831
0 83631701
0 -16940901
0 -79934207
0 59061689
0 27111590
0 34241412
0 -8462332
0 -70151528
0 55806949
0 -52443052
0 32462515
0 50373632
0 -29231422
0 -99931156
0 -54080197
0 -54256140
0 38163828
0 -61782958
0 48723234
0 -64049458
0 -64039445
0 -14884884
0 1352359
0 -80346846
0 -40065998
0 -91785317
