10 50 20 3
-57784739 0
32680665 0
-40372843 0
-38112740 0
-27483733 0
49180445 0
-33865310 0
-93275213 0
14582688 0
49726688 0
23692784 0
5079108 0
21787036 0
-55152691 0
-58030794 0
-52226157 0
-9501633 0
60816120 0
-23437675 0
47108333 0
50375350 0
-26261536 0
-45729813 0
53836456 0
58692596 0
-61806065 0
-9000831 0
-63785324 0
19253189 0
-52451669 0
-22481347 0
50717294 0
84446291 0
-49134290 0
-85766630 0
61739593 0
93270731 0
21494391 0
74915697 0
80448137 0
-22051025 0
-38735973 0
-13071347 0
40859656 0
37758676 0
88246055 0
-15925821 0
95233115 0
-31302359 0
53600815 0
