10 50 40 8
12345 12323649
12345 11519440
12345 24159195
12345 -57111032
12345 53702723
12345 95759380
12345 -37949320
12345 -57561177
12345 85915543
12345 65350403
12345 20774339
12345 -3634719
12345 19876856
12345 44106551
12345 -58364224
12345 97902750
12345 -75785099
12345 -67707690
12345 31607367
12345 -98158488
12345 -44595527
12345 -41447241
12345 -18016889
12345 -54141149
12345 31458601
12345 -5375923
12345 -58649620
12345 -69929843
12345 50983676
12345 -25100677
12345 -73831642
12345 92811763
12345 42047414
12345 -76050143
12345 51964575
12345 -48944134
12345 82727387
12345 26449502
12345 80951480
12345 1441457
12345 5134086
12345 -41246563
12345 -47426812
12345 -79296170
12345 -97446685
12345 17664452
12345 81672342
12345 -38379838
12345 -46412839
12345 -3522288
