10 50 80 4
-70238808 54321
24137760 54321
41312535 54321
-69086917 54321
-36898127 54321
14009199 54321
56929308 54321
11184746 54321
66393315 54321
64719362 54321
85675548 54321
95371409 54321
61535731 54321
-52520731 54321
45109035 54321
-14483607 54321
9218985 54321
68104038 54321
67771674 54321
43405805 54321
-36519503 54321
-36546847 54321
-18558899 54321
-90997801 54321
-49083946 54321
-64908630 54321
72494451 54321
-94964103 54321
-68854839 54321
33781896 54321
68578636 54321
-15331855 54321
-61198428 54321
6121240 54321
29357751 54321
17810329 54321
72024538 54321
68151562 54321
79557293 54321
-15198008 54321
97357870 54321
-25885496 54321
271323 54321
-80287972 54321
85886023 54321
88331455 54321
-26006371 54321
19100863 54321
-71004221 54321
-69828122 54321
