10 50 50 27
3279583 -3279383
8496141 -8495941
2560388 -2560188
9634192 -9633992
-2552975 2553175
-7911684 7911884
2838580 -2838380
-7775713 7775913
3741574 -3741374
9177121 -9176921
8637231 -8637031
-5882031 5882231
4583792 -4583592
-7867752 7867952
2459405 -2459205
1339089 -1338889
-7573744 7573944
6397009 -6396809
-3380715 3380915
1159989 -1159789
-25504 25704
-4368875 4369075
-1062030 1062230
450108 -449908
6772334 -6772134
9401581 -9401381
-2980353 2980553
-9397138 9397338
-3611657 3611857
6998955 -6998755
-1184477 1184677
-4417297 4417497
-9447937 9448137
308045 -307845
2657336 -2657136
-4487294 4487494
5639930 -5639730
480950 -480750
9273737 -9273537
-3973365 3973565
9528276 -9528076
5612500 -5612300
5633317 -5633117
-2068512 2068712
-7320519 7320719
796975 -796775
-8340430 8340630
-1741086 1741286
-4037217 4037417
-5306912 5307112
