10 50 33 27
4487102 4487102
6221683 6221683
1830397 1830397
5936217 5936217
-7057367 -7057367
-8795014 -8795014
-8413252 -8413252
6245638 6245638
9517562 9517562
-9340337 -9340337
3797596 3797596
7290956 7290956
-3389901 -3389901
1035768 1035768
-5990751 -5990751
7763163 7763163
4644377 4644377
2357808 2357808
9644883 9644883
1018878 1018878
1482225 1482225
8063450 8063450
-4903679 -4903679
-7402692 -7402692
-3507549 -3507549
1804613 1804613
-323893 -323893
-3486875 -3486875
7726885 7726885
-5253669 -5253669
-3797090 -3797090
315946 315946
-1930934 -1930934
4406501 4406501
8581946 8581946
8329758 8329758
-3626427 -3626427
-8785363 -8785363
5648341 5648341
-5959587 -5959587
2119047 2119047
-8726759 -8726759
1405007 1405007
-2291365 -2291365
3231901 3231901
-1718575 -1718575
-4766025 -4766025
8852670 8852670
-5753266 -5753266
-4092155 -4092155
