50 499 100 10
-749368701 366767459
193967555 -903497290
-182275959 325815353
-235814193 526168810
-620430207 -783595025
950735951 -211615552
542199384 -938659076
610443494 -211771002
79213172 -984926414
911591362 438385925
179894037 -508420372
-402114614 -602093047
-262347653 762564982
-529492250 -210344835
555307877 769373335
-397827099 520509038
-553964716 852647604
-458896286 345625762
437211363 36360975
-175647634 -206812737
-907632241 107312803
288766709 981971153
-634898603 -907776170
47146423 -913820465
348276091 -649761519
-926446921 225432528
-404869653 -475198689
218829650 423925023
-805822845 88150518
-341149134 559433170
206121888 -686321003
-121872586 -193726240
-92966841 640680882
-376742963 521388779
-995281288 -122186731
-187823634 123200790
-716156227 942768526
-873019211 -89311472
202998994 -460753761
-919928013 -995118632
-205340119 828148007
913217498 -225544011
-133122202 -43828198
737919679 -310054169
-64766598 442210220
-222880925 86641094
-299968334 73575732
519862541 127680840
125261439 376909527
-359535771 214122617
842179540 -998484831
264042240 -467531495
911779930 31625338
516738314 -807618106
-883959003 999615424
-120558278 -678346414
-848279324 109949650
170950869 -774389288
-480831234 604620662
77771540 -533257235
72747089 605729942
527633717 -141964854
-587359802 -410322028
-731108589 485935454
589476192 824104191
-903118970 413278617
466536242 54175183
295611677 386014739
-28023552 450265406
820231312 -438147642
-882268399 35763432
-438501553 -571213733
-754395056 551815870
526619270 -838586549
80604989 441711261
-664443017 -400835971
-727231677 247827933
-909574260 255924109
392186972 -242943959
-578921481 124005761
-877084243 -530529162
-342058076 -722438231
-342250720 887654902
-39524347 258499129
521217639 344671988
-332643586 681646805
-404169464 -365916639
-368657489 165886277
-379556576 507459883
369639613 -937256039
-801987977 -105078865
288305772 164971563
-694762868 -432470764
341858643 -193250975
-528023363 645971820
417043848 -403644638
286162084 110679155
729900164 -978577483
631603872 -238532801
-200295310 -218585965
-205768511 -628602899
591085334 737909906
534919185 -250827589
345245515 368417238
533878565 -937863907
307292609 -716650806
-816453801 -36041435
-29634946 118614856
-402286486 263050114
18099703 -405147277
-714213961 727967573
753350445 326404277
-800689736 -651174297
967347109 -278948805
269504283 -128872634
745540285 -942759166
-351728406 542633008
-534278607 -427654430
301065469 -458091000
650088850 999743204
443910216 -19623728
86786317 -500761308
-260012423 -799095909
-293329059 848598179
388952146 900296461
-807348623 -793761992
297592788 -51596942
732292536 299620053
872936611 -184627108
-762872300 668860747
-372876402 118399600
840647105 -604391946
-127820569 -270789409
-458447012 -383159811
-293719565 58887038
99659359 -747769811
456175987 -920725246
-894398061 -824380443
-366583656 868785843
-140595264 227653665
-870357069 -680384436
-752613316 929061709
-917340591 570055608
-269735626 -156599587
329998168 500291696
-512053048 -817890242
388329596 -403348405
835337956 -45502368
-785122767 233819588
887055918 550168971
184018323 888725228
269933397 131416936
-858133154 -200435036
-562088415 975454376
636341545 -427628194
-766486415 -345450734
-381273505 442810795
574904418 862545207
-221258550 187280886
456911396 -443196046
943123376 -877524764
-359164950 811683046
520200562 248690755
489146252 -463370916
706419325 481954034
529716273 -157206489
751616173 -263556687
-812532861 -880070516
-100391257 -146739225
349530348 -669587755
-188840959 390443041
-742418625 612421336
453004172 -90803372
-393276245 -680855882
526730016 -66428743
-140783149 970023964
-661515504 628043676
-816689846 -413119321
-485416879 -528798004
-116541767 680349179
-530910848 -738962719
-525032311 573910800
513836776 -206160938
36487874 -403902797
769321461 642014275
904295316 956130613
-487437364 -835668533
-209078698 -608741637
885316588 -947639575
-697301446 998943859
-589246930 -356956608
241825749 180682516
-45058095 638516968
305796727 -547644294
678193269 -244281149
-301715279 564119924
-426956475 -577422724
271488099 -491076029
-702032490 190588803
-836594261 -989945047
240849159 226325665
-74806333 -873003944
654422381 -924395219
-640995654 82122992
-963913026 -253366106
712389489 761228219
-653003152 -167459564
-255171107 492695450
590227672 680698497
-908733063 -120295294
944911365 -558549246
112921439 -558015547
941468451 716336181
-871597458 303775008
454428267 -895323627
-214328445 -687309366
-853709850 -968596557
-670604830 645908369
-940428270 76419487
860706746 -971329339
-178568965 470062067
716187377 14527336
-925127688 979579773
130402363 -592740966
51238740 75444968
-395930395 -600017519
-232910263 -157032558
210829098 275432756
-716896639 16221564
88700074 -413329588
503781750 -112904583
-892467095 -422305476
-61561046 424722742
-723636937 -797838629
-387597983 -574400273
-576574585 -442289900
178182958 738995481
-106347404 -232279530
22848792 366240934
-249453110 373723244
376044594 -613285174
-872762338 -609074423
614932154 -707175888
581799154 -152576108
465989172 228831092
-724350355 -388317635
-838731059 -755745096
-838587810 460516223
-737497673 -752660390
-88098227 585081661
-806182125 512120597
185827423 365104794
-658581342 947696827
-173756653 -83955102
9356251 680616230
937785076 -184444631
-462533519 960219214
744068418 -191006877
745480703 507568017
-516229591 470006793
930294951 822001228
602345220 -655781322
211967786 -342426609
-434613284 328619369
866899454 -357604386
980464632 762368698
279531482 251897993
-674703631 176436168
-500899991 209847894
805994971 489693045
431244400 -921894119
77994990 -415686456
-810682046 -552337235
135089452 -895013956
211911484 -717183425
-500786525 -412026834
772615441 926671061
515969461 -179256348
-469566835 569280956
200559818 619749670
-346795988 -372134526
-314493135 -278061671
963935602 -203607175
-913257946 551367319
-808493528 16692112
-807045093 720568260
799554228 -516734937
383106713 370564671
-693561892 344212502
510229745 -541642370
221476475 -754449132
-438135758 349866229
-515963141 -793611744
-938540370 347667036
-879353073 -871954682
305322226 -841599614
-827453184 -986003250
-313009787 52853823
-28161949 -29518147
649104949 -958692317
699170476 -665484931
4516651 -674506791
94045393 -320598100
278765010 -844248457
480941291 732553269
261589968 867580233
430209186 -421277284
217989118 236595746
-973423815 953883157
-627962747 122186796
972533494 -958564560
881380875 -108401074
-789235632 371620507
606924789 -194301301
-212131296 474579144
638190512 -730688187
-882414573 604710027
550898066 848235399
-637357952 -34216721
533252257 508529136
430494829 539781431
-499666764 348895348
-502397714 -563756627
404958210 -155161741
-37295285 209219109
134105455 773070286
396695929 314238211
-544699537 223827391
-85372698 -329850070
656443442 851353214
597435504 422486863
-40477938 996779659
734393356 928961271
-143234397 465767
-583624521 -590405776
23897257 -963984632
168079655 -539264453
540732253 -590362554
764719646 69724628
531025485 122307657
-44963169 495251333
143106021 26673014
-50894713 -204336621
-383170388 -951156655
-127776021 -267903137
529572934 -791435540
-898872361 -229039872
774961494 -952627283
-272619304 564655827
757556307 -403936538
34977261 -178539920
893663250 -564233609
-329456386 -70941875
-888250543 114438057
-206579028 -458895024
-498250919 -847413584
842733903 -885699565
411273487 -22026601
-563742920 633951552
442553825 782846188
686378528 -532044771
-649708851 -304023859
127766921 -993885380
293435145 -485892591
843571195 976126924
-299743987 -224709834
983103167 -454934637
-311650851 -718198421
-180072538 130599432
362603158 443696207
829103957 998192171
-27153391 -997444430
320204265 -220411744
-651792728 -705119202
115315759 542773165
-395957187 442506362
-598332268 -615078850
38888223 -888951018
935365835 -933536279
522792879 433354167
-66829733 381623069
-820814115 -588833210
-863851312 954482654
-233938849 456440005
-562808167 -467679671
-769988724 229757599
-786229439 -711984600
551425075 -100416321
761505216 -696992585
497202384 -916486585
-971299695 -563152925
-568907584 463638638
-230423834 -418653708
918468971 -56827476
33606552 -59819340
182158702 -646281740
-338403188 366557643
592333416 -696709210
576283496 472920619
43814158 515180032
-248218831 -716125461
191026981 -185042314
4778476 -101578946
339452112 551075998
473605500 501029990
158659600 -333416356
-502346855 -547393942
-693732980 781980124
703743576 419343492
-59013204 807849252
-504062916 503173618
134208839 -927142885
-960334184 154643625
53888673 515893885
-119020901 491184673
779538974 -382088810
-839548225 401543282
431832598 -127416858
488097417 -53903202
420025953 1961209
-503141471 288154090
324988023 761897474
-199382922 -791775750
-316125692 539691481
66687650 843413313
127244911 -428024196
-903561274 -192208777
-745364034 -670793722
715863762 -306350431
-223941085 -245486543
-33597577 -878817787
-970175594 960838964
963708327 616464219
-87905475 562609734
950236870 207716742
-49500571 -368508671
-715388169 -746811300
299690124 -918304045
-630619090 810989051
930193393 72913573
2205741 281170546
472547260 -651571318
-323353613 803132635
800798971 -405788457
-971195691 -610590095
-951442557 485580825
54355336 148506790
-423857451 -95719029
640684623 795945923
-420291645 -778644150
-703177300 -200691510
-468403972 -738417505
-824855407 22055230
-566075750 458782515
-807931527 -672284186
332167839 -404438587
802798747 -950864092
-739730857 -419302168
321469464 -498357412
39163481 -336748008
-352836567 886344112
-919007604 931665759
-318465135 194798690
160074715 10514785
351036187 -140970182
-506193891 264692272
-743277321 200130803
-991345642 -600644782
-768846527 -310281069
-589851488 232097217
845005626 408825059
341850549 817509983
77998495 758103109
967419739 -718236018
495878389 -7624056
619924989 638366314
-880606372 232552238
257491860 -486878042
-555968617 159068192
166071175 -365501753
-615114189 -605172804
-696165653 -192833474
554079916 -845379121
465558820 -878665346
-562774220 820122012
479257058 426895494
-241198056 -477233281
-795866673 -195738093
-682636833 888380657
-427745639 373243732
-942589873 -13023992
568772520 104191927
-891690483 605849892
454829788 835519580
290397623 -85923551
57490725 241192726
988113290 700541126
-49182962 -111940134
-663396738 908684891
