123 700 1 1
627091198 347919893
846693374 519878505
110293406 -727563282
-456633918 90069576
462597626 6571535
471446185 159667816
-433503832 -478626509
-155768819 974567881
375747708 880205674
568145433 -869391578
147504892 -849260242
-670046461 4948280
968730391 248365674
48473897 -338278915
-849279625 -303870485
458693716 -113990675
394136470 -50566264
525803922 462048467
563677999 -201231810
824930604 -227428651
-778255772 -148701652
-191921501 -870343781
365714188 593184366
415933957 -395238439
-164777291 -209429036
-401571614 -778347184
-405444444 719258302
351329506 -36115805
699018333 168173009
652250738 96765868
395260127 296457002
-619529794 242235629
535660427 529585251
128196956 821840115
-693487970 -41126291
921462376 507845849
38328271 -450273302
-500257675 -423453567
-332155595 12083145
-896766991 28414083
60819603 -799043048
-607770059 -515360702
-937221861 -862752945
292223490 945031762
-862653954 788910631
1570462 -899793354
-381953385 53497789
748027429 958021786
120719149 908128372
-302173807 -627163041
917067648 784454508
-38234487 875713687
440981796 583582072
-629797024 -528161948
-825856339 985755483
974480387 -300479288
940372953 -978475110
824081537 -957784515
466023654 540530455
-225079352 841709157
-805431734 -956076921
163219741 -551303405
795219107 -647388359
-24137532 988908248
301882682 -87805059
153377824 748775375
929637133 -882912205
-926058770 -75923272
236361286 831101039
71865955 417945509
-564587861 238760866
134160123 -596127038
-59780751 -711410476
813949983 129701842
889450698 -383421363
38022361 522013708
-548949482 -204415054
665397573 322080337
-210343163 550681660
-963693003 446764637
700135671 57091478
420893094 610308933
943382353 878594116
478230509 862641162
512604208 880861034
-111754016 -775609768
157475836 -210191557
-857704676 -277912903
-129497382 871865769
303956585 -854609242
-594132225 -31827220
766867598 -147258720
-174524591 622634884
-753454671 -647446817
665285090 -240906084
62808280 -458791408
679263109 32567558
-927175778 936211692
-366242163 757080713
-306948921 728864941
-278834555 -851900124
99182824 512068167
-197249271 -695042955
-70400372 600459923
136333955 -415279252
-953280100 751156065
602087336 165440077
-432812587 467986869
551699154 275375086
14679334 -743488196
537487574 931196715
-947997424 224662028
-625551212 -436392685
242128763 648822578
-817794034 -128278833
-260108327 -8588052
692106754 -790527899
-531707968 820649069
-329428264 466911408
191019860 542219314
-766796434 -362915894
256962267 -417377705
343023303 -434356153
416386985 513878443
-871846258 -701267573
-465901243 -490354447
428997533 -848457148
-743528706 291022347
-52405617 650527489
-538313910 497576330
-122620254 30065423
804892693 -771661570
150605056 323473226
-875964217 545877115
-203554288 755462167
-74362710 -375009931
956084657 967253631
-435757473 -902533263
-895361642 -923900356
-675143300 567767833
-816622518 700297417
899914078 208777238
241849759 926007949
-784728507 953782777
636876911 864902327
-894087365 63242923
794712774 -440694450
33509620 -131551490
235831048 577142061
-255411364 531378436
935105589 -943702001
587840852 -321225626
118870670 348726157
197269235 -10346891
292685099 769860807
-83083057 132237643
-131120452 586258490
904231238 59741449
-213707451 -525476697
-970067198 -694159428
-907920875 120501298
87965805 685614421
508184033 88835618
187397004 428444543
674765128 -42008585
-376588303 262000333
-402741744 -272689627
-240214159 -347607617
-834253297 920262749
692481715 625135408
109820669 739203736
-764034001 -77631425
-714884674 270771428
-622912268 16203645
-725482862 -181825263
399310597 -244987228
202233870 -933527217
-423786549 -797968447
504958102 -391598987
91324627 727520225
699673575 155573249
8634898 -593757000
730825494 557320710
331708597 289019618
-715290321 -332007354
-974493362 -220395040
-120339740 -85846582
865808824 -383378795
-557248765 693598983
-832812053 -268883002
183492615 -882663386
807954467 -668855243
-289452567 452000272
-390088541 385270420
930208556 985560976
-211037187 868304173
309055880 305247883
759456199 701145257
782622181 82206591
-89013463 -203283887
103406178 -997844544
-567217743 -142385448
346072337 -653921763
-893839739 -740219886
-885462342 -45596022
702393535 -232596117
-803765267 -370305468
695066482 756630824
-801216757 385499706
-931467861 -101477476
-262469663 593479725
584635140 -803527354
-893098327 -377210017
-249955115 780297403
-403256112 236360614
884624184 549041923
649835445 231760490
866301820 -839314117
744727866 -845357458
733636510 745725523
-509108636 513919663
-312549491 901853580
-495263712 -618956161
764601640 703370828
69863119 313397763
429412949 -626233336
313851270 603159121
-580889244 615852752
352633922 -574077137
463409697 -110535484
-810855083 -224649560
185849047 59317847
92192050 962989987
-33083075 559761489
171136346 438455798
-490162678 489747006
257519607 -59866381
844608757 843486460
832732330 -961250561
-767759248 -444110220
-524877643 -66340939
369240306 -33687020
3793446 208753060
-281470030 368478704
96667831 -469258962
-731905035 -772320467
-479982550 -119254430
355405853 63512331
-693885703 -819312456
-128249296 -112116278
-937885195 75423342
184917365 306036749
-209441202 595860599
747823832 153487260
103859087 -165782211
605280869 182694332
797847637 -591907811
-508893859 921007850
360972702 -936262447
-853920499 978137257
476504693 556250482
-645323831 -504640427
-967129896 448027188
-101836324 261022486
902502816 -737380234
-711025925 -784803914
-432990159 -173722422
-682242939 683977322
22564406 464566735
-856762058 606208144
619144878 878506544
-118496481 -488662578
-381331596 -590669161
593593058 20119660
-995362325 -501640924
852300803 535465506
-562303726 -112745449
-563095068 351121648
-132218899 448292310
-160206444 463394551
856713225 -11519908
-364920385 -477224941
762149618 -47278355
-816914466 -344561312
840416760 -144502352
-115589607 333485625
46366748 -825907557
-61712127 378000371
38100033 -234881321
-82489383 -845965950
91035025 -391952614
430460884 -894290426
515617919 -31095214
-312657232 581399294
992595427 -442904655
284141332 -917224710
-384165341 -972407459
633403307 -476163533
169322990 267596713
939638922 -329894379
358998095 909045554
-648828511 999094101
-883626161 -572411560
362124631 880429304
-315695016 -132382976
-842985930 369974753
-321515676 -24184190
512116250 16902999
699966361 33431268
176454030 -612130587
908448223 -791070878
763020721 343058621
378720835 594427887
774700537 720632988
-548101694 471006660
884116474 -474143220
851724388 -978537435
-823213701 -404890977
671919038 248824879
-643971749 542668666
398361678 267459752
918130857 -572362624
442211640 -857370821
584625705 588162350
22459699 684769086
-534502886 -6346023
131472934 380456388
170730294 259707265
-766919404 -895099388
-668790626 -831204262
323382537 -705846533
452557623 -74359249
794152660 -32347354
-487785886 -147761244
825797188 674457015
842247553 662091013
-462933298 -655507446
621732486 -903608646
-751697573 503024306
-322558936 -977477566
478615195 968093725
-307546600 468789101
-446093435 -550961409
-169673743 446770100
507085163 119610222
-365606561 314083930
-772436998 803959059
-769616227 -74167659
468576843 -859667944
7937030 -346114897
-125109153 -351518700
955432235 465330390
216489754 13411746
-281848734 859364240
150411974 -701577629
-255091840 796710675
-687997017 -832224144
-653474241 -486755406
-33371478 -456969855
619649210 -329364923
-412075812 -745458479
-721561257 -141032779
-380072850 15669936
-738941165 821969209
-442192290 372208813
546319530 234351082
-15080422 -459564931
-481182553 -491002252
592497205 -460422205
-944446421 -894460183
472962888 -236131526
-442561548 -476557079
-741694501 -819667301
763755544 686902883
-664272609 -556492715
-527901128 9916407
101283290 923665501
946599789 -332446039
-832723685 770670244
186812714 804845536
105546241 467468169
519208473 701188829
698097695 -92907980
53021709 -405389986
-340483802 -857108118
167658087 -45862764
-738369142 414843548
805518744 445606951
-796165332 -892029722
-920036052 -714871800
926466339 -194568783
-226421616 705953223
697925661 61527534
769713487 413259609
-896509551 -640681473
-86917446 794773566
232111265 26179777
230017211 -90571025
625010411 -498527295
-55691483 -185584958
194689170 366711795
957950854 -158534575
415026600 -304166226
151141443 -52589456
285257395 -887350670
-190824097 -229519982
-948986925 -539929496
-939251983 987814316
-458235749 -905945239
-453589192 230118327
-354070628 -445522049
736323921 -673090955
646940184 -474701722
-957498028 508465591
-397258358 642053771
-650084069 -634057054
384923761 165326959
-36932604 -843738369
387245825 180660742
-540957059 129634047
-708761498 -905643258
180453734 539490265
-129061852 260442219
-686261019 -586147113
255803038 -584954894
330836500 17279821
786207652 -267617751
280414230 614656811
541140252 605588827
-266192883 986648534
115357028 -982260112
-141014841 -452173103
481955551 721058861
-36764789 -444314790
473151489 748014265
308243050 82995050
592048573 434653699
564837315 208016990
988757860 601929541
-535260919 704172405
-728625858 -439829285
-557546380 900093810
621549955 -724357059
-656519071 24754089
641739248 123451903
-535021083 -540022101
-452056132 923799821
551079377 -877577768
-502754160 -726432390
-121056998 -524826813
537614000 -324444198
-502446144 -149886334
-502827340 -541057192
635641525 -792315453
-21538450 -823241132
-291226626 -76789900
-59506233 332493704
-515796719 -441019413
-584561863 -148192599
480203646 418420060
917004852 -862645535
792320817 613831906
723822949 -278647244
-720075087 371607203
-637029062 -653769218
62519846 -502461060
737382598 23326552
-804180541 575255544
669439229 -122936466
-144024396 -528091951
266804708 -286820687
427814786 -5608679
785918474 172137985
788784363 -119323214
62974578 760828462
523628353 -426434928
-319358082 -98094990
-552660447 -648559013
-141412746 538382151
309426064 -101849380
-919269442 255372085
942082491 -835638347
-340113850 511103130
749535784 13020880
591734068 483714862
638761799 526298078
-176630126 -716715525
-382950967 652860067
-685736734 876640903
-159227613 533802576
85646974 230715735
-730349727 -21564007
205993344 274382543
-973611640 202316183
400143430 -144801458
-444924004 -387587870
-967076123 552598031
-176605144 -587289828
207286938 -321419701
167493658 -718058454
992166591 149942133
30114335 824340228
-607868670 -571182963
-556313792 -152626952
-281658776 -997428182
602641922 -517622722
-94339719 927508955
180478765 -431180461
451839143 786661547
612412012 148674254
-547693944 868566236
332875361 -70376883
309877892 -472913397
-132221648 -708404261
-291772102 848571351
199827277 -822886657
-993584604 508018143
865548148 -939229524
362200390 -254931218
482339067 178744112
111491866 -852479899
882618276 146941605
-359548501 -792424641
-468375080 603957537
-360020159 -642362887
534588497 977257387
467344612 -769410625
112238744 -932984768
-66625541 -85848791
-483398846 849699125
-313557281 -800762624
632954353 810991968
829785236 408524298
555850161 957634838
-403061195 -101040868
21518061 -746791954
-316105920 -445989702
698869450 127277791
303961097 -873912824
622134503 -384258917
383407240 -878380311
873151374 649893605
-462223995 -876869148
880660834 -159493799
126179643 -109383548
462346594 -454407303
-631068772 760508076
-276016910 992274469
130219642 151955911
684648964 -149272809
627273660 266033304
879271508 141454847
-944251285 758018324
-286545599 316066663
42296973 -189509603
275163856 732936143
626467277 -552312073
65465083 -62452658
-737784982 -868410791
403773747 -942116889
447423864 401233187
-645534480 -564393470
-161124203 366691408
-756333275 -890108693
-971473354 -817621356
-494900012 -637965431
-724120473 -180958690
461487597 -210796656
476873130 783495381
665504729 -665802878
248867213 -568323278
171538901 845506702
-226408096 806619293
-951374013 544978424
-169855520 176859150
-283844367 781604430
857064722 481189531
-941643484 -509936539
-716808897 -815500911
-438755012 957318064
-433475901 70345310
411957513 -955258221
-672493699 355062025
195651247 296575684
310925691 -821800233
-241525305 109238536
-972742381 -171133822
259178650 954493106
-39523076 -485140240
72480649 927082490
-917390864 569564067
-571421248 494748170
141184164 467337719
-973838558 -227107217
-386060623 287774617
-547750388 348925675
-731173105 -165001786
329683669 191351390
-135102750 229532422
958795687 768257752
-939944752 -842898512
-357270926 -581205520
-431481891 849835583
-386060735 49698051
155858914 862435845
-512447621 907102420
-414398312 -998094608
-835922837 -625442139
655973607 -94787782
-338096428 538034396
769544371 604149883
-877928731 -272215654
-853295484 758176232
927706244 576039973
-403254188 -53734219
882451429 83522169
-39997434 -252173897
-288624572 -340495578
488516551 -763357568
930669703 -490358264
884143632 555360231
-572329711 482898991
-425521162 128936583
387706387 977122009
-673038337 389383207
572940191 257333501
-575778630 570700391
892084056 821085774
-68115660 -738916283
-484639941 454756452
278959840 776633020
113795202 523180774
457819116 765882712
-87180203 -93267906
-2682970 -541899158
-658672456 93596088
34899862 -73914256
189315995 602766821
-177628698 -453540210
-588756792 -352531466
-198516659 521544128
-184677018 -255324034
907231773 580777085
114407004 763101703
94250090 348327980
449003264 329441179
12852035 -101918868
-449140321 952681400
-280833385 -979888749
-29005365 -525790365
-309602323 1303134
875569862 -969611909
75536897 -694440815
-278509851 -535188557
-94372976 125190884
907339964 562712011
-163111294 -210679578
-30662297 212845136
30072346 -55128113
-56634155 689552299
-780254874 -81863634
709573741 -854298900
-539402497 -871492007
-44875703 -55455839
594510483 661522549
989483188 193071210
810425486 -854979680
893182452 -369276235
-793970702 669977457
-748840386 162185817
347931996 615186703
740332892 794134214
-197077093 -854927782
731106551 161145166
-574656560 889987570
320477373 305864053
559574561 884928195
21306564 43018813
-929831736 910688019
-219921976 120974006
-334225113 341845257
-806085188 517559483
993771416 -602901470
-394597625 954988450
-588306916 771222383
-50927317 391699626
316503895 -106180416
145559450 248193106
978808314 -305500808
54847162 5374588
-251122783 -904881212
-654137163 967654101
633009140 985001339
-449026705 649382664
-384690955 -802429789
-911281521 -628725132
395061984 -600496637
791680067 811270432
-980480460 454199713
-754247462 -796409554
