5 700 10 100
208858435 -88182480
-741696379 -598682057
302405447 -859933395
937288158 -246462103
-795089487 -134853263
447084098 -170140707
-763893621 -837779544
-997887282 -601347509
910455654 -542876932
245671016 -584446448
-115585375 675336017
-204812484 -244648028
60707533 -231676933
692324080 -105374276
554054724 856661649
-792157736 -159008814
502570930 955602398
637779411 -16632052
-459699617 -487239803
162146685 973461792
-338262181 -965682213
-575163120 191497395
926321179 -498729321
-226187078 251509447
-538082133 639410839
-211619522 -434433723
-835382545 795794037
409477787 380128963
218386246 -296141978
-915609860 835012098
815434177 -295069630
-758790897 -276119469
-67469058 -727680191
406382067 -279583018
821168937 969229051
543495428 639173785
-762022411 933663821
-925277918 -547351967
-480046877 -172371943
-843057471 346975946
627542581 -285847451
666760918 -698053901
-513257180 177754410
-648023029 -7199512
783334862 511429636
-297177680 -399633565
539812944 491272019
924040011 -132830415
936413386 418454406
644057224 -445355330
699122998 -480010350
-139631837 -316764590
115381920 -186010087
-20077174 883715713
-183259791 -308079610
-562320434 -459552510
748957758 615689092
360259903 8495388
-338152672 -613648009
692784909 -684488374
909523202 814575696
-82224821 -985107009
36904702 -867158328
393070928 -255534461
592489973 -58086711
485288154 471489795
-578828362 440336529
-728154340 28817773
619322273 -408322001
-967683828 826421062
-519838543 -548571663
-853472762 -783618048
819212414 -560928600
227726946 -381703531
-295607665 99843229
880195582 180084235
-762760772 4036243
-882067353 378001321
211751864 -595951134
4535256 -255208112
-941881620 -463313544
-706691880 -696861939
780941724 746003369
-612458767 -988213783
128277813 -254100635
-628436092 -848111746
-162138054 601406968
-905253499 -759771554
498219137 254427734
81034084 -157443076
195843327 -21718478
-395699813 -968284000
-87144441 773002577
963443907 229329406
-508534482 14058663
185024011 884802943
993242797 -253313844
150019613 -187499690
257844293 670304413
-773244551 279160496
-954372805 -636869283
462785255 281804635
434960689 593921635
-449575948 -760542217
274016314 -887853534
830652878 149453906
898152779 847559695
329208615 -903886554
-440905289 744585869
824822764 -101916651
739275677 -966377789
567592199 837871726
-82228570 -114882297
-455618122 155869887
-122769397 87920250
15967565 -737611434
-873431160 -328977464
596257616 474178301
-856707871 -912961719
488243640 518886807
-601673435 3241021
865844834 -461419977
-391328122 345487196
-473221956 274728451
208294146 -590628489
869445211 -435995974
-171538022 275787546
327029732 -279716194
428682839 -390024886
911298491 702593892
-845383854 -531905020
443749132 669521789
-886594158 441599153
607936292 496154406
222426641 585351021
738321168 -842614713
470071123 632679702
682345522 -708972086
979539194 -696560772
-340167677 -205654859
30497382 31554436
459261482 -162467691
481023321 343636375
19121647 -502663133
-85711722 -564432053
-454219309 642764843
123164766 -1804173
148396050 274529686
914282982 -408130951
127370904 95755129
-924793273 -766692633
-594286158 -489461587
596128957 -794793576
765606868 -50681717
411985313 -325159089
68060325 -786762637
505019877 429865376
-727743052 -772461772
328766983 -673045880
-685994205 383120679
-421618936 -801342035
50950965 789288082
-356933779 599658019
196428144 -884232315
-545667086 -482147233
-717814732 849734612
-445482162 66168268
-656319115 338120154
-668368752 -612619733
-912345925 -71502762
-964661828 -3591172
-675721370 -814451448
949379776 682836699
758021535 -194199131
-771989556 360322583
-982652240 95223298
-188350738 -419877650
-442946380 785103079
-671624720 803031782
-603016593 -326032429
762539840 -216718123
483003934 617273504
-686566940 -725215033
747139717 502354239
948589462 995413491
-278640450 138869429
-565509917 249413833
385506839 -660560144
663351901 -144422697
-736506073 -751274474
427760417 -649209543
196297703 -30859380
-914729855 138377746
-238243011 -196926423
719962566 -895330186
570799624 -420447544
473789183 137382614
475822435 -773370170
-320649881 -164183062
-171248968 108200288
-735575340 506981683
-903579571 -274492294
-386626075 423184335
-992278712 637771431
623746686 -704067347
439857964 -79663835
-882994101 160331998
796235961 -984925129
-962213440 349188496
-963807259 -177695552
-114673328 -889907794
331294641 -157769724
-353785577 777747467
-201774712 540419951
512338343 -755745968
-772018876 924274181
-293689660 -955155835
622089719 925270452
-355247405 678912795
816860158 520721487
229370056 422596492
-613711590 55828019
600504720 -182699380
370874214 -900390488
820740633 701876155
737331162 -117847000
-123665373 -470830413
990708702 -190598440
279504522 -388329748
-881228831 -683768077
675631107 221434209
-59306744 418116774
614659019 -471614922
-352916209 453442415
658410817 192634498
-940121005 572459419
806749637 341909908
-469077086 550728641
-110199302 -125202536
-882028937 -750729872
-978697952 347454555
255682604 107580460
997910742 -21540097
43606492 -114432686
-219005386 -63439997
564199650 -898159519
406536090 -687464634
-432107701 918633661
838906612 -962913729
132521847 335416742
373403359 216827419
861483960 950606865
-300063903 410801596
233215563 -349890023
208482932 407253467
456170262 251358395
34571611 -425848280
-863938533 -87976201
187311130 -617267454
41926527 884676743
725021326 -927851194
687957916 -340096634
205742917 -839215936
630920852 -413058396
-547672582 339872506
454349605 -923786906
-989721567 344045144
1921077 -751436413
-653585628 -678873487
75367247 -857977674
-630276714 278906301
-471545093 -595654258
477234908 -624907276
-720696299 -275486057
640464163 -202602713
428146799 -958406934
-796861495 417603388
3133356 553942801
-655757073 38331613
-821496120 83749830
138736200 356272574
83940589 847182789
610737507 -122785392
-58861078 -479206502
702679423 -115947198
517405617 452422983
-582359968 402319992
-374968758 -328669971
-490060680 776435430
305909737 594050727
55003241 589095149
62563048 -311924493
121974160 -194459062
-744898691 -1145830
-580419110 -129878257
275436823 945171809
-276763393 -855887380
557137748 793962696
659904048 862665390
-824081833 948200033
-180105698 -743161587
-60629782 -529396380
376740504 479661752
-233177161 839162691
734337603 -789860797
-152858730 -536402346
-125665868 -579817611
-200382193 133959454
736352528 -841633675
853170570 -203671889
-498255893 -432355011
76005763 78812563
784654552 -22541511
-447172836 -785010131
515452937 752803730
-672295613 876112381
251703165 -288447664
514182362 -92329660
-470076613 -783746879
-788837673 434184165
445159920 -922255375
338114565 -36091070
-209711365 -724052124
-105210565 -784334247
-807538008 -94372082
-765828737 602235804
571895489 -255678071
636364352 -940522641
-957133884 779552667
685198043 834808742
-657511004 -259217606
281903008 610762817
-105121894 303825437
-80500876 569288791
-277321517 268687943
-191950854 851541478
46996700 520861687
554007032 -251396985
656974067 -991517756
792949654 -452976338
-971825465 698619485
168102413 512150166
769893693 -990508864
669283609 247398440
-739259779 536529650
-453277337 -278594363
806645343 -569870752
-971911495 -799502756
-206106107 543136671
-725505848 -305895960
-316225080 395615537
20398433 401148544
-148128859 78037504
571212890 86711033
284421381 -559292684
-725300442 346809830
591646106 894544406
225191788 -37719790
819041594 865857278
-670395614 -632803854
-56722953 -848536598
-385616741 -138268735
27277289 757213148
119270387 -308198831
315897976 -102630836
-253383772 -804505130
401337959 -23471706
458655753 257603124
-216519572 -34476680
720404563 527736569
-414976799 902376157
607553828 -47134741
756412969 756316052
404750920 49127222
452366619 512493709
-966940914 107144478
176861816 215012606
-881996345 -39865866
-276449919 472434041
-589078554 -138987603
-729105330 -888534305
555484469 -827150782
-9068662 84261307
-995191216 89003193
951545825 845402310
82511562 842548321
-958432765 482508591
760146009 664054857
956029789 -894283172
-689590348 162448561
-662385130 -591842253
749321951 -899057497
963267982 -555053127
574490673 -628409919
753726946 -511286127
-49138459 929779295
955410830 144178544
755838208 356436573
-394338526 317600847
-502243534 -995481959
-785231901 -423744666
140157127 66154890
201363346 -421398588
-837053993 217020947
-299691738 -752492535
464222952 387257279
-778025827 334059188
186494858 -806645216
166016586 462512677
-310947187 172675409
774177398 -28776137
69097114 -124781682
-925589431 988058223
898921319 -899610310
975620755 280929045
-217515810 -982308907
485535646 -619454690
868804863 263681250
-182975467 -195229206
168100748 -823073799
-658759674 410513129
310364682 380506699
944631322 -700714335
-213963897 679424277
-814624650 -802224585
560009459 877351909
461201452 -770402736
-64759921 193611482
-715471806 384356624
-618222134 -11066975
-179720228 848069890
417444312 56453828
-986329995 -808362453
-899854966 -546099028
497475929 -335632419
474215609 -801661864
-2582067 79830113
725005063 444397732
997008005 613790665
-272877787 -96062796
-94808844 -409014781
275369261 -885277761
-398222618 708337092
-25934616 463048520
-925672525 476260604
-762891561 291808941
-572647867 920500301
88129906 895993913
-486950241 219611327
644182988 427342365
58579555 -352533200
157576890 997957514
-533990023 894450282
300895170 549531147
-2101284 -296741069
256613324 130116647
-349179267 322990717
546106882 -371182486
-453088286 271968890
949931869 23852194
-525901562 -647021190
876496161 338164887
599643902 699792993
-883628851 -331072287
-805816078 904535341
-844453216 -935121751
-377087684 337730362
-786126433 -65241146
339440784 -879767109
748271245 845489676
791504094 654692207
433181018 60975147
476170093 -833314996
404773137 919258443
-332081866 51741019
857548665 118991564
-634226801 -627138540
121316157 -870108333
-607070501 564100048
737706373 375742295
-574180233 -969747010
-624719438 -669395123
396100236 -26107834
577476492 -162481297
149526767 240761890
327029009 -176604198
-459380219 -709097717
58809791 -776531625
-460686292 24133966
470770394 -961740365
358732661 664671850
46805487 -38331041
-659203453 968028026
368345819 107761261
-4713859 -705997107
-696094977 337333692
415410612 -738610940
-271160169 698146157
80973138 -997716606
-293496229 183150698
671425754 -906503554
87774891 -651754465
690929884 69512571
-290648767 -633183456
-608206254 212336010
-67905007 -231036919
-294441386 984879222
-402606907 898443780
-202837396 -481689259
515724664 654246864
-267564014 993613201
-503104983 -673438484
200666652 573230818
508816311 214556365
-227918259 400300968
334658986 112443259
-704078206 -752536598
858616435 -568847200
630019988 -518630907
646215943 -787320087
-416032819 764753892
36279507 85152134
-187902464 -494071112
342824743 510301213
786381596 -202774799
-42347403 -147121414
-329108929 -230509609
-355660725 412761397
550877227 684515486
899242605 261302534
915973830 -30829276
718070353 952269955
78809811 -86660233
526400426 -711377928
591707188 325936328
407382107 -781509882
568280529 466682319
973711531 704840537
-984498150 -146073134
496913530 153242096
-572923116 421668644
463592328 883681099
201265846 -636384563
25459796 -583415475
-732561792 368100204
935081949 -379574207
-234915401 21887015
-801943093 483739802
-430818239 45726222
995248910 -839974175
136810918 -695311143
562196284 741470045
-238924260 -548515572
251461774 18027620
171132203 916236781
-622107879 -191170904
933530602 609258163
-780341425 -655471787
-134405056 818895027
825116640 -849832285
-37475864 -295830456
-284495461 698387633
-938822496 -137282031
105086688 -982951234
859479970 -245805598
821960578 -909554048
514617573 -723303681
603550350 -548395578
-334757946 -378570494
-423658507 -365239178
-42128105 -761095061
-847063138 -960556454
907217849 647113452
-958951781 124477801
-544458202 917402975
-523735805 -815515959
-212740510 443607447
-582852436 -924086988
320832443 -298356311
-147850547 970883048
-460504902 801308667
-402784842 -585597866
100741431 155459834
-926365291 -264923917
571765259 -975987510
-463010179 -529075132
894712104 -472153145
-13628107 715855596
439946405 386049885
90600146 758250956
545894096 712526903
-961919146 119544975
-784892782 -203693656
-190023363 -826851045
-960071646 404847081
-769379134 221847834
652044376 347357290
435067530 -437590853
481960435 -562566242
-922490254 -210117869
-915572874 -352941866
310266006 -589633192
535688573 -559513160
-439656682 412400609
472263037 -490421558
543900395 475295586
-978786563 890267202
82879143 -286954263
-440514557 609457446
-193921565 -620157141
974639351 344683107
780922069 566922469
-119409015 -442453557
342109991 -606350502
-120716240 -721149696
17315002 -530278499
-306163217 -280108592
196351824 337071086
-786281756 923077839
-27807308 -856308291
-326358057 715497455
602865116 -532905151
-980868219 754541859
633627576 481424146
343035056 751488871
-629421310 -694149576
375666576 308673954
463958998 -834706643
-804337204 -992865294
811289967 -149675225
-305521731 827354916
322625617 -568686400
-448860809 -512843926
-477807343 197811631
855868458 -139126266
-562362473 -246361784
838361749 223403815
-479683580 -89143266
-737066411 -387701179
-553154175 -888839470
-837939529 -147679169
-766519794 614501747
686789400 -911013733
-440673358 -359019304
915612645 312310507
-835402301 107327257
275603075 62021522
351968489 -798639698
-29158744 -931844648
321675441 159720625
-451090302 699696598
-414678331 56462267
730358634 326188817
-199515798 377117926
602583500 -266900899
-36803697 -17984830
446586760 -28827756
205510995 -868590175
203062078 76152347
-33105345 -744059639
831118632 -242296011
837520248 -374824334
724236140 660442863
-462446851 -249612382
-525238381 837642984
-953980962 -802494438
-273995955 -610117292
195862870 -165084859
78006107 774402776
-178833944 -334279275
-135719755 -318059224
119821205 105618239
-333286481 -645402715
-139916431 -865894902
-775897829 -392857217
669192932 309616079
567871036 -495957718
-955658778 581323382
-703631580 -349858243
447148462 -281793532
589516484 -546419283
442542534 13449270
56071653 -602675527
84796596 232337139
418468983 -911500033
655787352 -571058104
-517217393 -322382165
-54043681 845905697
291460810 649730446
797814143 -566664930
32012987 -481339560
-923372865 -260141154
-914274060 221055909
-207985149 385367699
470608423 363759761
-569193125 73409267
-253352214 -529488541
-120422659 -852576930
-669929729 -223289160
639011976 -871513490
