5 700 1 10
669788950 44533524
526697598 -225760375
496129628 490408476
462216821 -777215819
807511713 33125653
-254662831 602562826
-615460581 815118298
-34416831 -917961894
879624622 175457949
449776058 -463444885
-239462296 529477495
654964411 870714665
-2701465 759506941
-669970195 361832053
-261714334 -276842498
-724995439 630433031
788930925 -774061424
-787959638 -560857225
-975484435 -656988321
397288692 845537509
493995118 -189297308
227759914 254762665
-633305800 859741348
-385620082 477051024
229161944 436881637
710345426 -182872005
626102950 223851688
-767831511 -892209490
-512476232 358063888
-391531504 349655560
-116586822 -94675590
792061314 150575612
-888567762 -353236117
11147194 339138782
-128258297 895237167
-384180632 -190994771
10516082 725662851
498128818 915296307
-138849921 -807340480
694911929 981087413
-567387049 -599552438
973981190 696641889
-588488184 -935487754
-762862802 767859912
122548683 -968596564
815045533 220651975
817256176 976813637
-776933354 970753517
-733745663 -819000803
237189329 -569308430
-209040612 738707928
-703911427 -182818660
559500280 24150232
-834927927 -241885857
326767938 -915882158
625199333 899379453
50759297 -649383060
466726056 363789139
75205534 -685930362
-675275766 473434710
-884943180 -35553344
-297878959 -422352003
-659720932 287017351
235082831 145443414
-331221068 -966815797
-98122837 -191581255
277832953 -115585930
784640439 522509191
-441175144 127722920
625698876 -747364296
416214627 -799099565
111336576 388992801
910935889 -168030387
320028201 -118542092
-349928322 -778882983
-730942991 -269269413
-493784610 -418944178
400984172 -111640134
883838131 265468810
-239293981 -669345914
-577582301 115167605
212084573 134083144
791404363 557935066
-507835568 -604548440
-135853229 -173305278
-1703471 265679115
-738310250 -170376229
-172569404 -669472955
764412741 658053192
619916475 -337205013
284985910 541147671
241970110 -636046691
853881950 319389962
-448814733 769712055
790587155 58013902
-811362739 -533247852
-175414011 198987846
-754694118 158650074
695620783 -744069992
311375052 477524814
-416640123 -612895346
-589811002 836762476
85034603 -80345149
384201855 -751534034
399833034 944992786
612183238 545304086
-433302609 888144927
-182776417 131597559
8814 -869760462
-643969356 -929069801
278442769 364184041
-446535130 -213069752
-705566115 988034222
23257947 -561183353
-489924847 -348499900
198689642 944917204
-809468369 -766917222
633615103 449903019
-822684810 -874337728
98523034 716414071
203034394 -48465591
881228869 17684021
332798471 733428887
565007485 88746438
-693892641 593118042
-810734969 231593162
33002346 231030187
878700512 -741558864
-928611607 900744970
802186390 170036116
31974344 955865946
636208623 409340547
-88084409 -282959197
43838090 349802917
-737966568 -64830695
473688701 -924636028
797391084 228992439
-415863310 -20942083
-591718242 -240193748
146171805 841391151
439372880 -759276094
-589785473 -34288519
-429340986 -485345023
-55423173 128261123
329409291 367421258
-713896121 194933213
863267228 410631313
396495585 -346259715
336643308 861431178
115346803 825605522
-406665993 503648450
554988937 -621404888
-42488901 -723768586
-253848026 -765954562
580633937 -386718307
-822206145 379085992
837812076 9506952
-969232029 282396117
-24527022 -210314211
634429761 845528352
-393576073 -233073389
-385946865 860568314
490785685 -79045710
70075254 904095152
-636864068 -175890789
815919904 817900306
767937475 161367076
856294301 848390178
826736654 -484126934
-42030822 -437941803
-962665587 -117975948
276845611 478966004
211692205 994401635
712813219 -963420160
-629152893 -368383309
523431031 -748332411
-737477698 -72970505
420266445 -461374714
-558649323 809818691
-613359613 815304930
94034632 970693206
612786428 21492181
140398143 -95169972
502073364 -391618975
-529173769 -411935367
936016560 816438793
-511315741 827944874
142070190 -89638400
742748959 -340984483
33755981 35968681
99036151 -348102568
873143484 496817729
-381235011 -760533007
33803831 167299806
731621905 640140451
159177913 -474290907
-345991683 585171193
701279332 837771867
-631194270 127090529
-344263849 -576729507
-529042306 198609534
-773235459 317561734
-245877492 907266112
98933637 -889396989
751071067 -12026502
-854433740 290724386
835828742 222073921
234183996 -196431780
-641931739 339200247
-27447364 -960592959
78462792 758349083
-750709662 -287048824
-692428602 772437730
686549737 229841407
580374628 -637903862
-239040038 387162407
294924269 -390894883
-409411667 -761002753
-88467650 214276022
435055807 -183066005
-788616384 361764235
-640151217 945886237
632691739 -95789462
-240556612 751238471
47683436 -862246367
-59040679 93812872
-774576206 -70681358
-418661695 -458835832
-959523630 -161137939
-276403853 -736677508
599279090 -145244552
-279251921 692508594
839535302 99629318
-33388783 -237993922
53318839 747492899
24007444 362340069
-505174902 -352014491
796877548 492759134
167859078 -534765365
775831546 -861424355
100477543 -482441856
-112907957 -497815252
34264190 -323449433
-906371582 -961579562
102669240 -543841127
707173517 570085185
429163878 -994096967
-138482882 -567071398
-760359845 -994426187
-304839754 -182295298
-375025645 346986147
82296717 914063678
-745282100 -998587813
-696409736 -340326966
371081274 -739619769
432483797 -904753399
-95292685 627961934
544539388 -959849819
502768656 -140815342
-968020364 -688125601
989921849 856489083
-81895725 -202812450
95011725 827316647
607224523 195141921
-428764966 -561237057
540178745 993425456
843185925 443121066
151478757 -341869893
208642312 -177303464
-431603140 307439898
728714951 587821580
-324539691 -448305886
6483013 467590218
-582506879 882922258
7095283 38363274
-137688997 936278466
-159884555 17326243
412719625 -301935830
90520821 267431127
-376335227 517621699
-933759756 -705079934
-678641311 -68167640
388597966 579833675
141462967 484697313
-993893568 -44718981
785627315 615017788
-265953958 449207662
207499075 -767908751
-976272773 85218240
738208620 944143963
-260577315 897071947
23929729 -491488813
486501478 958631570
421310117 -698129274
797846832 430745340
6024732 -174494758
833799832 612416623
-161659811 891391207
-816689648 -129675897
-850484218 31162577
-319997423 843782280
496838980 649707934
861752162 444932153
449140097 -9982467
92228025 -259839456
-949594425 -733620119
-904419334 -303590946
87232583 43876147
917997944 -626743006
-72187011 -967866601
-202780684 -931853075
-574505616 433916880
-526899225 279431212
-39247655 -644340328
432859547 -499936875
-575074329 -11952681
-215794147 -758240966
494366025 -829131126
441973662 763292434
-625104110 892795123
459830389 -387816536
-664081870 -973093895
40318398 598237090
551292100 237385943
712879129 -582285495
-656004953 -447710285
-902571420 -763306387
-516896687 -84792493
91481552 791599495
-514075536 29391496
-533259380 105180543
-842707960 -565457971
575585542 -826255337
-189660170 331187350
83389709 -315556982
-226489761 370420582
30473534 -152595091
357948328 513457372
990630674 -255216934
-434396903 772436072
566625151 567897059
-469411291 999801164
985052653 -139601381
246960209 863416909
-786960329 433132422
776886958 -494058688
-337931547 -902869535
12780512 671574233
342663023 -101801581
81497602 -453518449
-651550572 -179601700
-401723432 -897648653
392418970 655017952
691730508 262097471
726950396 -324044441
-153469155 -185146378
-363124344 57795447
154785994 -492124888
-927368820 226363608
-96252033 -787759833
-719388223 -213878621
-366153748 -814798569
-1020072 -840422180
-149195756 353426182
-596508138 -480500140
-54593493 -617245768
-587586170 -386543322
-404183219 112823829
640879431 850167478
654376869 -587446388
-273486223 980999716
-351638322 219943543
-815123941 -393588084
-465316530 -324772050
416400729 18118830
508764820 642017772
641967759 321381536
-68404642 293818402
-525322713 483605863
-89516227 -595470132
931031808 -207037914
331599151 286043869
-67460268 522158967
96789928 -433522423
441436799 -448935598
-123931586 798512670
-564116437 465820842
268774164 -275793915
802550455 160459057
-181687058 -310672097
-646236800 353003214
461688675 -556864709
464973488 238862680
-885876604 778694493
769708854 58938824
160571143 -462320118
492730375 34882876
309349656 -876856564
553242256 -422404962
194712523 -40498821
323055839 -535897886
-717007918 -37229961
-782466200 77949698
403993328 276265572
-54594774 399419103
211126794 -279397997
144026804 -1021042
-218049749 893304972
-79159671 -71596472
796393287 -803976433
-322397552 798937087
668987777 -994206236
-249905218 904171337
234467759 838135477
-223408750 748363669
460230277 182071035
-71722186 -254683682
-580351400 -918538005
-259816013 -741646569
-863947580 -128167113
-776323360 -424207928
152473572 -540667747
979372434 62604377
980931938 144936438
288593525 600965560
276809257 105360432
198250228 518129222
523078473 -62143869
-129255437 70557333
-544657999 -919133987
-491794173 -459042720
731751035 -882357305
-258689363 -137265118
-973692262 -160661219
930682388 -298100000
564229558 450948785
-573328138 311041598
561161435 267408308
720270125 -990330142
-470647117 101152225
-981882274 -947870539
127849108 757904865
-290973870 154385560
-700424829 179314446
821581425 612981662
981668297 614360294
-407908066 -406826137
-115755327 167784939
-770582141 -256827452
-429935796 95532563
-144725959 -190112345
-751463958 -501105589
390678744 367616720
-282595829 -973151076
987743659 -511322945
-802151632 -69247298
-584734381 820227302
-699359956 -391182938
-404870416 -862080281
-478559611 -874756136
-832772764 -627912502
21630009 410198468
839096699 -437568303
835493209 -364249995
-3494175 -548848698
-403229505 -822212078
588196208 -347377437
773509137 596549277
-38413080 -358001698
936285081 649596557
-847390731 -945113728
529621191 -645143198
930122339 547860851
-423215580 -768027741
464879796 -851866774
-572495375 821381411
-71048632 -880261335
789308061 -397027386
-61413922 306569561
-798816535 -829234815
-511500941 -644628333
-78589731 -183221916
725525451 766191060
-233511845 -130420332
-637127031 962101721
-212719889 -640257657
-542345899 426146318
930269303 260216983
52189789 571833313
-252076488 -767251790
175828445 -175232702
-294572445 262395247
376704372 329203523
588752236 489120402
624214233 66909008
281085163 761657989
-732047514 -946278678
540865669 -392024104
-856222184 -583280701
973659702 811497874
-175839388 559998145
-547693249 -884460465
246549468 374307630
207164891 878112238
-46370872 -249882287
382092040 853547518
935586314 -938546559
918254390 260887873
-464266952 -323589604
-63048307 -371225976
-288728016 359608624
-406063779 351290881
443714553 578528031
-555730293 324940135
267076613 -911794148
-380121343 -250284438
975698789 -91519522
590958142 -502436791
-22411825 -173210832
-257427888 -565738174
739883945 425886477
229694615 -282891449
-288893775 638909487
964397983 585089644
156995117 -327613012
724819964 -695104366
344938251 -418068142
792694542 -24136298
-448169249 -111274261
-337065647 -866658505
798801487 -877598226
-788439051 561423938
-225981450 -638547677
-727606612 -21213176
-19665003 -286179759
-757072937 -583637547
-797736495 357095577
-125510292 -301943998
-990233031 976662535
288828981 382442032
-197256981 703674268
797154458 547760647
598951204 -309346832
672534208 546974098
-493674268 451010115
-295963631 396730375
-902715 -521835002
-947751505 568582238
54437646 -300066104
490271219 695650727
116373002 661697880
-516392281 468254626
870996906 -503926354
755521004 220651192
-361640212 -227585540
51804603 -383002551
-906541673 -79228878
171288359 -438966245
641756026 265080878
-47821365 -601502523
-844459624 -524818211
-322806109 -508085613
-200867247 -61972281
-802320549 -691656065
722819318 -900802213
-934497573 -491368998
735027813 -702469150
-699414466 536159473
-213554513 -491180588
-708377147 325688380
703035427 -112510479
-882855383 -483634178
-495699209 189894706
-753381886 -815060103
505079459 -933533388
-891467500 -974757357
495260514 -239005881
477556592 33913216
543114281 683044379
-753793687 -670704609
-742305084 263436924
337348662 -51013415
-624403009 -20278247
-170698895 -927918461
818046809 -649595449
-544873661 860916920
-886228221 927052441
817341946 796551334
539339101 -784539512
724280566 221037132
107058956 980674175
544086323 273165648
812868522 236727298
-181199673 35325049
-655712393 990378570
-821663524 -343095412
957114105 -329641750
106215944 -283686432
-659680762 37053727
923326694 -184825839
-126766115 92708841
809917913 526397591
354556343 461827637
270838559 -888408967
-451238940 -395617821
-325418298 -155089685
-840018924 -246230477
-609067121 -635283639
865659255 -916201660
91229171 385739594
-117656489 -695234703
641808160 -407002927
116667156 -675543801
746344532 -93152756
686907791 419443717
581970152 152533939
691205150 167436477
-443951100 200769362
608637876 -205201026
853504889 -302843632
-720492538 -132715209
832304307 -974006957
-774816725 -81708363
-980751708 308326796
-822125063 -903347049
927340056 -470707308
-938561841 -205865865
-29149950 -710597016
243906902 657690768
379966823 -377804935
844358500 559981601
-898762088 -476613780
377333944 -316880243
-538278502 307270718
-302982293 788671896
605426555 345973019
-216255855 830300124
-913559720 -711773029
420411242 671499795
265119863 112276492
678749854 928310333
-978841958 -28845472
-61287133 -949543228
-18607451 71004416
913244200 162725180
544910817 87621316
-90360344 -375119411
-495316512 -748455902
189775325 -995236073
894567066 737125880
209301412 -429416832
-882286990 948562857
767828200 -725072219
-661745957 283545938
-492797353 985543543
-921166342 -557196967
-288719054 628663638
-461422623 465983006
729463321 -282775587
-101572932 -501343272
-959299775 -357828258
-928801880 679180750
703658168 517060307
-667077936 -171470204
-945230671 654020345
884550870 -267714375
-954122178 264581812
-944243372 -843255820
-493932756 -581842427
-160963084 -501705440
-489328685 625539509
642212001 -988341753
-8613029 -731035588
276999939 -718158159
881009524 -531512960
-647831689 -196273356
904683737 -548020478
707939133 529473515
-152626252 633695589
-373103805 503863384
675830060 -906434547
-672844328 -330711215
669095468 -211524550
-350842811 -720107775
647867570 -312008727
-558413244 -618656130
18193172 612076114
511269464 417425993
833018348 790308397
-193433680 -540814623
-118170704 583721211
710241911 -290770790
382734257 -320998203
961410472 -160321553
-558703623 972944653
-321734823 621505522
-872124367 -451688381
-587298490 119309985
105229918 426474382
972576343 51170377
