10 700 1 10
764252241 302911519
-446217132 -403300596
-869732880 -672683607
651249500 302388057
41333930 -329167439
-83551368 -44503672
817152587 -917434511
947309657 990755271
-233113012 -555406524
636344403 392452103
711302593 781708775
-706524044 280216436
-816413131 -571144717
-441490743 -784595898
279376661 361370850
684134679 -657675601
739481208 526608013
-897166466 611729046
594889339 -715584247
31420873 -950694026
204842274 248158209
-591758794 -38484414
382194124 968669662
-118915046 -825784736
-471615417 -508355934
958227620 -513827525
-206506885 -216812222
465891975 -459329778
-115171655 852609681
186360759 662246469
271400777 -349337170
-940355415 879198165
-29811945 -412445698
596501109 -353570859
-441492654 -464020036
-70657636 731447626
950821898 396700022
88787373 440233951
-201907988 814137767
26045350 925773721
276575465 -98747922
-974052237 -213200180
-799636773 -328550438
-561393603 495871574
-924589682 -222185758
-396467198 -694404537
-551727773 910009606
-390645355 380375397
359117193 -957970702
551515381 162129036
-814227879 -792578192
-439111986 230200960
-862193222 246176049
325292079 39024339
-58259004 -674749748
245036014 -890285895
-48050366 -184115849
933134002 733255933
-96852599 715870248
268458867 -964710995
-876398777 -558848964
-727172700 -544040975
-908562764 876566040
657940175 142108270
261488551 -959317021
-204661148 -992201258
470842724 93622103
-456725099 -368968366
-935284995 -83621006
142401147 937381197
-841385760 255653270
-309497371 305463244
-188127468 992641138
-436518976 914191256
-96756710 995231310
521616595 -914671995
610607440 783147326
-598391503 -133841724
-956498476 734620863
-463722265 86648804
-126245241 -35642434
-627626809 -618027616
-852967325 -589753128
80353285 -812665256
616502265 76914850
-888355169 -904367948
-850606347 -359601927
-194928396 110135060
143115856 137649890
853724044 -717364324
-698576716 -987155593
-751622083 566292484
-324420623 -880182668
-226066668 -713980306
294469540 856729559
147376941 626329359
30655825 575761862
-739355041 -732692410
341602658 531994573
622549270 -130969078
-952927416 202527158
172257390 359647222
-244467919 -908285810
-806619644 621224124
-341092348 -246962521
-96858762 -221544078
248608089 -492406549
-225737370 720165965
156077638 -290475257
-822879638 -72684240
170053644 -70019423
647412255 -573150395
-684667591 -832527731
-876876107 -841691937
-611062295 453210595
-860475395 410050667
198492563 86808706
813115761 -267795431
373400957 -620066503
-381664180 -764716725
-925509842 -551740824
-971712279 366931854
-722225302 -781056086
265393890 596197477
-537660667 -594246641
154534141 813026438
936613821 97302726
494810465 254691421
328137302 -860694946
764810169 -114232215
341326554 124663599
-728426628 -784248264
-651362905 -129492484
-227391616 -96940810
519465714 314959176
419039713 872638741
-816234245 -124090553
534145706 428113917
125941790 -972185320
-105847995 -80392979
289411365 -541491665
-36591361 993982247
268276262 909123386
229501227 -70091172
972995450 -333358610
52028632 -734542389
-172611797 -367407660
-312192041 254867487
-215854945 678821393
466332100 673730073
-330147001 -832565107
433205947 -878480593
-794217026 217676927
-1752821 125741906
-981267436 -9026527
-248457326 -244057623
911900715 -816414317
340809042 -222441597
138682216 -360005824
-582424368 -150486142
-408762067 568209967
640297174 520120323
-501607572 -137155565
543010740 -50926884
-268572345 542744397
-401370077 881375046
344511887 700512355
919351684 -43095642
597833093 -851241550
-438017083 866741752
998613856 864534542
-441736223 -679460957
753058193 6448380
-86580260 -921285742
-267421054 932154272
-876896811 155021325
195533366 -945766804
381172840 -89559390
545369857 947399173
-207920360 680239724
69958776 -232915123
101020313 379429559
467456392 -295207921
66782460 -918906638
-913903163 946050426
-131486729 976479493
-154701705 527841817
406119975 -943390521
-82054623 -670015551
660654579 979031425
-236957929 176506800
-961529847 -584077164
-776656621 38687910
825525102 -575266765
-950932355 374104283
793243374 583239950
-669590815 -609506590
424101225 -642909807
775625028 -969120464
-187584317 -679321631
-790534543 -279597158
332638540 -735589659
953756906 -798140717
-432762138 -633923866
-173556457 -470341391
-623068490 464693981
-504144124 472532898
-815429488 -965222010
-900367500 599670226
-362360132 471461804
771216464 -284003478
810760159 632340882
477193222 -593649989
2289034 -682813245
-779474672 890318071
-969732457 -938636609
299772556 217339457
914844918 -178029826
-565890843 -52676399
-511575201 -558375954
751872795 695534903
369790885 -483616374
445971106 744719345
691155555 -117598510
-426951853 -729247040
533937303 239320966
662069261 -400988583
961237931 -407112437
-581545022 -691096961
881416049 469461765
750817324 -788735649
-640591912 -646439682
635424124 -276384267
-262828037 -845827693
863049951 -710663457
-1753167 -87918816
778548417 873868817
586523578 246291783
320245669 887494102
-154452816 345939581
-132043983 364609910
-537467513 309261198
917929302 -58363614
876103160 -354229534
283438874 -548142739
106281416 -88052912
-454056265 -942052141
291062078 324941301
802345531 404984882
38622926 -24170784
-551670734 -420973863
-43966569 -816966977
-192764790 -47435601
792040503 146546705
-819831733 833236346
-777758642 -327257156
-96952777 445374555
-590792246 -500216319
-555208269 -111821553
241509531 -451277127
-429477344 -374990518
-215378018 -857153241
-953934206 -1568809
-355269349 -539238309
166200791 -670616794
659254317 266665259
851907894 187086086
437373304 221515693
426339002 -383428645
786744146 -252491922
-254183788 860629072
587640039 929048412
229276587 -884905053
278929203 682489360
780068831 -959936315
-991156920 966130006
507767146 863908206
775111627 -853643671
458678645 -142471754
-128711437 -272100332
-336328974 608103745
698021422 172265961
437086138 590857813
-308031074 -701752844
551819438 -468961173
-170698522 -186827997
-3541201 -818911700
648046003 947293555
593432773 274436076
-299178137 -897221068
-754492503 -114021746
-869898757 169632586
-683534815 815918786
-136018065 104004829
643294507 230006335
1086026 503127866
-827588297 952817241
74812442 569961872
-206169845 -482586691
-318199520 920952379
-45387429 -287033378
594831467 -998529641
-331058317 758196062
-81674607 76026745
-830379072 328617848
-900745887 -79944859
923474543 -416642520
395701159 735969940
-903047139 -352342548
508983413 704309165
-83699161 -404082129
563050309 -452303733
306101056 990944153
-704160471 248409000
608659696 768961612
41690529 642169637
-593628150 858143534
994034759 -813419486
-999589112 -872556131
-861408737 -253242457
192904984 67200546
-332092438 -237224599
801571514 -622675848
-447203115 -266278668
858321948 -253410545
-644890649 -399879198
-990265897 -559209770
-256909245 -261909177
-204634240 -253613561
-926024463 501097185
464283707 -590394204
-627958835 -860452638
-65103611 704527874
-13661770 -172931849
-129052622 422991184
-113262539 -168027346
-575225421 152941676
465250235 -292527429
-734068120 636000798
740812733 -667585589
-498573213 -615534999
598693648 -199829123
324473619 469308324
352722483 -933183307
-998288171 263555483
-984938114 -575085103
605028587 -891634773
277640652 179500696
-91417224 966932496
-39137501 193872247
-211556093 -391598963
104705512 509058991
152726323 413710875
465084333 362876723
-76867940 -243853931
10584420 -957081691
918565415 493398692
-988577662 -685491222
-738651837 643145810
107496459 -807704972
-402727794 -560778721
299181234 -774713260
-82102868 265432304
-86174165 -973188736
-255869838 539380860
335702221 89828724
-706965127 452110813
852174506 -28749382
777522589 784304018
69585336 -365795116
-54725 -293667877
389615369 605186373
-852113840 244761651
-611685893 6380693
-981169766 133455752
690144355 431037184
-519258098 -221870213
746470248 -525573424
-527216631 325720434
852805111 -747218293
711057237 903621724
-995584019 717096719
210999420 630155264
125606495 628911162
841859751 -822816125
-629054280 337963527
-473478486 973774500
111541489 -198962453
-916265472 -718803536
-545603918 603907649
-824392319 -680934949
251663165 -136919993
657974363 899980372
-950208013 89623158
-741354366 541257481
354924771 -13090678
198519157 834648448
235224181 284088267
-494753077 987988743
996597262 -348964557
-122160710 -378715250
-40749799 394146802
-652428233 -354277923
-640633318 578089335
-601407351 34950160
258288323 831238802
536255120 -134913571
488908687 523076830
208032215 843208863
-812937725 -175762098
609384204 288801561
935475710 999803519
595525976 828101327
142915261 184433898
-866256306 52343468
-667004120 67347353
-762783017 431322712
725798062 -601655939
263742184 -167846798
-963979366 628737412
-907668223 -325104706
-474052754 131904413
-118489514 124851870
529679367 943589223
655870172 -472107328
135976919 827371043
-26463701 585390617
781355997 -570704694
675259405 167388786
225413285 -799874964
671792820 -262902385
-478865872 -759938981
-175281995 94276653
614286011 110122887
-252992013 974662818
-971828152 -852180338
-578144322 -542196387
-917900148 583659397
-283204106 -397129868
592305469 -992139803
434752497 -190142525
576703678 121002405
341956694 301548364
105030568 -513385151
-886582532 -965526871
9251014 -784749607
507287266 69524171
814536835 762132902
-692521811 607735916
210895964 -839608451
-338824551 -411228832
538488739 309725700
62304261 880556130
473307055 743742046
-98632077 181499063
-333907801 -630997679
-387547963 214973189
754336717 124700647
-6364405 322918113
544013769 -210763365
-230001495 87438900
-110562763 -698244800
87962568 100370851
-795114945 294863852
-555837578 -613333466
-916633587 645787867
-304461014 -780462010
227670102 371358862
84820386 -511210520
-641442720 -48289965
-945567714 252083770
-876082398 -996163623
894540784 13031005
-46518262 632123127
863272911 -498157005
395122459 678341530
-487959407 -722176644
612721034 -761251756
-414749023 -934155625
-232446638 783102375
930235353 -464045920
119639136 -581923752
838582734 166923253
-809084127 -612133369
-814721519 -897570209
480837583 351044360
-907002358 -913834934
844965670 -618225312
-285054370 963901978
-798965475 -874579401
-31647214 -899258884
390496788 -739652142
-511668632 415993762
-602468487 215133695
248120950 -594916665
658502554 -273546963
727282762 -164640500
-366983491 -929265703
-654127460 -925476578
331944570 121217650
-739830843 709593447
-541603215 -902847126
-495562181 861891625
119528440 -87011112
-73734208 -182581166
-972555528 -555059599
405659043 964650593
-265836095 733246528
-144737300 807743009
291983650 993023018
-7826382 551704104
-708200828 231629581
886752623 -302670876
50391522 -976742815
-845239018 -602011882
-818386579 827300106
-449952351 641521306
537942604 -379880295
366021527 -813842587
-847115381 -461964524
-202029279 900964292
-744666172 -119209479
-88360407 -248682179
454438674 -132681152
-309298295 266948411
-385918931 -59880035
-602889676 -636031583
89562615 865264962
115355674 -681017213
-750426181 -273258670
41340922 -737146889
-880233840 -596835539
-862528989 211501771
510902602 259054422
852736440 154109154
-666726376 529344651
902523443 954760642
-341075177 -786642101
349535324 -157276303
-660247186 698398812
381470044 781263187
702595887 315697708
-545420867 -425506458
-572277437 -154164081
-201656202 396627926
-998119811 -930901217
-412274099 16239290
946023648 463604891
-978666161 849341150
-24776128 297797531
857563710 -159814405
210594161 770632188
-318702020 -739220203
-458853245 -922811421
-470173531 343393080
293046013 666816803
-938545977 -317002215
938429397 86043249
827200587 938455169
-193040570 -278048832
-716971405 -67194195
373914120 982849647
912696287 450931353
-832411594 9341418
878011811 -611185555
-411044908 66375441
-654022697 465125482
-553062912 57308474
459936108 161112953
404003646 -695833671
37438630 -262153152
750689556 -62697360
539681876 -920704441
-284605541 37429290
121650126 699736814
-840780981 -798691771
-366911087 -210471095
-581490427 -834441627
238081399 520355285
-856900036 -326493595
-741249542 -542789930
853495109 95933637
831204482 366407329
151609253 557607777
-509585289 568883556
-283843617 81278653
-236966282 562131029
-756346704 -530105720
982215357 -972450296
182386193 -203566063
-471140329 235904300
851092893 218865742
967557780 -245367314
-304176658 441035330
294667964 776192292
605418126 -41341385
-682428730 -417601135
-43244463 -923159053
45785788 -989215779
290771341 -963674883
-338300108 828924261
-650063541 -441775377
827146157 -999639889
-644566645 616741348
-123632797 -945723408
-246529606 -952950347
220779683 -625620058
838466116 879921586
-644331520 137623184
175902231 477798727
-616876743 -420360393
717759632 -59697633
-810477762 -125543777
-829416551 508536306
-578390971 165524929
542094657 570241762
-640492830 -660056115
318784491 362814006
692184848 897636240
268979497 -61429125
181210892 615822391
443045655 -775645801
-622815618 267498718
867462434 -931798832
439724929 -172551780
714911811 -583974726
694886164 -749678176
-527313830 674030064
711600531 556361890
-783215204 -492114289
-627638948 197173044
-280988646 -484404963
-177732423 121347320
-688867265 -356149164
-220863358 402679830
-905041348 931437208
-860631318 234848302
172713978 556621475
-596192205 -97488163
332488233 585104149
633794241 -450311047
-44839606 154731500
-834087375 992363299
729416610 470605461
-144219249 400410902
-179532485 795703258
-289519696 -651363050
-580046780 -986707426
-110264328 -390621164
539620151 -785327848
-381683379 -971595583
-288648654 795796665
32375364 771215718
-613822549 30207529
-920339239 964538554
284216313 550469229
-283078547 831664253
-672011001 71930688
-861787206 -943239998
955288422 849935355
-186004245 789086193
-681343215 888352728
-109261901 993966582
-400646924 82319443
416302017 861996989
-558607316 -961993173
696507892 370483026
612679565 -977328230
853817501 148120151
10709892 678970009
559789535 258626749
-123023973 122640830
-13885406 331255040
369151496 324452336
454526301 96784045
-930668130 -165528112
226696772 -455856751
236643118 179461737
299907114 877123069
-650033452 970144933
171626407 -177656307
-872109415 -361723624
-43899134 568455794
-718248029 418592965
733683453 92746702
183675954 -269460862
222278312 -111783625
-810599993 99292167
-87657415 -686369768
-124273453 394712396
955912792 -585569431
-786068416 -590831603
-814571326 -585920291
-336544621 -731181843
886701020 317500144
-672280814 777732048
-323165169 -153846538
-585452981 238140619
108901780 185266954
-659236412 450086920
