10 700 10 100
-168372281 -224983432
631947890 859366663
-106467924 -855429266
-6703451 -932551563
-301247362 -202520382
640857936 183988671
685600561 626814651
-13944194 -620156133
885604810 -151336178
-520895927 86359236
-499127441 622530070
328269253 -331938337
379383485 -524960926
568524868 287053264
316162827 949918369
-396448176 91058224
356658668 588855575
-73985097 -16535971
-319507699 922815088
609108352 954036650
204084056 43287849
94498882 -278051268
946138954 933884826
-863970426 -40081344
-635936563 527552275
-433175414 820376911
-313879664 941301261
-823085102 -434994229
813374405 671717109
-175197273 443430980
-801088285 241025993
275781181 358561504
209614941 108760499
-808685797 -922277577
152388468 70833523
938330625 -943937677
315928819 126494293
-681380702 469230408
-335495997 -705643026
141716105 -413317325
552270699 919944673
-911236495 -6356613
627479671 55065197
-567178474 603147434
-779604249 -760780104
78193539 -479217580
612657513 -357390850
-919854637 -944121289
-325016946 278079451
-321201153 952621474
-929141122 -862850849
810311195 -667019134
838999943 69273286
787123947 -665461949
-21673913 113788435
661654948 134609146
655149703 262648638
441705828 376996883
615752654 -290257523
-666113274 315750560
147494472 117884648
-901663792 -267597386
780850147 -260308004
86827703 -244897195
-984804326 385470492
-320559713 -575531726
-379107998 -364305936
449186787 678283968
514777173 -256081283
-779631395 -292730156
32598328 834754979
-846087045 457981651
243271478 -69252902
-193145625 -488036645
-354470214 397913479
230973426 504450014
-769441530 285523262
177880022 -407172532
-353058066 777969590
403539952 -743475768
-104221376 425577319
380632396 -354941168
556980969 -727658171
-428483915 -220992742
879438741 -804791674
953571931 130234489
133727897 -841825497
578634783 215994902
-576446502 -139089905
532551296 -253307953
377652839 113052741
328078803 203964800
-463617930 -340777886
-698871148 120993302
-380576886 167176101
-286695885 664215953
-695125579 -362771689
48949562 -100482503
799512696 -727403724
680559135 534716233
635806167 441782054
326658670 667262027
61619497 382569042
709727513 -879766030
159397602 229091544
-152137077 -485279553
495331673 801938103
930934308 572023777
-844575219 -467741488
-352507406 -761619280
-64913518 203225206
-612649292 -954662212
301138107 138188190
-816272721 -589556422
249180394 -817260770
-834466243 59799120
-426652813 769514215
847530252 -34421573
-567292106 -903265820
-538892433 -408120834
762143387 262429957
-634403460 -984285671
-52247376 -343162438
992246064 -146799504
809229173 -451654890
-37407378 946786292
-452887225 -6914753
601873209 955099298
-660899653 20342251
403276484 -382141165
166754541 -119613887
967658867 -277544992
524767580 238424013
130314300 488234533
-43227967 456002020
-985018740 516466216
105268106 -81040035
-348456506 -584589514
-403900958 -696250393
-52918344 -939908079
106962327 -710036726
-585774656 -467597329
872547985 -93937670
-522523064 -357034527
10536546 908096267
-162684588 -804696624
701857213 -483415859
-168549178 -97374222
-391271694 80140109
879082894 924886977
385545058 564984931
809567195 -354053469
62355606 -838294919
-948440141 -665795968
-772106110 73272355
-6793284 -821076666
-375227025 506582740
826173131 417162146
-819312407 -883403685
-471051537 281344970
490120832 -284187990
257883738 987648498
-209610261 844313832
155245658 531495318
-684433703 -110419289
-370239712 -54050421
-821805465 -4424109
-192737590 -280691390
378581152 -740077229
-403757793 756974782
-769106693 -474772802
-344323839 221636857
-247591530 871965056
181193123 471272781
-870938796 85746960
-757791825 268434563
796752734 -515516231
-808455965 -19548080
611212456 -514498174
-895949083 -952195761
893863011 383508253
780825921 314585884
542652263 -4294015
-646892194 732711083
637612196 404631813
-404653121 -334134859
-501815808 -352804036
-658076553 794739246
332384567 -637969255
543361471 -399135271
153809244 979993424
884660119 337391119
996938238 711707155
768078922 -964081458
28384263 -841354300
-501524968 -709366461
-915403311 353854282
573175285 420322837
-28062916 -272057490
-864001404 -719420065
780820326 783286501
180758648 -579123446
83620511 -246185678
-323132413 430857334
733996833 857201225
-270463587 -562296771
812315647 -583954450
-754827000 300051483
29116266 -654634231
582836449 880434487
-149856477 169033897
961686966 252692178
389696516 -796722945
-546330731 -765663997
-100516020 690797215
-710083975 -98479962
-918992091 -907358500
709427981 -510582943
-891692690 888427967
-977918640 -822147421
369661346 582609986
346731148 -209783754
-625298944 -320289789
-340113850 -560912222
951944307 192708388
-774524710 -626658754
-582222040 829515381
-6237170 450836937
823732126 158101604
765316991 -102460739
-910615435 -901728301
480681190 -705142875
731174882 433507221
-423022202 945440817
570736596 -195925793
-600938548 786084767
-122497908 -642178613
133202953 -655739223
644507003 -124475610
359359577 400229646
-870569502 702479180
-217966958 -424755022
422504574 518138048
-54002292 142621480
886827265 923908324
-300353642 -874331566
-964507100 -346372411
928297094 821692284
440129465 705957117
-885847206 519085195
453514742 571502117
979007220 63274865
814387384 -880370160
-864838988 -927220619
165807578 -295643328
-216065788 445142552
-903038208 578909676
-408438762 -554188745
321516458 -533592050
638639994 940797454
578369143 490596116
992692162 -338177653
557909222 846170872
-414103880 -791617510
-151053789 397592899
-619200791 40105517
-817278896 914163687
-32920273 257679254
-647678012 928904594
-849782953 873745099
-358262027 203938544
-931423142 840734760
-676657679 768457633
-482587985 199116284
-866322728 420362268
-323871512 -732054299
85353383 717640179
531315639 944341630
-408094365 -892773456
594349623 825115139
-300941219 625506131
-407588535 -53930048
682449563 -30789266
-142562953 -167054616
609490605 104097970
545233724 410854654
708133446 124053670
762650975 -414594414
-754119718 -660210459
30750585 234702705
-281856262 -25841740
526485963 -344105378
-92235596 -245932485
-175452198 663019528
-965947199 475083570
-225155197 316094343
290042149 -410909045
133185644 103985667
595011675 506952223
177803974 -992302835
-257449790 478853803
720516006 -17309682
361477247 472407144
-218792879 -941106409
-500956672 464869696
448929269 -591709066
897236106 19538616
447756006 971807418
-24697531 599529654
-439506300 -982773568
-842338142 192111255
834449860 -217799540
852195030 400037942
-227157409 -21218254
257753489 -237811823
951353240 -873943751
-384398133 852880458
728807045 -43430677
-465973203 812420924
552902672 -358349264
43422731 776805089
460926933 -588453206
744620495 -349707256
-784604084 288290567
663992058 496589689
-187790011 32872026
180103850 837014755
-359209242 275649206
98360759 500605533
-671158717 549116568
431313771 -759417961
-961163613 514147302
-391626200 352495322
-116837709 -579226109
-97025687 -398498725
-870692510 -426813744
139588405 433952053
-455985882 -92858529
-232528086 388030599
-796734737 760761289
-959263357 434155878
77790431 -983617915
-245186162 233288378
-901596391 -616168296
312113737 641432756
-114885376 -439979245
-8448526 450102534
336830522 778383385
655342377 816687300
615857388 -695333636
-776964209 948592330
-406541215 659177408
577251968 963194132
-739258498 -745135839
373153721 -108625655
-137420152 -579559165
807644742 -805650997
224212742 -175627461
38886635 -331929185
540544341 -662777462
698490800 -604214958
-121585234 -925395041
885370510 -997447495
355082293 991459879
393662693 -303146898
-193671057 -291780948
-560657577 603571617
963429054 -185358739
813422175 -668465873
-531445435 25380474
668381314 985020495
626361312 -163190923
133259514 172192391
-34744833 -734221059
632538143 541673145
968894099 456426507
638804975 349410123
283905971 752291955
-387666999 -559518731
-69535067 -681578219
519095168 -840187489
76004703 6770635
-420607968 822750719
116554988 763094022
651946777 -407866070
-934729982 644451298
-679826790 -87147842
-844608571 210820550
-753949068 -752539730
194970352 644573990
540769485 -373220914
868037235 276999271
431432123 -233072817
-47183310 953751478
-486186511 603328829
277982232 369520209
224549536 -732759808
-799013735 603294458
-551127402 -581816069
-955296966 -557552546
-629012668 -538153566
-579693359 -145715520
-278426585 951505854
274899514 -525361524
7051839 491892309
706153762 212774445
475115398 -706355372
707270176 -99467068
239586893 -973312839
-952781854 -26718489
654178300 604377522
369514028 224147609
549924374 -966161131
342892765 -921868126
834841187 757598017
-770391342 -792495185
-569631500 67965191
424738219 -239490085
216583960 -408050087
-977572884 -285605338
-354690160 -333343231
-472486991 -333501981
-13276408 -139926041
654799439 -691566564
-242450077 -148627563
-425255285 -40436059
-85949157 736132866
357606438 -504497682
-830208130 -650478011
-804312727 209018145
822098742 684569280
-327230848 168020662
101563744 -277007913
521591670 -668317774
718135581 206141230
972851344 962068279
-696933056 -474689552
-307577606 -64339561
194857661 -794631483
-325486226 249200110
-304128520 931906626
-382451477 -866250465
184761854 -25326624
-834051081 -429838208
688850476 -829923287
576389006 891303605
-610243146 -592167204
678972428 -702626965
745092871 -359784929
632350892 -391787747
-522327493 -497705463
711069374 -673389970
-162670419 802743676
778509965 -637089816
270650086 833772386
664843843 -678076186
968416035 -399728359
-656925022 -401846750
-42728894 -580675184
-276650823 640580560
-201332114 -179860426
-609899836 252387938
-269533909 165130910
793707082 -185800421
125545926 -280944893
-544879837 -142406631
155530441 -626432366
-698731101 468120593
-120009665 -342774050
-986729463 -176340955
-347821340 423346682
-733826187 695418373
884236730 244551410
-302757775 326397711
117178878 -366634516
678682455 -564404394
-355189897 877641227
202617238 595352436
-597283235 142247362
-757538982 -715673112
-389289103 -542059192
-327687222 -101208793
-457076958 706339249
-207453331 204439378
-124122596 311487222
689787628 931791279
584330876 952204261
-825823517 568257880
134495758 -446820711
178589753 381490523
620240945 -565107278
205611145 -555346043
-880744631 952800957
323641727 510307302
-392845095 -941383622
414170104 -795630255
-919276429 155990125
582268884 705004127
-69750969 -712161560
954852331 -380535891
-339206708 -939941851
354963388 -385323166
-590310979 456588594
712910445 565089364
-320210185 -22714693
156760999 203198830
-214427604 9405564
314813867 73597689
-951542903 -386030469
-549019490 146416481
937530325 778184622
660782364 906041779
-584441646 581622631
-242579927 -878399122
-874414578 233237225
-334471284 312985629
-677490452 -427208056
-629452340 466054129
242322965 706901688
-975999419 -520100923
-928775660 -528482849
292436181 -486520762
287947295 275998001
-333499581 53810897
866004593 629375729
-836354054 -244142670
-233943143 339670998
-725731054 356102840
-618773848 -755160146
649336510 -780287664
-424673435 580102155
-520463968 -890490477
-984009003 -466879273
-580375205 859509006
567420983 -959135958
85775749 705626431
-470477782 273883732
676709025 -536487899
-737319909 -681974146
267389779 -517180490
843928660 -724340093
-489594061 139836109
-398537741 -29488930
-901313073 216302913
638723117 848504082
-775870230 581696162
-674148619 -9513849
812334315 -950873551
728080552 -949408255
-154800436 403661442
990286773 917498616
-662408853 757316208
-978616163 -610411447
-108772345 -176607218
413424001 -99342467
717490596 -3456836
131495008 628272287
442991718 -529712665
-985226204 979771852
164967125 818338025
981593721 -384822586
137458441 -319063613
412022363 380436217
254623154 103730677
80819297 -709664031
-252524066 -910421511
284374691 515615864
-913549145 895944054
-220036545 -967890551
48181263 -111050985
-621746186 -277761772
530374953 -959632604
368663012 415831113
-960905164 146604800
875841319 500403244
419677306 861046792
-342454175 926696679
-724838437 57099544
281605929 777743164
-728238170 546399957
-663317611 -92511712
-539216187 -7301177
91608392 942465139
723001926 489653307
-608495272 -144234670
-55086919 368543396
-248964683 218428751
-330576711 -828034293
792157403 300874702
891377435 231748504
696938000 338332503
-703551796 459966216
397895659 -736367104
393012519 392992199
803644751 110984139
924648475 -727614655
-741648313 -569455779
573238393 430200897
-907629343 -149539749
688194165 324866854
-463604299 39392304
825620853 627805680
487066349 -632054638
230507575 -733440471
132124795 748532103
689092441 -421119646
155366054 -583440156
-374288723 -111439382
400087439 935558806
526108135 -604023535
-160920564 -378960691
-79042813 548306291
301451934 336457675
378962657 781346836
691953656 -838759846
-744531920 -269564737
271901924 -965281950
-530224738 -837332968
-23215226 191407799
-938410009 836772625
-648634318 48159379
-689262450 692428721
-659291181 461018362
620135141 -122604553
750452345 356189398
-166777846 -368264838
-30064659 643539691
927599669 -477574262
-483309743 -362300276
-806358378 505180487
-328299509 -800164054
245620112 -964921324
814430214 -481832086
231239577 741858812
-220922783 -53138066
-949749441 728665637
-603452204 -835608773
21503838 -996208874
694596634 -350228580
-243637704 590167154
-806119168 165577437
-431126987 -437838891
-63707403 881904361
-249166362 217374436
-166169162 209422533
-348663285 -496204660
-800572987 17224333
116291160 -909392065
397261450 -244979432
905910088 783047574
425246512 108645386
-62008249 568853609
171664453 -842439107
-514184777 210684002
-138309440 309651041
-446388956 633827623
-339215853 841074037
485662581 442796461
838603417 209673613
-305457646 385227222
184736388 -612692231
-670132573 435333771
840131878 773013664
-729059219 184091901
-155122755 -929834612
558746595 384999546
-692523919 546868518
-851035936 808061727
-27641648 -545754152
91246397 968872492
-504587768 245615308
862293242 -390588713
-827737532 -145500557
-182836758 -40018250
-547850638 -254559473
-87855111 295143832
631847659 586682822
-565344906 835586839
-274913866 -926811520
380183412 396130185
-187676601 821252265
83084039 232939979
-901841147 901985658
899318536 85866798
-159793403 306457042
-674315322 -947627283
-533530773 -985656581
583801114 76414159
-892888906 -891732372
579139886 -185841104
-806113898 215510224
-106898382 700123592
620844918 -886862899
915129480 -69740058
-872338626 -468979733
-614051062 -714972497
-573009317 -472235077
80171992 535180446
-865791824 -848197895
218702638 124090286
