20 700 100 100
150827702 248641850
-331312000 279314536
5801043 -345018896
-45787246 144487244
-689751643 -3017093
-877797824 -226830534
818320968 -107704478
-275097032 -934735451
562981630 -327922531
-893378690 493476945
-125995614 795233600
-589685886 -317306085
-429979823 -911932527
1288607 -633142037
941246691 -316487980
641822304 -580708158
87069638 -735758704
312127264 -60958213
-205672958 445643967
-121241296 -325140985
824328533 -977242623
804292623 241471675
225793832 284882565
440430359 -818287994
-827687315 -969517343
-316363485 -501775503
-72790238 -42795937
528686752 709240749
-87802656 -390759140
192324953 139686348
-833421118 -284918248
-935532285 -934516294
80231504 -11358193
393972278 -724418167
48920086 -646233022
623294193 497078564
-121744611 -107288551
546857373 708231253
340481717 -387958023
-249989287 184982504
-533130409 -786580644
216610384 -72454836
516661968 -599135126
604262861 -715883309
684446247 -977922469
627192495 -853152472
634739419 -378087405
176830342 350137921
17558145 518148537
338368413 358527759
149479490 438390459
-649225659 -88263879
413937328 623252578
483233313 -550273654
-546771939 -759542574
152373953 352802686
-322849360 -814857087
137294609 -659479856
854536404 -189298245
-704913759 700377829
734285102 792079314
-328441346 612302799
-9996961 -809744692
737900211 -668619201
-837839920 373193341
255105146 460757671
-986849933 -986235214
-117475900 -972776633
-774523473 -690178802
900748219 430836834
-859956983 875937397
-928451613 142490450
-434201538 411697073
-836506571 874854276
553961691 -395253770
-611706813 804925950
-914040622 -55325572
-18430483 -731196518
-766843140 773930037
-413644552 -759291326
-458659314 116396931
257966775 325648773
-44354419 -625052287
231240622 450376737
138018473 12413280
975295125 848717672
-307768013 901230943
473232940 777039560
255438529 -93925985
-279811653 575220852
-687788851 318796341
-458649909 -475726529
160593788 -504623946
-977268396 487889741
-627399443 878171168
833185960 103461273
-944476071 859108819
-771955262 -818434717
-533438904 -147135417
615116223 887571702
-143685247 949147751
298841316 32477700
-460739913 157323838
30139119 -461073425
-756691540 -360461270
-363382597 595791941
892228564 -720994457
-247735858 816545760
674394706 527208907
905606667 338581151
-6454117 -87351654
-968432923 -152603663
392723381 941475056
-471612350 -715023260
-887625216 596021579
-595820506 109731035
897668516 -524735185
207015994 -581047313
819907437 -927600487
817859804 191365732
-879492171 -264013265
-473746179 -240571518
-94780688 403113224
143380034 -834026815
-942820172 207191983
35501020 -191922990
643466902 813585299
-493151349 301518058
966800859 -274857461
-760160355 958735906
-81594942 -851004403
-820102652 535803722
923405134 688935068
771977246 -992387865
-560467315 149869913
-351505526 37657441
-71712807 -231760219
220090173 627302672
64004458 -233050155
144639245 -233548028
369448252 -432860990
-385085960 -325277433
368807356 467341250
-918682895 -494440686
-947203206 -348712286
417037236 95584537
-107009324 -70213717
292100962 -25602109
-824994690 121500586
-134327282 -832137282
-791660868 -190027389
178646673 -80783626
709233724 940543987
-521928491 -701027276
582113275 -286866627
265881873 -562611086
-159583201 251063799
291347149 -726772870
-982932804 101996541
-526264746 -952673193
-195447559 -222262722
-689657002 421356333
53413056 108797080
-61826406 7261632
778147547 671874711
-805262650 143265496
741272771 585803637
-362075638 -898448369
226649708 395082612
-750317902 791451932
-199657197 586702608
822515277 -743256343
494079253 -345768184
870315732 841239589
-193233830 -737511527
-259023002 -531208565
-796683805 -564669204
-297783101 659752110
711633920 53877275
438396846 713942963
155343688 590737746
-555556835 573731000
-160731693 -754688171
994541998 -30368990
583585405 555739970
639054388 461907229
397812603 179915894
-203277308 -502385376
-171347708 -423953556
582413230 848483576
-801554586 -17937837
-149887161 -244030945
-468964823 922085519
-893532565 -607721682
437180672 384283557
-669670018 -269753659
576814596 176539326
-444193013 -749976371
934754717 -564846678
-356432611 457612255
960605310 863662123
-391022227 740740330
264802588 6314740
-103152629 -195218545
330139654 196158441
768324363 981107247
-653080039 988863910
350759149 759274856
723810930 354328058
-781985206 -893806278
970750585 -971927372
449757547 -868268580
-84534569 -581286538
500107601 -641027960
-661253259 -200801821
22337343 -382684466
685621786 -816921047
477896375 580323787
831709964 -733906572
-174389987 477826128
-212026498 -517650820
566129163 89208776
561838259 -26533893
-167031919 888847291
-158047588 580352510
-680106101 474772203
30436580 -23785306
-185119161 336357409
938667716 186946
-751961758 410929538
288135668 -202260741
670863734 970411749
345155249 -546507405
358245885 -820016912
102871098 -346811612
-104713711 -533736470
-907785546 -797672175
-433071043 609394852
233011735 810942005
229512875 -658541120
-605233421 -410293068
-4185685 255448051
966725500 589208399
-363570983 -902585266
-769050951 -702410619
806135060 -429911875
564501939 303527947
560386226 -63303399
-756634667 -570314612
-198314631 884808515
-85774272 -129353709
439505246 -752851066
-525483321 -293527383
474228092 -926682585
899782033 969226509
-704495658 153998016
-71644713 -882933270
432098557 -306148745
-761429597 250923488
-289942540 98040439
123890446 -637800694
-171274923 -243212747
12936918 -254627794
890865975 -548494901
934710742 -430169340
801803072 775015104
866707453 682373627
-493430883 764179221
-543458518 -106033992
740964830 -770414539
-822929889 -384454299
911722610 -133695470
-865330772 513992131
810298447 646659859
-625668749 -973747529
52139540 -706418243
68076808 -687305446
884564362 119393964
45450909 846178486
957126217 767507068
-264467667 665982058
578815707 -441101970
-739770395 -197809090
986700378 -260917406
-853943262 -44051744
648115635 -418578269
-757266653 51093994
878321022 -972777960
832856210 192168560
-927272276 921358353
-124903867 410194242
-479254033 -495802707
-454023989 -658181614
-91094810 -393296572
401935612 795769941
-883444891 230595968
-850362496 -822781674
-601015435 -189191812
-249740809 886304624
224502937 -819654613
966180483 -486074839
708800043 -669728220
-472542004 101113362
-44154666 884610696
582965992 -387074132
-636911839 468716465
-415743923 -652562976
-722126075 382702413
780397330 239726883
316057498 948156185
690355114 401342508
-33125149 829157514
309838654 891554957
22337016 231227733
776838792 -456666778
-994122457 277148817
15726630 626765266
-651599348 -933287857
-445270544 780092512
-732442308 545774325
598824226 751262618
190958252 -609478148
-832011529 28142763
395880540 258960298
-216816893 -87247054
-604968296 -908996986
-272250260 -511210625
-604400479 -598035158
-526746985 -382471599
874920547 -565599630
-681153273 -570683728
-536648890 -46034606
326689382 933703779
-575459891 616623457
-396766248 -357610102
-114761213 -810567227
-876185001 -947278681
-733927288 -802254575
253585907 984025371
-948903028 -330061050
-661637931 -513831045
342196548 189926750
197844846 687078486
743561048 -660335790
-251850625 -732841363
707067618 724728802
-859577789 -95745386
-303979717 309489380
-832778498 -897536136
-252071547 -653681515
10292849 -75321668
-794283590 967736563
-459707235 736393903
265708933 -99523061
829540869 -847036024
777915355 669964962
647433761 -430422605
984926335 300436763
-830478741 319587010
-198254658 -369838625
229450305 -931978543
750778871 -884492410
958491305 -826005061
408932975 610781163
175419502 -806810057
-823638746 717941774
25298620 205040720
430978040 -189412637
-152214210 -721817280
-163129598 -759699732
110799495 59519056
-708561441 549349522
-528510199 -882312591
-901639173 -366735572
69336683 791925569
532550005 -757426632
-402541578 826025665
-457750181 703716538
-559303535 617844495
-770731640 -331854506
425975812 -757527331
-479646856 -41219857
-401881306 -880302168
695299282 -524236583
-711514573 -448752400
387853361 -100860714
-713546093 996860699
-261174445 226502654
-312619875 502372675
-380086048 -892033409
-324214153 364242588
-839663188 470980535
-325207803 818456794
-112212910 371175851
-59743124 -435030579
-335835903 -678196399
-149296838 -83721883
957947257 -255191259
-915123110 175731525
711533369 -833005616
-419460659 -743585516
206556569 53990419
-511242836 -444991392
150437999 -924390710
24285855 946299992
249163861 -658098738
-93674943 185728829
879003844 -473967968
746790080 796447286
405486282 -705206797
-389358088 878241859
726113525 -394673781
915242131 -748979364
306644078 -258216300
101993928 941280818
723730625 -479093779
-760459687 -997389684
255551242 -324863919
-240732345 -709694015
-493836121 -667201245
222930667 -394686805
147631914 711826872
-727706024 384209371
983988753 298626372
972882263 847664938
-681094444 476537
-703752379 856754005
973729215 436067914
687538930 -877478295
-124502393 56872604
530497690 -947154684
-938391496 -943046988
-587471186 -700729261
-982389445 700212611
303204331 -663904594
305289344 755631998
639458594 518401379
-380334112 -305253194
947472122 -290788116
-35470041 781551186
894369819 727135814
-739771653 633613787
38689713 -923615457
673799863 -465713157
65245094 971192538
913058433 -459148477
520994125 230333712
888495588 -439625224
517337236 898241801
867679730 -714263821
938638888 242395619
63507759 -192955237
-234489798 -958877198
429536360 -601345774
130520222 -739767800
704846494 -593662353
122008465 -500673060
801804762 -442348863
-398051899 -901836553
-665729726 768682650
60106195 -910924109
844815561 -498051953
996446759 -142577804
350475912 -762802771
-600249242 306098186
526426184 -486156499
-20319572 -999633500
-407898823 499618226
83477244 959793476
-220734166 554816128
623835320 -284180757
534500493 -536548124
-966248417 -764062040
419629950 -368385635
-256914437 -309485238
-54218464 -562021954
346297559 -13882026
895521497 -629491992
-338276846 40172309
547502332 797991149
598391122 -103486032
-344867980 -798278000
-34544224 117147823
889489186 -477096939
387857977 -819929891
788387211 914782093
672372623 -593784997
305385841 -152066165
-34327215 -507909093
-604649669 755999623
-938186588 813745687
-256089545 -36118734
-657503331 -366923272
-244129115 -158549429
633623304 37136620
612386104 -273589753
-26068920 -472829213
63219285 -853703147
-623487957 275355655
-926419891 -315181911
287752607 385016146
596280102 821866746
299059413 -17467497
217579766 819099817
996950616 -991407640
892109248 880483377
-695217145 855907970
-304755147 -624583397
-515904007 -261069339
-142831824 27474313
34270117 50992529
-480274819 150779674
741072427 -747968759
742690452 186346363
124841999 248978092
-138630978 -393640359
-708711840 637889962
635019244 -914686232
813403664 -691475566
-128196478 -148855646
119810097 423371922
584200884 88060448
-741585653 -537987569
-46309065 -162405287
815899135 788230786
-48347510 410279004
711939589 736226166
780344667 -559723419
699989101 436144308
291045464 878589687
203293106 517920364
-574677873 576729732
517090355 -329589842
873580305 970949066
-114439064 848528495
-973471459 950632594
973291775 -19750863
-223318511 -441729094
-16570033 -827858254
-838076201 550032282
247429838 726028058
84008149 -353298852
-882951699 716516395
453436511 511104703
-401500504 -529667328
550779834 777338009
197993384 -992164541
-694928285 454730933
-653211912 873159714
40423877 92478306
180429070 -71504482
-799220801 -795269522
287160585 935759226
-994425307 -366291973
-889690750 -485680557
116245339 -693133165
-447041299 499818363
857033683 759949906
125206490 10070821
-966029955 -664662692
668554863 382931284
958886013 686781495
35845137 -570444638
-418686466 218104276
23380390 -737845941
-748169886 -182987406
923798165 818922625
362565942 204936937
982595404 -466377646
-656740137 157109376
-272977953 220370570
-169115238 79777287
-255621893 307212023
-249304334 779943082
-1508341 277682117
499999563 140014474
-934285552 690913288
-206560596 714328708
235652925 -289695402
607740066 -423536687
-893081025 15763750
526066031 957137079
-328804166 -195446321
-923296422 260807700
405650710 -934042276
-352234310 747974876
-265986581 -492945639
-575098790 188241166
-330042524 886568027
537032330 346104909
-573230631 213921048
22068 336523421
344146542 532520389
505016259 476109586
422832567 621819265
-536553094 -631332296
480125720 -276318997
-679541382 569770977
-428314373 -928747282
341912136 292158928
-966107748 -457731365
-53067563 505131400
946678690 -462028597
-914769113 -477342545
-322236418 -19547896
-724595050 672125108
860410042 -336247106
-77226724 625768008
216077988 -250676283
-409726996 873321601
-53655718 -684899022
57093738 -213112779
-668025469 -45165832
-695825832 973405121
-897449742 252523297
143988061 -681979253
305556754 -618608993
-365244023 872603367
364640573 -162661109
-666186596 -234364736
228381906 -385505269
-782907665 -172246452
366392081 -183504245
508981404 497323508
785603384 47558166
95222262 757095036
-112754559 -973277447
-163238899 -845575032
320498822 -675568921
-851685134 540677438
-432757366 -172740614
-175525480 774244048
-336825588 -714067026
-838049245 -726087578
675736020 -788178441
-966721883 841069908
-45455650 -382361830
459460471 710716169
403913215 983414626
879422503 -525631530
-553669666 -402882222
488513208 648177985
146789782 7189986
-155850798 303595456
-991579359 512133322
-250306280 -343983798
-518251598 270825970
-815589720 392151724
-313391928 56089162
-160238790 -566389017
170325977 251192740
833726342 711006182
-354838477 -128411023
-730503739 -961565873
415414007 -520440794
79325157 353386737
439359296 -981439651
-486975544 968897788
-274243485 665669832
-938324008 285092299
198649008 689443390
-637205874 4730611
904239794 -457186157
-955512751 -874690424
-422517434 -870342229
-17982327 397813366
-57856789 -541676352
-888962068 437878352
80694979 -961679743
-211292237 -349796921
-202887883 690654809
-845340754 778118181
111461744 780604236
-381933952 255779298
-950946036 102458369
-432698035 231265085
584964073 520327928
-161126996 890595676
912957841 490503802
791524615 585809392
-78615709 165993491
584596822 745376346
325680769 956149349
-458816865 692150493
809362184 -775587363
365415571 -31546502
788309205 85406916
-558677336 2849733
-974766744 871717887
-900229379 297567807
368130798 330503440
-790905194 -725604815
-997649231 -488181007
449854503 -13923513
-423872101 229434790
722697525 631090068
-167200628 969736504
-306283162 -155750848
188368613 -484989059
-394746712 927724425
