10 700 1 2
0 5240432
0 90011322
0 -14614853
0 -47631501
0 7150915
0 34394051
0 -26648110
0 80100683
0 -8242910
0 -94655878
0 -3677739
0 -46755747
0 38582523
0 67325018
0 63517396
0 -10406630
0 -12333036
0 -77149769
0 21870032
0 -49301337
0 2538262
0 -51231953
0 47237977
0 -94394424
0 33796954
0 -51084310
0 85011533
0 53925092
0 -11512222
0 -81139046
0 14927065
0 36089761
0 -24779511
0 -19762209
0 -39888770
0 -7306308
0 43720802
0 3957907
0 -23194579
0 -86320512
0 78770492
0 6263
0 85584785
0 2295507
0 21758723
0 76891536
0 70202462
0 -65681902
0 -83101459
0 -50621823
0 -87253053
0 -53220430
0 54080611
0 73109443
0 76622529
0 44214942
0 -38830112
0 74672665
0 4816911
0 -81051955
0 84484535
0 49954128
0 -45157620
0 43514004
0 66308112
0 -34984700
0 -49686160
0 -45057827
0 -37072017
0 -33567580
0 -71793438
0 20030667
0 69467103
0 -92613465
0 1453755
0 -24775621
0 33266968
0 -18737716
0 29543571
0 -66336145
0 24135988
0 -96973802
0 -48565944
0 -13456866
0 -72906596
0 -29753412
0 -90810867
0 -82148139
0 -1494481
0 8978717
0 1075106
0 -18821820
0 -24594200
0 -67102433
0 -38549869
0 -19137163
0 -27722729
0 -5724028
0 6210613
0 -66031253
0 43301073
0 7047728
0 -26458918
0 49083270
0 -34360714
0 -94395769
0 3323513
0 -48428972
0 34095276
0 27171521
0 3590606
0 87840910
0 -64474582
0 -7464345
0 4574263
0 38979429
0 -57368377
0 74840287
0 -53310533
0 -56581799
0 -64634545
0 -32000203
0 2842703
0 -87848857
0 32898796
0 -5611179
0 -54008600
0 41518742
0 -37298697
0 -96306913
0 -89128030
0 69310019
0 -70456905
0 -95268298
0 32568244
0 30441034
0 -10609530
0 -26762243
0 -58075439
0 -35186678
0 65420899
0 84297240
0 -57709739
0 -90061465
0 -71829828
0 -70170470
0 -91324288
0 -56147847
0 18546142
0 7922448
0 80164085
0 -75774400
0 59087420
0 23913859
0 37893053
0 -24911274
0 18837663
0 41277838
0 70267010
0 -48467096
0 -93821080
0 72964736
0 -10388607
0 -95095661
0 -48285549
0 -80933626
0 -15139252
0 -63561928
0 23930604
0 -2544357
0 1485352
0 32339336
0 48730513
0 -29958805
0 98623290
0 -5152489
0 -91106663
0 -47016207
0 -10136979
0 -54230068
0 -48423537
0 -6794967
0 -8318449
0 61866459
0 98567047
0 -96306532
0 -97362580
0 -59751961
0 8779776
0 -9714250
0 44463553
0 -85202536
0 -24059535
0 -5471085
0 35308212
0 -16481704
0 -45705130
0 -35441596
0 -32759847
0 -13656989
0 -95552425
0 -58373548
0 32566913
0 83907587
0 60737360
0 -21903858
0 76442619
0 91980749
0 12235392
0 -41173571
0 95440027
0 26694861
0 67307932
0 -62161572
0 -20851252
0 -85142295
0 -44690593
0 7541938
0 -6981111
0 64715103
0 83504339
0 -59750407
0 -30883138
0 61865169
0 86758590
0 72534543
0 4647995
0 -51541104
0 114513
0 -1178004
0 -99365138
0 77458351
0 63706339
0 23071140
0 -35305460
0 75121068
0 -63006240
0 82598468
0 58011359
0 47793725
0 -37843758
0 -13160001
0 -20692579
0 -5107008
0 39386399
0 -39464032
0 -30151087
0 50355184
0 -40449401
0 27314408
0 -16671663
0 -80648419
0 -53980629
0 -97742169
0 83170426
0 -77180968
0 -53346295
0 -17701755
0 92901616
0 -49616653
0 -736733
0 -51353146
0 21783228
0 -40418274
0 -6798554
0 40505339
0 42570281
0 59844019
0 -72649656
0 -27036801
0 29891008
0 -24443707
0 63780216
0 -80220559
0 -46633413
0 15638588
0 34161652
0 97568404
0 -16407967
0 -98270829
0 -78041860
0 -5201828
0 22508742
0 -42522988
0 -73171271
0 16402400
0 25531174
0 41094150
0 76732930
0 -88926101
0 -90883311
0 14313560
0 74177532
0 -24277751
0 22430389
0 21247105
0 -30923805
0 -70319639
0 54851122
0 81390584
0 -69537491
0 95228142
0 -31928422
0 -12527245
0 31718591
0 -32432375
0 -38272127
0 -14938783
0 -76146694
0 -92641155
0 -93868771
0 72674340
0 -10796467
0 38428984
0 -39931885
0 -66063112
0 -64905083
0 63234415
0 -66940749
0 90110350
0 -59092554
0 16310204
0 -7091150
0 -45399912
0 -95778715
0 -97884871
0 64024376
0 57048314
0 -98403053
0 47870360
0 -38704395
0 49177106
0 -64836278
0 -48051455
0 -73445064
0 -27607480
0 82779573
0 -86602864
0 -61499550
0 -9920839
0 -63253323
0 -54063602
0 52266281
0 -51366779
0 -31360553
0 -73051620
0 46793559
0 81693202
0 91627155
0 8085449
0 98992204
0 61303358
0 46626924
0 -30917444
0 69992671
0 87491367
0 99645633
0 11180802
0 -67500959
0 -89014052
0 24374986
0 87440875
0 -2813183
0 66179563
0 99773790
0 62007144
0 837329
0 37646988
0 69606456
0 57516026
0 79389715
0 78361811
0 15078521
0 -68022812
0 10176279
0 17727049
0 90243498
0 -67842586
0 -50739522
0 -54951578
0 7232433
0 -49912777
0 -33654547
0 -4697293
0 88025094
0 42992698
0 33622351
0 -49231640
0 69482571
0 -18220254
0 -33008810
0 -12929452
0 41672338
0 -79341042
0 73863436
0 -26706225
0 -21647444
0 75853067
0 23167084
0 -74698453
0 79915359
0 -42566990
0 -28550365
0 -89148361
0 -94733879
0 -88756265
0 47425124
0 -34620579
0 -77304343
0 67170956
0 34518678
0 -4992207
0 -2380701
0 -20926140
0 2849145
0 26186272
0 63008098
0 -42182339
0 -18285807
0 -15683179
0 91647376
0 64083735
0 17077514
0 32568432
0 58771043
0 -43917426
0 -64910351
0 44442791
0 53061596
0 87418229
0 -17950201
0 -69522896
0 28378760
0 -56130788
0 -18069359
0 -8743335
0 -59773267
0 -81876582
0 -92824048
0 -2373387
0 92302247
0 -15657282
0 -59622726
0 35911468
0 -60516789
0 2323904
0 66539838
0 3238374
0 19379567
0 -93070869
0 -11842988
0 -97828824
0 -36346519
0 68093517
0 34172836
0 -76233703
0 59570475
0 12961198
0 -69303703
0 44407588
0 -24711671
0 -81669830
0 -58535286
0 -33337121
0 -37399166
0 -2036321
0 -46562055
0 -16836635
0 60531784
0 48055503
0 71007197
0 -92589543
0 -82561593
0 74973088
0 67624492
0 -37116932
0 62941875
0 -45830790
0 61285662
0 92228072
0 -47373758
0 -79703118
0 1115881
0 83611509
0 72021087
0 5927967
0 -94628853
0 56088475
0 49535277
0 81208422
0 -91271974
0 21039953
0 62077874
0 -75481398
0 70169439
0 -97491781
0 -93742644
0 -34499909
0 55527412
0 -33565499
0 7481111
0 31741766
0 -12166734
0 71519744
0 48685514
0 -66571445
0 -28755363
0 57456819
0 -56089131
0 -45749585
0 -5790990
0 -30737136
0 77667214
0 82739236
0 70034214
0 74645038
0 83135524
0 90884191
0 58576788
0 -40420620
0 36338311
0 -43024789
0 -79609899
0 -55385830
0 52086114
0 14227268
0 -63931674
0 65813127
0 12569078
0 14189208
0 11800921
0 16168851
0 -85560816
0 -2308960
0 -3300754
0 66471916
0 -63676007
0 88691810
0 -52390311
0 -93135228
0 90521375
0 30044846
0 62932052
0 -67714747
0 16462614
0 -68081332
0 86545123
0 34722624
0 50111381
0 32886850
0 94964243
0 -93332869
0 70302681
0 -78988222
0 52180115
0 -57291614
0 -86009272
0 97727593
0 58348810
0 74358575
0 91017950
0 90892511
0 -12070105
0 55282122
0 -23761367
0 -2738977
0 61153145
0 19216722
0 85744940
0 47730723
0 -45060101
0 -34791463
0 -70854163
0 -32769694
0 38397245
0 -33884941
0 1694869
0 -59381843
0 -38888023
0 -11612075
0 56785583
0 52567282
0 -41047798
0 91049360
0 30722869
0 48227981
0 75617421
0 -76461364
0 31413482
0 78238659
0 -60384218
0 -90175433
0 -7063663
0 -3557240
0 96071393
0 -54894113
0 92634
0 -86758492
0 -91256044
0 56639229
0 41216348
0 56141027
0 -11935263
0 -61287474
0 96406590
0 -11458942
0 6417859
0 -17730427
0 -97924199
0 -27756571
0 -99614334
0 -14204262
0 -25261437
0 -4356273
0 36957601
0 -30723066
0 10056002
0 58008849
0 -85360719
0 80083562
0 -1583182
0 -10053706
0 -39954877
0 -84064828
0 30687931
0 6296742
0 95076943
0 -21639015
0 6740669
0 -2418455
0 -35703499
0 -47342683
0 44795462
0 1505319
0 -56975001
0 15032135
0 8542346
0 51187120
0 -52670660
0 -538304
0 -4459845
0 67013626
0 -85608834
0 -79523479
0 -69745315
0 -68502634
0 310398
0 -46220652
0 12907499
0 -91270975
0 -82127792
0 -511787
0 5482680
0 -30753394
0 -11637884
0 27729159
0 -16090021
0 -8181544
0 -61704853
0 5886970
0 -35626580
0 -65432442
0 26541939
0 32352671
0 76454885
0 -92711899
0 95055749
0 34715541
0 -5563083
0 94857870
0 -11856058
0 397489
0 -44139100
0 16614038
0 38880897
0 4964228
0 63233999
0 43112542
0 27310473
0 -12621061
0 -15768429
0 -83149447
0 73324500
0 -42736070
0 -36969203
0 26511593
0 -97652718
0 89863396
0 -21664159
0 -63189885
0 1786896
0 23209348
0 -93835050
0 53906411
0 -23906582
0 -49151950
0 38490858
0 15454283
0 19201196
0 83356381
