10 700 1 3
19426043 0
63696265 0
-20768278 0
35606077 0
79255746 0
-69036271 0
36649962 0
30284342 0
30533515 0
-28439049 0
-55740888 0
-94741509 0
81895678 0
-59248097 0
-98025676 0
-65266752 0
33611913 0
87512662 0
77322975 0
56119130 0
-37331958 0
-584620 0
75890527 0
50824814 0
77830574 0
93064320 0
-27438417 0
28468761 0
22559408 0
90340011 0
-29798603 0
-8789694 0
-95287621 0
82629344 0
-8554118 0
33800963 0
94939197 0
-49293027 0
-84042635 0
-19385441 0
-38046483 0
-25429427 0
-19464210 0
-35881869 0
94527844 0
77943084 0
29551604 0
95363022 0
-90874101 0
-52492653 0
-23426159 0
75053098 0
-72379731 0
71861997 0
-66278508 0
-50974669 0
19147914 0
4945873 0
-87305278 0
14765930 0
-67920495 0
88561189 0
30701439 0
57793701 0
-30568772 0
-93769405 0
88866314 0
71927969 0
19875530 0
-28605094 0
53115686 0
48974778 0
-92614391 0
-27353730 0
41462516 0
-13455663 0
-97463409 0
-27019280 0
-50617863 0
36130747 0
-453395 0
-61599797 0
-82928463 0
72282495 0
73780493 0
24847922 0
-15880394 0
-57502052 0
38159830 0
65175322 0
2356490 0
27353743 0
60380583 0
42536353 0
-56591827 0
48875357 0
-40007512 0
-2206307 0
34175372 0
-18811980 0
12041139 0
35824461 0
-40996953 0
-70043617 0
-42970463 0
-65591087 0
23835093 0
45761429 0
75017678 0
-9241581 0
18258161 0
7103560 0
88133734 0
28353644 0
1951871 0
-30159794 0
36516046 0
-40585966 0
-77424174 0
43895929 0
-86802037 0
-97308710 0
-87319 0
45358888 0
-87539142 0
95597353 0
74577107 0
91373006 0
32917252 0
-6174914 0
-91942658 0
17783762 0
-66628901 0
-60282997 0
11085798 0
4272444 0
90574268 0
23175017 0
27757386 0
-90067781 0
25380449 0
98496494 0
31631896 0
28643905 0
-99127720 0
21905939 0
52463375 0
44597488 0
8338495 0
33392041 0
90094640 0
68130107 0
93403182 0
24437537 0
-75781925 0
25891461 0
-32445773 0
-99069806 0
-65237887 0
-84777899 0
38853455 0
-31393430 0
62505923 0
-62840266 0
-8054708 0
-40516791 0
62392773 0
55172752 0
-3948500 0
35582955 0
27143725 0
8288306 0
66087467 0
-22371803 0
4026517 0
79201076 0
-19420953 0
-97245478 0
76777959 0
15454030 0
-90589761 0
-63947000 0
-70623952 0
-1726628 0
41229244 0
99755370 0
-74989640 0
65670651 0
-87624887 0
-75997985 0
-53283888 0
59254163 0
-978629 0
73593341 0
66166836 0
-99473629 0
63664107 0
77987958 0
10671990 0
89848937 0
-47112863 0
92446391 0
-33425788 0
-20092364 0
22574183 0
63800588 0
-29802298 0
-2525840 0
71104077 0
7251266 0
-22471458 0
83192059 0
-99452492 0
75707458 0
-38132556 0
63348960 0
71981211 0
45487787 0
-21038835 0
-18716186 0
-77203633 0
23795779 0
28166010 0
19328646 0
55268652 0
26761754 0
-81359250 0
-65193172 0
-81356534 0
33297789 0
79564360 0
25468134 0
-90220862 0
27017677 0
-23991442 0
-88790664 0
-66805632 0
30513150 0
-43507253 0
622526 0
-86323494 0
69030102 0
-47872226 0
-20600639 0
8462541 0
-36921763 0
-78240585 0
-86277334 0
51593254 0
78335466 0
23412678 0
-39465326 0
38224254 0
72391457 0
17100648 0
84223826 0
-77825973 0
-26763746 0
-76922727 0
494244 0
74840146 0
71491078 0
-70952096 0
-81758414 0
53766413 0
64756319 0
15595840 0
-70699296 0
61090846 0
20885256 0
-45783790 0
-9016804 0
76840370 0
11596128 0
18666332 0
-68387608 0
-71800254 0
-65617872 0
85799020 0
-33570276 0
-67936258 0
52271443 0
38557206 0
-58601087 0
-79262056 0
89202087 0
-18552080 0
58825889 0
75879190 0
-36147773 0
-67645602 0
-79994009 0
-7768522 0
63511994 0
-85124937 0
-86534200 0
86821089 0
42713898 0
43294768 0
-21247326 0
40263362 0
20826811 0
-69905486 0
-16228395 0
-76970120 0
-53853436 0
38548326 0
-55657448 0
-60557545 0
-4755226 0
92802594 0
-49060716 0
75347729 0
-19262817 0
-93412214 0
15356205 0
65444697 0
-13903843 0
-44719771 0
-13611697 0
-72497866 0
-10333492 0
83515853 0
82942532 0
-86803727 0
-71738675 0
19608263 0
57134641 0
43896323 0
4886183 0
-82511649 0
-11589880 0
-44883457 0
-85093640 0
58376446 0
-67899616 0
83937600 0
-21074697 0
-49256547 0
-62286459 0
48838822 0
-39211045 0
-37573850 0
64680019 0
-54745810 0
55796680 0
-575802 0
-99437881 0
-24997522 0
44572763 0
1354629 0
86680845 0
7312453 0
87870042 0
-87233010 0
47409911 0
-76862962 0
23347047 0
84589218 0
21995591 0
43161994 0
90904725 0
64147551 0
31904790 0
-48889390 0
42796123 0
23012211 0
97783116 0
2066801 0
-42407876 0
-18600971 0
66946418 0
-89216240 0
83268614 0
72002008 0
45450022 0
11832559 0
29731931 0
-5393262 0
-76229475 0
78275770 0
-47644629 0
65378283 0
59714789 0
73554245 0
49764408 0
-15223631 0
72388021 0
36358721 0
17785945 0
-60074453 0
-93381997 0
-52257779 0
20350097 0
87075141 0
-3333281 0
-27019 0
-60998934 0
45719205 0
25915817 0
55245511 0
-29035638 0
-48996284 0
-40495536 0
86244837 0
14650313 0
-49908473 0
4632789 0
-15260832 0
-34863137 0
71494332 0
-72064568 0
43784580 0
-19635005 0
-41823720 0
51081565 0
59402601 0
33985330 0
1104017 0
-18299727 0
40856280 0
-5339164 0
23217132 0
-96922510 0
95291807 0
31424140 0
4010397 0
-25124535 0
95470117 0
88769679 0
65083528 0
21730376 0
-43432225 0
-7602877 0
25125575 0
23947781 0
93069588 0
-65706939 0
-38206057 0
-87765308 0
-66270248 0
53028592 0
90763012 0
24492688 0
-81418689 0
71521811 0
75975963 0
-74644692 0
-91503029 0
-98319418 0
-7236965 0
58995034 0
-45859324 0
23134149 0
-93227786 0
-60612378 0
26789310 0
-52747893 0
29569822 0
77657955 0
83422593 0
36393943 0
3873126 0
48420108 0
69969478 0
90033860 0
61235850 0
-9381437 0
-20580873 0
-91530264 0
65742232 0
-61628834 0
-73308921 0
6632288 0
51141084 0
-891505 0
-78174369 0
-91421134 0
70652644 0
-48157443 0
4572819 0
71203573 0
-69719724 0
-24621534 0
-53000805 0
-42191857 0
42588281 0
16143953 0
-11843833 0
38924846 0
73440550 0
59904509 0
30782741 0
-68309940 0
16213610 0
21919397 0
-73440617 0
18450502 0
42571811 0
-50125383 0
71816010 0
6531986 0
83611595 0
-52137174 0
-70282607 0
-37029941 0
-25520800 0
-30261684 0
88825885 0
90397664 0
53488593 0
-97559288 0
86059010 0
70489836 0
53420144 0
95352139 0
-91373206 0
-95370169 0
50024084 0
-20151926 0
92609505 0
-64432946 0
52787926 0
-51598104 0
46010612 0
-75277712 0
-23114470 0
-51592556 0
93202117 0
-82950193 0
-5602069 0
73838531 0
-27108856 0
-93101124 0
72578717 0
7865756 0
79507937 0
48898975 0
-77036771 0
57890923 0
-30222511 0
95181212 0
-33672551 0
-13374961 0
-10930000 0
67193153 0
604137 0
-60940399 0
-85515801 0
-56251008 0
-92641733 0
87378447 0
-86945438 0
-77652047 0
-47021765 0
-62484795 0
-20042934 0
64893199 0
39299707 0
-3977062 0
87178081 0
-97508253 0
-3079468 0
-40155312 0
-91399230 0
-80339610 0
-99123613 0
40536769 0
5846012 0
70638827 0
41598068 0
83779102 0
42986475 0
-97552655 0
2384818 0
99867830 0
-55833930 0
86425610 0
94825241 0
-71639897 0
17226570 0
-28232871 0
60485267 0
71707049 0
-22527731 0
-31863917 0
-92987335 0
75188817 0
-59294348 0
-38812523 0
-29515685 0
-23519433 0
-87572823 0
-34231411 0
25963078 0
-23677165 0
93225152 0
-16791266 0
15122498 0
98294592 0
63602277 0
95407756 0
20785255 0
-30177354 0
64664111 0
-53090589 0
5892764 0
58940124 0
-1973396 0
68430518 0
-67785422 0
36760158 0
-8522789 0
-39288373 0
26631496 0
2316932 0
-82288510 0
-79078675 0
-83321840 0
28872030 0
16390824 0
56965313 0
-40756280 0
59736189 0
68711443 0
11537534 0
-42593773 0
-2103344 0
42663838 0
-48794643 0
85389537 0
-63180010 0
31992375 0
-53453763 0
-73873557 0
-36284607 0
90182352 0
19200497 0
-83980135 0
98837682 0
-71142124 0
-2931240 0
47477647 0
-98796661 0
-10393924 0
-21820498 0
74349575 0
-70468005 0
-63026846 0
-70950177 0
-5118898 0
-90398633 0
-94903305 0
14928841 0
72611991 0
462385 0
-73488114 0
46944290 0
-3438327 0
18054917 0
-5594080 0
-77312393 0
-29721904 0
-84899262 0
-28737391 0
-38279938 0
8859348 0
89360543 0
-67484749 0
53958291 0
-19404753 0
22077833 0
95146008 0
41222673 0
48848956 0
-30478968 0
-36739606 0
-57442626 0
34077025 0
-33067920 0
79983580 0
56817168 0
16184139 0
4378522 0
-45488436 0
-75085573 0
-22028989 0
6973300 0
87988752 0
-16358432 0
62941520 0
-24654087 0
-66653525 0
-5308690 0
3060073 0
-996266 0
33269036 0
-24782353 0
56842192 0
-92698762 0
