10 700 1 8
12345 11866530
12345 32409121
12345 -68859348
12345 27368788
12345 -34779504
12345 97638595
12345 55104204
12345 10760426
12345 56371960
12345 -12108593
12345 73234592
12345 -52695677
12345 -62000876
12345 72632432
12345 32204435
12345 -97328649
12345 87909750
12345 -19930527
12345 59501702
12345 -30685411
12345 -80414339
12345 95887661
12345 -60819457
12345 37298526
12345 -46407847
12345 46320947
12345 71099793
12345 4469005
12345 93855814
12345 41574759
12345 -9959193
12345 -59644939
12345 -19900685
12345 64412134
12345 -67799172
12345 38688715
12345 70948070
12345 24241031
12345 -49410587
12345 -13453566
12345 -75653747
12345 -86398212
12345 -92655068
12345 -91341897
12345 -4515599
12345 38453652
12345 -65702029
12345 -64217964
12345 3356350
12345 82517550
12345 41451027
12345 -58054364
12345 -42119043
12345 96780443
12345 3519314
12345 16668919
12345 39317428
12345 57564359
12345 50129503
12345 -19079750
12345 57274680
12345 71439357
12345 20342242
12345 91200465
12345 81010319
12345 -8576184
12345 89447604
12345 6515377
12345 31019829
12345 -79968728
12345 3515158
12345 -9183610
12345 73346151
12345 91715403
12345 -53740350
12345 58648483
12345 -60928947
12345 49179282
12345 15818891
12345 -83513620
12345 14650007
12345 44729836
12345 38423077
12345 -97111146
12345 84083144
12345 -59895912
12345 -65520011
12345 67628149
12345 -1132549
12345 -8894713
12345 10184220
12345 -98159830
12345 22940902
12345 98255005
12345 -6591698
12345 -89250007
12345 26508519
12345 34870219
12345 -5032515
12345 56739042
12345 -22943202
12345 14323018
12345 -19995272
12345 44440287
12345 4500113
12345 53236182
12345 65704726
12345 9526720
12345 40910595
12345 -17799958
12345 -83026525
12345 65242652
12345 87095943
12345 -36889719
12345 -47389484
12345 10954969
12345 17515266
12345 -65254738
12345 48681084
12345 50605293
12345 -19402040
12345 -94316539
12345 -40038799
12345 -23495558
12345 40934241
12345 -8720728
12345 -91079159
12345 57301484
12345 66701345
12345 64333883
12345 78283801
12345 42214847
12345 -52279667
12345 -40348135
12345 -77475361
12345 -24886911
12345 -8452247
12345 92807362
12345 -49568615
12345 -10374632
12345 38921071
12345 -64522485
12345 -60893503
12345 52990915
12345 -33456177
12345 -23615745
12345 31386296
12345 -5660717
12345 -22928210
12345 -22675773
12345 -24169561
12345 45670472
12345 82976365
12345 -49758636
12345 70170094
12345 -40048509
12345 35397022
12345 -681228
12345 40549077
12345 95115175
12345 -76185482
12345 16675841
12345 84406838
12345 -80020803
12345 5776917
12345 20255216
12345 -37986411
12345 81215376
12345 20204477
12345 -42527392
12345 -48695166
12345 10594772
12345 -45280705
12345 -85869586
12345 30551162
12345 40517271
12345 -49688681
12345 -98902801
12345 35244661
12345 -49197969
12345 56841988
12345 -30413163
12345 -12323162
12345 -27019756
12345 17937293
12345 -70596222
12345 -79828051
12345 -12618772
12345 19615081
12345 77241231
12345 -36985344
12345 -51157987
12345 70599216
12345 65498592
12345 -17847141
12345 46259449
12345 -42927895
12345 52714040
12345 -21646585
12345 81925308
12345 -30189131
12345 -4874832
12345 -48128191
12345 84333813
12345 83126613
12345 -31879230
12345 93566163
12345 -46640954
12345 97090769
12345 78434291
12345 34395248
12345 9895253
12345 82936965
12345 24453338
12345 58981957
12345 52316161
12345 1160323
12345 15601609
12345 -4071927
12345 -53497499
12345 -57472012
12345 -22643982
12345 -47758587
12345 -53467796
12345 -19814172
12345 -76936760
12345 79589732
12345 84358142
12345 72656016
12345 -88636415
12345 -16245405
12345 36210525
12345 41261969
12345 25400692
12345 1534784
12345 47903620
12345 26489152
12345 -29608412
12345 -3995120
12345 -36689506
12345 -20667754
12345 -95535032
12345 91861165
12345 -38876513
12345 -17104985
12345 79254777
12345 34281342
12345 22710424
12345 -66036300
12345 -70727301
12345 12859649
12345 40065354
12345 -43497415
12345 3905103
12345 -94921878
12345 -3562754
12345 -63041949
12345 93128386
12345 -60027550
12345 -6075797
12345 -59467242
12345 26654955
12345 -21680854
12345 71861332
12345 18854646
12345 -50948374
12345 -48224737
12345 95712705
12345 26951342
12345 13894211
12345 7297575
12345 37418618
12345 7092121
12345 -31031347
12345 48732678
12345 19478237
12345 44636509
12345 -90035362
12345 -93247231
12345 40273701
12345 -62854256
12345 19946116
12345 -82941589
12345 -96859580
12345 -29638552
12345 9125666
12345 44329824
12345 49511564
12345 68622644
12345 -86135419
12345 -94925316
12345 87878002
12345 67760319
12345 66466661
12345 71136873
12345 -17104977
12345 -89019913
12345 -75047620
12345 -43859427
12345 -99186790
12345 -70678131
12345 -74906631
12345 -19437821
12345 56757037
12345 37109439
12345 -24052154
12345 26541664
12345 27633413
12345 93483212
12345 88299257
12345 -95250966
12345 65082730
12345 37176905
12345 97228831
12345 -58658470
12345 -509043
12345 83093628
12345 -55452752
12345 72763652
12345 -4844543
12345 25017836
12345 -56990625
12345 350941
12345 93451851
12345 -86063101
12345 -51989920
12345 -70500134
12345 6257476
12345 19374507
12345 -25870433
12345 -53356265
12345 42334423
12345 83849312
12345 68612399
12345 -88076536
12345 -35700392
12345 -48287703
12345 -59105282
12345 -17969401
12345 69443345
12345 -55862380
12345 51405898
12345 76830113
12345 -20402002
12345 -6089691
12345 3913422
12345 -83857696
12345 -10219328
12345 -31200495
12345 -76102119
12345 -46245927
12345 17435399
12345 45664380
12345 3340974
12345 -4497013
12345 -87415505
12345 -62584752
12345 -75034448
12345 719372
12345 -50919374
12345 -8615930
12345 11815384
12345 80055029
12345 -51410913
12345 48545724
12345 67833409
12345 -98191749
12345 4225215
12345 62540639
12345 54702652
12345 98186500
12345 -52896281
12345 -12881605
12345 34635061
12345 40826778
12345 -31764344
12345 85120064
12345 -49096122
12345 81112986
12345 -83270979
12345 44480453
12345 81767080
12345 -18633048
12345 -55210174
12345 65271725
12345 -32197524
12345 -80465732
12345 75301234
12345 -47874819
12345 -50158294
12345 86509368
12345 25260005
12345 58422490
12345 -92376601
12345 18732300
12345 -32621682
12345 -48738712
12345 -78766643
12345 14315846
12345 -1627603
12345 -74536130
12345 -41078853
12345 76225548
12345 -22558660
12345 -47493286
12345 81522775
12345 69694554
12345 -40402146
12345 -84219767
12345 -21987897
12345 56161996
12345 12902639
12345 41206738
12345 -83006115
12345 34362342
12345 -88768296
12345 -95237687
12345 -62082274
12345 96331176
12345 80096224
12345 -80523557
12345 51905397
12345 52706375
12345 17028187
12345 90655691
12345 -91388330
12345 -46733792
12345 86752589
12345 66192727
12345 -62745098
12345 -56254159
12345 91546263
12345 -42764118
12345 -52776765
12345 -81906194
12345 66024771
12345 60059342
12345 60747722
12345 -77778498
12345 -38924304
12345 83324685
12345 -44238784
12345 51875433
12345 -39045951
12345 -31298605
12345 -50823653
12345 -43599108
12345 26845080
12345 37953915
12345 -2739113
12345 -41883215
12345 -23261059
12345 -86134546
12345 4414969
12345 -73523701
12345 -14980192
12345 -4377125
12345 5953345
12345 73549369
12345 -29641988
12345 -74940983
12345 -94270767
12345 -42002117
12345 -82731502
12345 -46315260
12345 11071770
12345 20673509
12345 -3670468
12345 -40266244
12345 22485596
12345 3955887
12345 48435986
12345 38388788
12345 39988093
12345 12153661
12345 -95747136
12345 1229900
12345 40292864
12345 -51532980
12345 50526039
12345 17559959
12345 98988446
12345 33200497
12345 -81838823
12345 -9199568
12345 -94125591
12345 -36363147
12345 23351452
12345 70928171
12345 80860812
12345 -76356931
12345 8301846
12345 21175318
12345 -17808318
12345 -12193039
12345 19794146
12345 26896550
12345 -32147367
12345 80922756
12345 57642155
12345 27652549
12345 44740557
12345 62762530
12345 -82186372
12345 49631791
12345 60742850
12345 -35999200
12345 -66262526
12345 -93380452
12345 37153560
12345 8996201
12345 -63654794
12345 -32778188
12345 71346020
12345 72650969
12345 4273291
12345 93825432
12345 -98842243
12345 -68719879
12345 59368871
12345 -34788325
12345 -2707363
12345 -65610791
12345 -82718950
12345 4214424
12345 -96251746
12345 -54185436
12345 1604077
12345 -30801762
12345 -41037332
12345 93021713
12345 15994395
12345 -65915679
12345 -72216629
12345 62261308
12345 -10484767
12345 95747138
12345 59848620
12345 40298308
12345 9572454
12345 51489818
12345 -79220808
12345 -92921389
12345 63926053
12345 -32998438
12345 94195575
12345 -58435952
12345 82022479
12345 10005800
12345 40792839
12345 55200001
12345 -38677944
12345 44671198
12345 47528249
12345 -26962254
12345 40854298
12345 63855019
12345 74339728
12345 -49035790
12345 -58664990
12345 -65379310
12345 56404042
12345 -41485429
12345 -18225446
12345 82385905
12345 20878772
12345 84734964
12345 -53773994
12345 -59187108
12345 -23980726
12345 48322285
12345 12074493
12345 -27334222
12345 -49206352
12345 -96472320
12345 -99260898
12345 83801093
12345 -75019500
12345 -17393350
12345 52097445
12345 -40009676
12345 72879394
12345 -37409928
12345 -55318400
12345 -49236828
12345 40177698
12345 66568025
12345 -55215745
12345 -40656339
12345 83259336
12345 72170899
12345 26485824
12345 -98153240
12345 -77396128
12345 1669318
12345 -83167614
12345 -32801216
12345 89078964
12345 16645419
12345 68697980
12345 74386144
12345 -79592678
12345 -91489403
12345 -76025061
12345 69139036
12345 -14340173
12345 71833446
12345 -94189964
12345 50199789
12345 59521612
12345 86855200
12345 17199338
12345 1713286
12345 69984840
12345 88815766
12345 -20613199
12345 45336784
12345 -38645951
12345 12334365
12345 45360318
12345 40784301
12345 -49778046
12345 -51317487
12345 -67907037
12345 -46204669
12345 -60735037
12345 -72685399
12345 13920389
12345 85821172
12345 -48557228
12345 -99454640
12345 -81337825
12345 38913594
12345 -27085331
12345 -34505320
12345 27387246
12345 -74999786
12345 -5058248
12345 -31441912
12345 3144774
12345 -70563163
12345 11818119
12345 3155647
12345 20665854
12345 -50644451
12345 -22640230
12345 -33783616
12345 51031606
12345 -54734424
12345 -85591050
12345 54214455
12345 97015921
12345 40805103
12345 14932540
12345 51062450
12345 37378475
12345 84132506
12345 -9767158
12345 -19436489
12345 -58216648
12345 83849728
12345 88499780
12345 32171080
12345 -4067874
12345 99764889
12345 46568699
12345 21302277
12345 -51810581
12345 -96207331
12345 85127274
12345 35222748
12345 -50024872
12345 18124788
12345 -77620602
12345 -8024595
12345 -27373227
12345 -19302289
12345 -63869902
12345 -19040318
12345 -35626750
12345 -20819773
12345 21005611
12345 80133106
12345 77647286
12345 65239698
12345 -7431875
12345 90474220
12345 -64620
12345 19805977
12345 20179652
12345 95463167
12345 -92350561
12345 -23181857
12345 56591940
12345 59738432
12345 -77794920
12345 96709869
12345 49466941
12345 35099025
12345 -56939363
