10 700 1 4
-70132334 54321
94483453 54321
-28838988 54321
-62868675 54321
13501646 54321
-29170538 54321
79560186 54321
83556680 54321
-12575709 54321
72736646 54321
97342687 54321
29540462 54321
21227382 54321
72232524 54321
51166109 54321
-29983388 54321
43069090 54321
-47491178 54321
11007789 54321
-95073684 54321
-37820687 54321
-69309576 54321
-34440344 54321
-36792345 54321
28809939 54321
45181601 54321
-7724640 54321
27418605 54321
87704595 54321
-9394473 54321
37917110 54321
-68019289 54321
-23248997 54321
56437761 54321
44647434 54321
-28611790 54321
-59894424 54321
-46797749 54321
12388908 54321
-73160676 54321
76487027 54321
11287380 54321
-1780707 54321
-77661974 54321
22314237 54321
9453389 54321
48443791 54321
31895529 54321
38605545 54321
82335172 54321
45211002 54321
62929271 54321
-34149443 54321
15902650 54321
-46902305 54321
-26655059 54321
-67274790 54321
23937282 54321
-26226453 54321
53774256 54321
90423299 54321
31870759 54321
-36048509 54321
54426821 54321
-61990234 54321
9870879 54321
73520542 54321
22929139 54321
41001418 54321
89840940 54321
38340172 54321
-2962471 54321
-65431662 54321
-8596070 54321
83943844 54321
-36880488 54321
-23673311 54321
-98518174 54321
11686201 54321
-64099401 54321
-66109946 54321
5669559 54321
-85282793 54321
50140543 54321
-41687993 54321
24441461 54321
-10776631 54321
-32767936 54321
76355151 54321
-35575075 54321
-32214593 54321
-34657716 54321
-43245238 54321
-30005217 54321
36481795 54321
9463644 54321
35781630 54321
-98117449 54321
-69226287 54321
-76344795 54321
6303433 54321
58407668 54321
6147438 54321
75226177 54321
-529369 54321
30218790 54321
-8839616 54321
-65786918 54321
-49703632 54321
57165882 54321
66551562 54321
75979914 54321
-44278538 54321
44093331 54321
-63523342 54321
37304079 54321
-26959660 54321
-48179083 54321
-36896694 54321
-6375646 54321
28805952 54321
-51281916 54321
52142178 54321
-30253386 54321
-87328458 54321
35698385 54321
36936075 54321
-9652883 54321
-62012672 54321
30020202 54321
-59743761 54321
20884489 54321
-55848406 54321
-7818406 54321
38242799 54321
-87107699 54321
51998094 54321
-5285311 54321
-28920806 54321
-25466252 54321
-27592015 54321
-69180862 54321
-77806211 54321
9246628 54321
19773955 54321
60307405 54321
-90133925 54321
42686978 54321
-51154444 54321
-16945168 54321
94139480 54321
79362291 54321
89063179 54321
-85467586 54321
-3650311 54321
-76895819 54321
-76872740 54321
-94401580 54321
74750240 54321
-127938 54321
-9931323 54321
-66829014 54321
-6974328 54321
-92349495 54321
71528260 54321
41385463 54321
71757176 54321
-17506235 54321
27520773 54321
17628070 54321
69639754 54321
65142545 54321
-93173720 54321
-1109549 54321
2935907 54321
67530326 54321
-98793352 54321
47358431 54321
-96361363 54321
-88962519 54321
-64076897 54321
24881987 54321
-60372897 54321
-87418641 54321
6122311 54321
-13540189 54321
17100446 54321
69925165 54321
60473655 54321
-39395495 54321
-59942038 54321
9990046 54321
-9741519 54321
-52332447 54321
72999513 54321
80321241 54321
-87722792 54321
-60623357 54321
-421299 54321
-5029947 54321
59165750 54321
64397689 54321
-94382799 54321
-56503567 54321
64744654 54321
16398339 54321
55545229 54321
-34041555 54321
-31006108 54321
-83031042 54321
-92048706 54321
25929412 54321
56820147 54321
-9961021 54321
69148347 54321
90001089 54321
-61802367 54321
67970436 54321
-35374907 54321
-8957855 54321
-42192881 54321
56317662 54321
34849944 54321
-30805499 54321
-40519047 54321
75882912 54321
39498198 54321
-17852221 54321
8727743 54321
-3933532 54321
99803034 54321
13473645 54321
48457748 54321
26502937 54321
43467541 54321
1078594 54321
832269 54321
-99595240 54321
-64721784 54321
-32170843 54321
-99592777 54321
-72183916 54321
2007763 54321
-39288713 54321
-51612756 54321
81498456 54321
-18988348 54321
-17362600 54321
-39846619 54321
-75108272 54321
17946278 54321
-10258550 54321
25269890 54321
9713666 54321
-77097767 54321
52449300 54321
-87198517 54321
69936329 54321
-96891411 54321
89489025 54321
15006245 54321
44835419 54321
99962015 54321
-33264017 54321
62832600 54321
16591014 54321
-88536094 54321
-84557674 54321
-48660390 54321
19655031 54321
-96504007 54321
-19216367 54321
-94578196 54321
58996683 54321
-11295706 54321
-17941651 54321
74803858 54321
-17914203 54321
45019596 54321
19716135 54321
-99708532 54321
-74626662 54321
20948525 54321
-57316522 54321
17551587 54321
-64450544 54321
-80193369 54321
62670237 54321
85174621 54321
-65342348 54321
77947031 54321
39866980 54321
-24740266 54321
-54826792 54321
-46784662 54321
94135204 54321
40603477 54321
-90506691 54321
-19368465 54321
87799353 54321
28484556 54321
-71953189 54321
44457111 54321
87884346 54321
26389095 54321
32785198 54321
39143918 54321
18691077 54321
61139631 54321
60203076 54321
-29527679 54321
25007416 54321
-13167526 54321
99031087 54321
60311663 54321
27823283 54321
67733608 54321
5960301 54321
-32924096 54321
11803245 54321
57271279 54321
-90366643 54321
-23697859 54321
-61868454 54321
-44703260 54321
-95407696 54321
-96335010 54321
-66527920 54321
-80672530 54321
27473989 54321
81167585 54321
53692240 54321
-73201509 54321
-90928203 54321
-88901409 54321
210666 54321
86209007 54321
-33040858 54321
10071132 54321
-5168491 54321
21771131 54321
-89682135 54321
-70358857 54321
-2887178 54321
-72614325 54321
-82016563 54321
-88720914 54321
19756430 54321
-86723300 54321
-15900513 54321
58160959 54321
898509 54321
-26488702 54321
-43586704 54321
-51521667 54321
75378720 54321
16547911 54321
28614709 54321
-8163363 54321
-87381395 54321
93689841 54321
-2609202 54321
-29490561 54321
27985698 54321
61914772 54321
-10460323 54321
-37624994 54321
37691582 54321
-67531557 54321
6615276 54321
4517977 54321
-90129364 54321
73951481 54321
-76181187 54321
98539034 54321
70630732 54321
-12266808 54321
-72922060 54321
83726005 54321
39036359 54321
90406824 54321
-87159455 54321
-85479203 54321
-29391340 54321
-90144373 54321
-10542687 54321
69456833 54321
78783170 54321
-97484695 54321
-44304177 54321
-22134562 54321
-64478973 54321
15005670 54321
-7542275 54321
-38885800 54321
-96846346 54321
96013071 54321
1157650 54321
21946332 54321
-33145916 54321
-48421172 54321
-84700160 54321
-12320824 54321
74314260 54321
61964295 54321
27173081 54321
-88103895 54321
42100463 54321
85090918 54321
70430376 54321
-52083806 54321
-84003436 54321
-66507707 54321
14071949 54321
98827364 54321
-16568037 54321
28464469 54321
92876790 54321
46543927 54321
69217653 54321
-16179387 54321
-38717085 54321
80822827 54321
-64234456 54321
-11478080 54321
84768559 54321
-19651936 54321
3464363 54321
66147972 54321
12370675 54321
-61449439 54321
-30173956 54321
-6431556 54321
-5641611 54321
-26522314 54321
6944337 54321
35189107 54321
-46135588 54321
60801107 54321
-10065241 54321
-82208343 54321
-69270859 54321
-72935317 54321
45244654 54321
68427621 54321
15677498 54321
-34937594 54321
76584140 54321
-4430936 54321
39914712 54321
22364512 54321
-53194020 54321
88415884 54321
-50956373 54321
-30766019 54321
1120201 54321
-58803165 54321
-68844571 54321
-86811481 54321
4717951 54321
96764541 54321
-65868864 54321
72219873 54321
-71380827 54321
-13295330 54321
67210597 54321
90995574 54321
7308043 54321
-5614440 54321
66865846 54321
-53107923 54321
-49546840 54321
-99289362 54321
54961346 54321
-28722514 54321
-49578243 54321
97078434 54321
70964663 54321
72901754 54321
44634028 54321
3970457 54321
53837047 54321
24864893 54321
97356111 54321
12819360 54321
-64762775 54321
64011136 54321
-26151656 54321
50601727 54321
-83260306 54321
-49439046 54321
9534429 54321
-99261013 54321
32912862 54321
10622773 54321
-80449406 54321
-25773868 54321
33132849 54321
-15025714 54321
-51673685 54321
-94033771 54321
96488103 54321
87440729 54321
-96260601 54321
-5566008 54321
-79477758 54321
-99754501 54321
-56000644 54321
67322976 54321
63416872 54321
-54045827 54321
-37591384 54321
75384274 54321
-97264386 54321
-178374 54321
-77865887 54321
-20150311 54321
-75884811 54321
10972668 54321
-3090323 54321
53796988 54321
61057680 54321
18288229 54321
92996863 54321
-16300533 54321
-8067294 54321
10066657 54321
26647770 54321
-83365730 54321
65572276 54321
42412390 54321
-71758159 54321
66305063 54321
-99684418 54321
81851019 54321
51266164 54321
-75017458 54321
34510267 54321
-44291183 54321
-82505618 54321
98162769 54321
-24695642 54321
83413842 54321
34361792 54321
-2178151 54321
7984920 54321
63829638 54321
50857555 54321
-77318697 54321
94343920 54321
-82787216 54321
-48964671 54321
-14293234 54321
70284274 54321
79985906 54321
61982608 54321
61252392 54321
-96087798 54321
27383621 54321
-29025751 54321
-17327656 54321
-14720073 54321
71998547 54321
56526566 54321
57733608 54321
58854222 54321
36352408 54321
57992804 54321
-51592979 54321
733545 54321
86007703 54321
-91228426 54321
63652992 54321
-43627712 54321
81709275 54321
53479077 54321
-41253385 54321
81372718 54321
-54282135 54321
79901928 54321
-34416805 54321
46219401 54321
-25496235 54321
64527003 54321
-56803110 54321
-8395770 54321
5454715 54321
-35831247 54321
33149003 54321
-9630421 54321
55361725 54321
-15143953 54321
76319198 54321
23907989 54321
-12902653 54321
-35650578 54321
4084489 54321
-23616972 54321
82397012 54321
-21109980 54321
65851030 54321
-63925455 54321
-57528549 54321
54166825 54321
6958201 54321
-59249936 54321
-97694533 54321
-26536842 54321
58347785 54321
60415362 54321
-53670093 54321
26100897 54321
86434447 54321
2370644 54321
56448776 54321
-36324009 54321
70948875 54321
-76276464 54321
79943209 54321
21837252 54321
46259899 54321
47588555 54321
-63007362 54321
60353159 54321
3047575 54321
58785187 54321
29682670 54321
67010016 54321
-64267394 54321
59571093 54321
15433146 54321
93809969 54321
-31595658 54321
51672033 54321
-552157 54321
83447287 54321
-46912659 54321
-70583569 54321
-10065289 54321
1997526 54321
19847672 54321
87641102 54321
92579878 54321
-59353186 54321
-11652301 54321
37442176 54321
-5660284 54321
4053902 54321
7380529 54321
-47103632 54321
60836403 54321
34902595 54321
97862123 54321
55391874 54321
99183666 54321
-24200207 54321
-14013146 54321
39750591 54321
76806697 54321
34732685 54321
-42083880 54321
48736119 54321
-3278435 54321
-81481317 54321
9162776 54321
2990969 54321
81872937 54321
-40312332 54321
-93624111 54321
-78851793 54321
82382440 54321
6738151 54321
95626808 54321
-43615471 54321
-82157272 54321
-45576165 54321
16923905 54321
95843326 54321
-24866146 54321
-50710128 54321
-42615052 54321
77021368 54321
65772332 54321
8771565 54321
70799816 54321
-52196025 54321
-36839106 54321
93804356 54321
60228704 54321
37058989 54321
82560589 54321
15522822 54321
-20143015 54321
-21583157 54321
-92468237 54321
-30998066 54321
34746990 54321
46453889 54321
-59113897 54321
-57195864 54321
