10 700 5 27
-3976426 3977026
-1648173 1648773
3125771 -3125171
-6960720 6961320
-6776050 6776650
-2113634 2114234
-8776569 8777169
5638077 -5637477
6844481 -6843881
3987375 -3986775
4401318 -4400718
-528894 529494
7809976 -7809376
7885115 -7884515
-4385647 4386247
-116191 116791
-9010491 9011091
-2021653 2022253
9659343 -9658743
-1527735 1528335
7242931 -7242331
-2466739 2467339
-49039 49639
-4682596 4683196
-5238026 5238626
1923014 -1922414
7786920 -7786320
-7675233 7675833
6523664 -6523064
1380982 -1380382
-5282070 5282670
-1145633 1146233
-9897758 9898358
-3443383 3443983
-4292096 4292696
8111943 -8111343
-7335798 7336398
-2610496 2611096
2401041 -2400441
3626722 -3626122
-9963134 9963734
-2813440 2814040
-2799110 2799710
2278150 -2277550
-641541 642141
4192120 -4191520
8079211 -8078611
496604 -496004
2279374 -2278774
9103806 -9103206
-2626963 2627563
-9109384 9109984
-3051162 3051762
-6390107 6390707
5015526 -5014926
5691253 -5690653
4518566 -4517966
3573044 -3572444
-6909274 6909874
-3907957 3908557
-6899557 6900157
5941256 -5940656
-719379 719979
-8431367 8431967
2736403 -2735803
-1799870 1800470
-1024836 1025436
2654256 -2653656
5789981 -5789381
4533417 -4532817
-9504638 9505238
8471542 -8470942
-9875849 9876449
-6387187 6387787
972726 -972126
-9842914 9843514
-3691073 3691673
-3172458 3173058
8367391 -8366791
-6117717 6118317
6973014 -6972414
7180871 -7180271
-7534318 7534918
-7414724 7415324
1443715 -1443115
-2412137 2412737
5617688 -5617088
7507412 -7506812
-5849093 5849693
934817 -934217
-3175068 3175668
6322582 -6321982
5530372 -5529772
-8664037 8664637
6133235 -6132635
-5750784 5751384
-3032556 3033156
-6335784 6336384
-4605165 4605765
3504209 -3503609
-2513745 2514345
6038691 -6038091
2274111 -2273511
3530761 -3530161
-3423157 3423757
-6171017 6171617
-1359059 1359659
9790612 -9790012
-8181863 8182463
7541148 -7540548
-8653817 8654417
-1712011 1712611
6806959 -6806359
4443431 -4442831
-316941 317541
-6157046 6157646
-9952318 9952918
-2042340 2042940
-6313044 6313644
-2897807 2898407
-4803324 4803924
-6838382 6838982
6782916 -6782316
8382163 -8381563
-2768717 2769317
6829331 -6828731
4349447 -4348847
5531204 -5530604
3586406 -3585806
-8049994 8050594
4028173 -4027573
-384301 384901
-8948257 8948857
1939069 -1938469
7357052 -7356452
-2625085 2625685
3006001 -3005401
8191874 -8191274
-2664041 2664641
5999726 -5999126
6932970 -6932370
7242433 -7241833
527001 -526401
2064822 -2064222
-4447982 4448582
3308170 -3307570
6002269 -6001669
101388 -100788
6824341 -6823741
-8147544 8148144
3319046 -3318446
5508262 -5507662
9472405 -9471805
-9520954 9521554
2720529 -2719929
-6042972 6043572
5553800 -5553200
-8442502 8443102
234364 -233764
-7567878 7568478
-923628 924228
-6682463 6683063
-4492100 4492700
-1512983 1513583
-747920 748520
-7153684 7154284
4863471 -4862871
7812441 -7811841
-3373208 3373808
-4822484 4823084
8176889 -8176289
-1890245 1890845
3369225 -3368625
693952 -693352
9196341 -9195741
2635882 -2635282
-1153372 1153972
8698678 -8698078
4668916 -4668316
3723726 -3723126
-9974143 9974743
-8669615 8670215
3647765 -3647165
6658357 -6657757
-5296281 5296881
-8258731 8259331
-1429053 1429653
9991818 -9991218
-166588 167188
269192 -268592
-5213164 5213764
9905097 -9904497
-4469740 4470340
-4292149 4292749
-8154377 8154977
4027530 -4026930
-4180226 4180826
6390095 -6389495
-6208846 6209446
-5248470 5249070
-7812602 7813202
2537108 -2536508
-2756168 2756768
3268043 -3267443
-8111124 8111724
6348971 -6348371
-1063802 1064402
6600777 -6600177
-2869594 2870194
-8407196 8407796
-6973461 6974061
5399585 -5398985
-9668652 9669252
1490595 -1489995
-6035951 6036551
-3253929 3254529
-3396039 3396639
-9330054 9330654
9249866 -9249266
3117793 -3117193
1418931 -1418331
5786429 -5785829
9219284 -9218684
-9538117 9538717
-969579 970179
654846 -654246
4998098 -4997498
9937048 -9936448
6103900 -6103300
-9963398 9963998
-7275262 7275862
-9029790 9030390
-2574997 2575597
-2485415 2486015
-9493174 9493774
2312529 -2311929
-608735 609335
-6094100 6094700
849957 -849357
784961 -784361
-1464843 1465443
-3307134 3307734
9410254 -9409654
3451030 -3450430
-565301 565901
3503377 -3502777
5869653 -5869053
8553633 -8553033
9611434 -9610834
-6241452 6242052
-6193347 6193947
-242165 242765
-6564021 6564621
-3766436 3767036
-3568415 3569015
2604172 -2603572
8457761 -8457161
-5320477 5321077
4528175 -4527575
7225672 -7225072
1939733 -1939133
1842054 -1841454
-1981596 1982196
-2907083 2907683
-6848836 6849436
8909941 -8909341
4861439 -4860839
-7206640 7207240
-5280527 5281127
716460 -715860
9946474 -9945874
-2981955 2982555
1733013 -1732413
742807 -742207
7301971 -7301371
-5117806 5118406
-7172481 7173081
-6522326 6522926
-9643381 9643981
-9516005 9516605
9982884 -9982284
-1116154 1116754
-1359198 1359798
-9657097 9657697
6022069 -6021469
-6991501 6992101
-4311204 4311804
2814971 -2814371
5432659 -5432059
-7074486 7075086
-2343979 2344579
-5838772 5839372
8360125 -8359525
-2131208 2131808
8045512 -8044912
-2207896 2208496
6499931 -6499331
-2268429 2269029
2759343 -2758743
1272920 -1272320
-6960305 6960905
332312 -331712
-2045073 2045673
4377827 -4377227
6752090 -6751490
-4811391 4811991
-6247773 6248373
9416248 -9415648
-99582 100182
2090984 -2090384
-8506797 8507397
-7923266 7923866
2199306 -2198706
7693692 -7693092
5685076 -5684476
-8991590 8992190
-8272332 8272932
-9783405 9784005
-9514882 9515482
7450639 -7450039
-6706394 6706994
2324538 -2323938
-7132703 7133303
539627 -539027
-9440455 9441055
-837163 837763
-9687323 9687923
-171715 172315
2832470 -2831870
903489 -902889
4305961 -4305361
4721231 -4720631
-3429706 3430306
1818097 -1817497
-5085922 5086522
2219866 -2219266
-5898308 5898908
351188 -350588
-3130002 3130602
1979886 -1979286
-6479035 6479635
6480694 -6480094
5659404 -5658804
-3501854 3502454
2052829 -2052229
-6819617 6820217
8729336 -8728736
5585354 -5584754
2856888 -2856288
3222758 -3222158
-5619651 5620251
9256134 -9255534
-6358463 6359063
-4041926 4042526
-6519905 6520505
-8105580 8106180
-5474824 5475424
-4448317 4448917
1179514 -1178914
-5578800 5579400
8021113 -8020513
6887011 -6886411
2820671 -2820071
-3538221 3538821
-2892562 2893162
5707592 -5706992
-5770518 5771118
-3940425 3941025
9964154 -9963554
-8764955 8765555
-7996527 7997127
-280414 281014
1520992 -1520392
-8824366 8824966
9737146 -9736546
-5922332 5922932
8366542 -8365942
-1651186 1651786
-7564296 7564896
-8064851 8065451
1473731 -1473131
-5693106 5693706
4493401 -4492801
-6517319 6517919
8550672 -8550072
6727514 -6726914
-2077210 2077810
6329837 -6329237
-5786292 5786892
-5057458 5058058
9148272 -9147672
-269571 270171
-5736868 5737468
-3417439 3418039
5170937 -5170337
-7089096 7089696
-8017396 8017996
7946432 -7945832
-4325594 4326194
7607485 -7606885
4672624 -4672024
-6133045 6133645
6497653 -6497053
2972348 -2971748
2361443 -2360843
7975757 -7975157
-937574 938174
4172875 -4172275
7703266 -7702666
-9556754 9557354
7340398 -7339798
-3838923 3839523
-5784930 5785530
3446094 -3445494
1188082 -1187482
-1069725 1070325
9645313 -9644713
-2775365 2775965
5479738 -5479138
1685570 -1684970
-1693445 1694045
8780270 -8779670
4280355 -4279755
-2107988 2108588
2952277 -2951677
-1807423 1808023
-185976 186576
2576769 -2576169
2992340 -2991740
9023866 -9023266
2498563 -2497963
1849610 -1849010
-9742896 9743496
-5481561 5482161
-4265882 4266482
-5332602 5333202
8147772 -8147172
-2279466 2280066
-7382781 7383381
4756195 -4755595
-2080071 2080671
4917487 -4916887
8384676 -8384076
-6947596 6948196
4447775 -4447175
3138720 -3138120
688361 -687761
-355733 356333
-2305736 2306336
3232007 -3231407
-2538661 2539261
7320554 -7319954
-4797400 4798000
-3223948 3224548
8071729 -8071129
-3936719 3937319
-5142564 5143164
-1925008 1925608
5658973 -5658373
-7250013 7250613
-8110109 8110709
-6900251 6900851
-6541358 6541958
5202778 -5202178
9475544 -9474944
689511 -688911
-9533268 9533868
5165985 -5165385
-7389210 7389810
-8188585 8189185
1327941 -1327341
-2697042 2697642
-1366658 1367258
9853318 -9852718
9895608 -9895008
-2937022 2937622
-4646263 4646863
-1582392 1582992
-9927700 9928300
-1330926 1331526
7660854 -7660254
-7403456 7404056
-5759613 5760213
-4560374 4560974
2230023 -2229423
507271 -506671
-8422246 8422846
2589287 -2588687
4594048 -4593448
-2348043 2348643
1232231 -1231631
-9601515 9602115
-2737970 2738570
-6856136 6856736
325254 -324654
6130817 -6130217
-7124984 7125584
1085324 -1084724
4715559 -4714959
3149241 -3148641
7412827 -7412227
571979 -571379
-3885868 3886468
7340546 -7339946
-573478 574078
-6440197 6440797
8969459 -8968859
9858643 -9858043
8406018 -8405418
-5729290 5729890
-8456769 8457369
-9448997 9449597
-4182225 4182825
9405206 -9404606
-5744942 5745542
7962052 -7961452
4702687 -4702087
-6438832 6439432
7611722 -7611122
-5573823 5574423
-8387375 8387975
-4731857 4732457
591765 -591165
-2466490 2467090
5765772 -5765172
-4264326 4264926
-7359611 7360211
-5283496 5284096
4008653 -4008053
-9028381 9028981
-3758946 3759546
-6000012 6000612
661104 -660504
8207123 -8206523
9179056 -9178456
-8342432 8343032
-7010784 7011384
9705090 -9704490
-1412824 1413424
-1301241 1301841
2687044 -2686444
-5053150 5053750
1067612 -1067012
-7399683 7400283
5672648 -5672048
5299723 -5299123
921315 -920715
2697037 -2696437
-2096524 2097124
1130608 -1130008
9773052 -9772452
9491874 -9491274
-7750071 7750671
-1884284 1884884
-2442983 2443583
7415339 -7414739
-9100894 9101494
9138303 -9137703
9112508 -9111908
-3823647 3824247
-7547010 7547610
871057 -870457
9268626 -9268026
2548722 -2548122
5071291 -5070691
5368175 -5367575
-354388 354988
-1744934 1745534
153719 -153119
8350856 -8350256
7891241 -7890641
5172445 -5171845
7813652 -7813052
2927223 -2926623
-6664055 6664655
8706961 -8706361
9660209 -9659609
-5437702 5438302
-4788448 4789048
2705674 -2705074
7454550 -7453950
-4427200 4427800
8863637 -8863037
3930889 -3930289
4868715 -4868115
-8427913 8428513
-3177218 3177818
4184803 -4184203
-8287502 8288102
-9559187 9559787
-2972903 2973503
-8804411 8805011
1174423 -1173823
9453723 -9453123
-6201259 6201859
5106425 -5105825
-8869668 8870268
-4468704 4469304
-9147505 9148105
4125573 -4124973
-74455 75055
7344219 -7343619
-5797659 5798259
9379246 -9378646
-8122547 8123147
2309865 -2309265
-4771214 4771814
1473059 -1472459
-2400466 2401066
4061461 -4060861
6441453 -6440853
-3620816 3621416
6597547 -6596947
5704577 -5703977
-1761303 1761903
1644092 -1643492
-2563015 2563615
-5696995 5697595
7375952 -7375352
-8508241 8508841
2184628 -2184028
5439861 -5439261
2523771 -2523171
2171727 -2171127
-9081242 9081842
-1453453 1454053
-8712117 8712717
-5986693 5987293
4232372 -4231772
8523301 -8522701
-4930773 4931373
-617257 617857
9854262 -9853662
-694626 695226
9272578 -9271978
-5144099 5144699
5751484 -5750884
-9296393 9296993
7560861 -7560261
-8530628 8531228
-5357226 5357826
-6387471 6388071
-4434867 4435467
-8664901 8665501
-958118 958718
1666569 -1665969
-2078562 2079162
1637986 -1637386
6080150 -6079550
4829573 -4828973
-532634 533234
-7437996 7438596
458076 -457476
-4285475 4286075
5796243 -5795643
-2289643 2290243
1447286 -1446686
3711586 -3710986
4743736 -4743136
151711 -151111
-2119021 2119621
-2851038 2851638
8284358 -8283758
4341563 -4340963
4129994 -4129394
9459177 -9458577
9974308 -9973708
5282637 -5282037
3805229 -3804629
-1429676 1430276
1756620 -1756020
-4070109 4070709
-9063492 9064092
2339921 -2339321
2903163 -2902563
1883821 -1883221
4916021 -4915421
-5741336 5741936
-6435085 6435685
-3129274 3129874
9730611 -9730011
6142049 -6141449
-8646731 8647331
-8636698 8637298
9985813 -9985213
4343422 -4342822
-7416112 7416712
-6574060 6574660
-5555335 5555935
-9566807 9567407
1187352 -1186752
-3847989 3848589
7316180 -7315580
-9592807 9593407
5093213 -5092613
-8270711 8271311
9450117 -9449517
-7088789 7089389
-9772714 9773314
5546096 -5545496
