10 700 5 27
7929127 7928727
-8577595 -8577995
6673234 6672834
-3310818 -3311218
-4690451 -4690851
3273073 3272673
-7034578 -7034978
7550662 7550262
-5643066 -5643466
8407554 8407154
-8923224 -8923624
-4153421 -4153821
-8180056 -8180456
-6687951 -6688351
-1247814 -1248214
-7982414 -7982814
404089 403689
-5756638 -5757038
3707413 3707013
7500573 7500173
5970863 5970463
5818248 5817848
-2970474 -2970874
3493776 3493376
3172624 3172224
7957757 7957357
-4270486 -4270886
-7927876 -7928276
-4278077 -4278477
-4540685 -4541085
-8366429 -8366829
-2286892 -2287292
4082861 4082461
9809451 9809051
-8957128 -8957528
5139997 5139597
-4604562 -4604962
-6147151 -6147551
-7795395 -7795795
-9296827 -9297227
8462765 8462365
3544386 3543986
231493 231093
5112652 5112252
5098965 5098565
-3014645 -3015045
-170514 -170914
-3105221 -3105621
-4686214 -4686614
-5183858 -5184258
-2018273 -2018673
-9013122 -9013522
-3018802 -3019202
-4708168 -4708568
-9514208 -9514608
-2189936 -2190336
-5624059 -5624459
8449800 8449400
-6668852 -6669252
9453217 9452817
-278991 -279391
836791 836391
9818836 9818436
-873500 -873900
-7442574 -7442974
7842771 7842371
-5851162 -5851562
-2035988 -2036388
83136 82736
-8049072 -8049472
-6316281 -6316681
1194659 1194259
-1361146 -1361546
9647702 9647302
-3592471 -3592871
-8476586 -8476986
-7578311 -7578711
-7060247 -7060647
6234946 6234546
6555176 6554776
9954658 9954258
-3997108 -3997508
-8793005 -8793405
6027978 6027578
-9056746 -9057146
-9906308 -9906708
-3756119 -3756519
8542263 8541863
-975807 -976207
5109820 5109420
1027730 1027330
8193218 8192818
-3063830 -3064230
-7474329 -7474729
9293064 9292664
885654 885254
9923650 9923250
-1243284 -1243684
9698102 9697702
-7640282 -7640682
191870 191470
9813419 9813019
-6261809 -6262209
-2463628 -2464028
-4638451 -4638851
3729633 3729233
5601949 5601549
-9676984 -9677384
7459613 7459213
8170725 8170325
9503458 9503058
8512954 8512554
-1481302 -1481702
-3070263 -3070663
-2141644 -2142044
-2626041 -2626441
-4440248 -4440648
1895140 1894740
2787985 2787585
3034431 3034031
8508888 8508488
-458396 -458796
6809934 6809534
-5676501 -5676901
4053137 4052737
6909678 6909278
4075907 4075507
1299043 1298643
-2488297 -2488697
1817503 1817103
-8077588 -8077988
-3235847 -3236247
-2167025 -2167425
-9427506 -9427906
1813197 1812797
-6100356 -6100756
-9606357 -9606757
2094385 2093985
-5909792 -5910192
7556913 7556513
8102273 8101873
-7417497 -7417897
2135121 2134721
-8794349 -8794749
-1730436 -1730836
2660961 2660561
-2374851 -2375251
8710635 8710235
7851233 7850833
-1636511 -1636911
-5181577 -5181977
2048685 2048285
8660335 8659935
3630509 3630109
5943814 5943414
-1118396 -1118796
-7246673 -7247073
-6858361 -6858761
-9354185 -9354585
-7348307 -7348707
7705151 7704751
-9204048 -9204448
5421106 5420706
5031693 5031293
-2476057 -2476457
4788101 4787701
-2801711 -2802111
2501454 2501054
-7627245 -7627645
5821485 5821085
5581175 5580775
5544451 5544051
5376506 5376106
9065842 9065442
5282069 5281669
4786665 4786265
-1275677 -1276077
-7965930 -7966330
6940311 6939911
5481180 5480780
-6989548 -6989948
-1823254 -1823654
-5700029 -5700429
-1055838 -1056238
1715188 1714788
-656308 -656708
9012201 9011801
2824714 2824314
-462186 -462586
-2156289 -2156689
5434102 5433702
-9899276 -9899676
8471307 8470907
-5483709 -5484109
3095534 3095134
8609244 8608844
-4328541 -4328941
4266519 4266119
6659988 6659588
-3716594 -3716994
7367423 7367023
4348395 4347995
9079518 9079118
9009697 9009297
-7741356 -7741756
741113 740713
-4785838 -4786238
1620381 1619981
-474536 -474936
2167569 2167169
-5530575 -5530975
4326943 4326543
-1822870 -1823270
-7080150 -7080550
4262505 4262105
-2498510 -2498910
8844976 8844576
8334636 8334236
5337437 5337037
8458266 8457866
-6229329 -6229729
-2814911 -2815311
9311229 9310829
-8147108 -8147508
-6779633 -6780033
8782838 8782438
658598 658198
-1939691 -1940091
-9994279 -9994679
3334810 3334410
2298815 2298415
6489976 6489576
-7340727 -7341127
6831466 6831066
7931629 7931229
-1502615 -1503015
-4368414 -4368814
3153380 3152980
-5283726 -5284126
1089519 1089119
1178256 1177856
-2052676 -2053076
-233112 -233512
1488278 1487878
2790062 2789662
2078950 2078550
-2208044 -2208444
-1860417 -1860817
7704300 7703900
-7915365 -7915765
-2012031 -2012431
-597413 -597813
6776210 6775810
-7698899 -7699299
-117794 -118194
-7722501 -7722901
2734850 2734450
5290756 5290356
9060407 9060007
2204008 2203608
7753744 7753344
-7507834 -7508234
-8330770 -8331170
-2843475 -2843875
1981572 1981172
1948400 1948000
-1656178 -1656578
-748617 -749017
987726 987326
5192455 5192055
954041 953641
4950030 4949630
2790826 2790426
5718144 5717744
-586248 -586648
2832058 2831658
-4141701 -4142101
-3348870 -3349270
-8070464 -8070864
-5364739 -5365139
-8493930 -8494330
-4888310 -4888710
5011765 5011365
-8990183 -8990583
-5265450 -5265850
-2582463 -2582863
-2336939 -2337339
-304086 -304486
-3846324 -3846724
-3993362 -3993762
4954497 4954097
-4479889 -4480289
-1037027 -1037427
-238253 -238653
-4037884 -4038284
695856 695456
-2962682 -2963082
3264600 3264200
-1107831 -1108231
-7236612 -7237012
8738529 8738129
2854986 2854586
-4527949 -4528349
-9186245 -9186645
-1746563 -1746963
-6430819 -6431219
1910676 1910276
-7338135 -7338535
-1656086 -1656486
8866685 8866285
4077623 4077223
-9003523 -9003923
-999314 -999714
-2142842 -2143242
7678874 7678474
-7259331 -7259731
8211456 8211056
7090864 7090464
-2135521 -2135921
5117479 5117079
2021335 2020935
-1791933 -1792333
-428447 -428847
-3525541 -3525941
-1676010 -1676410
1320372 1319972
-7220986 -7221386
8239382 8238982
2291567 2291167
-6027804 -6028204
-3246432 -3246832
-3121669 -3122069
-768601 -769001
4438044 4437644
-8768380 -8768780
5132783 5132383
8876381 8875981
1014583 1014183
-8237629 -8238029
-1778988 -1779388
-2050018 -2050418
2388623 2388223
-2616602 -2617002
4825769 4825369
-4471604 -4472004
7246525 7246125
-1524784 -1525184
-7385977 -7386377
3958054 3957654
3837294 3836894
1719262 1718862
3595020 3594620
-2817308 -2817708
-2052201 -2052601
-3808368 -3808768
5174972 5174572
-7235202 -7235602
1166237 1165837
-3207006 -3207406
8893886 8893486
-5975507 -5975907
837848 837448
-6149152 -6149552
5271517 5271117
-2564489 -2564889
-757158 -757558
5888586 5888186
6934487 6934087
5811646 5811246
8206138 8205738
1809259 1808859
-5999529 -5999929
7282206 7281806
-3566917 -3567317
4400898 4400498
2733981 2733581
5235263 5234863
-8872038 -8872438
364206 363806
8005761 8005361
642783 642383
-4155046 -4155446
9449984 9449584
2198453 2198053
2150948 2150548
-2195949 -2196349
-139964 -140364
-9300382 -9300782
7426808 7426408
5742353 5741953
-6103848 -6104248
-9691719 -9692119
1034336 1033936
2764299 2763899
1849147 1848747
9648127 9647727
1336784 1336384
9636818 9636418
-3699950 -3700350
-7728265 -7728665
-8760708 -8761108
3563753 3563353
-3852716 -3853116
-3801929 -3802329
-8122364 -8122764
-1234135 -1234535
5065630 5065230
-3454453 -3454853
5238083 5237683
-1477331 -1477731
2815556 2815156
1506213 1505813
-6800109 -6800509
8267201 8266801
4304325 4303925
-1411088 -1411488
-3396118 -3396518
-5241367 -5241767
-6148743 -6149143
9887219 9886819
-3628092 -3628492
9448455 9448055
-9163631 -9164031
548133 547733
-422020 -422420
-1570326 -1570726
1106130 1105730
4781678 4781278
3524467 3524067
7818025 7817625
1966883 1966483
7881784 7881384
-802298 -802698
8566164 8565764
-114351 -114751
433428 433028
6006522 6006122
-4398347 -4398747
-2661517 -2661917
-406136 -406536
2270682 2270282
9756551 9756151
-4044868 -4045268
-3351262 -3351662
9052004 9051604
5421240 5420840
-9862352 -9862752
-5344503 -5344903
4181416 4181016
6010173 6009773
1273376 1272976
-5008681 -5009081
-3259091 -3259491
4851632 4851232
4664712 4664312
2575285 2574885
-163795 -164195
5294996 5294596
-5492802 -5493202
-8948754 -8949154
-8912769 -8913169
-6810397 -6810797
-7558022 -7558422
4529940 4529540
-2069777 -2070177
701988 701588
773747 773347
-8178418 -8178818
-7130686 -7131086
9368867 9368467
9233019 9232619
3906069 3905669
-4901600 -4902000
2598517 2598117
-6597391 -6597791
-2019865 -2020265
372135 371735
-5200036 -5200436
-2258521 -2258921
-3544217 -3544617
7374683 7374283
8816261 8815861
-3477387 -3477787
-974821 -975221
-7840280 -7840680
-458116 -458516
-5621110 -5621510
-5719099 -5719499
-175987 -176387
9951234 9950834
879805 879405
3313776 3313376
1445197 1444797
7164741 7164341
-93657 -94057
1283255 1282855
-7081538 -7081938
35054 34654
-3895464 -3895864
-6183093 -6183493
-1511826 -1512226
-8226695 -8227095
-4633687 -4634087
-7331972 -7332372
-6421934 -6422334
7470169 7469769
-3668808 -3669208
-1784141 -1784541
-2096916 -2097316
5484038 5483638
-6455678 -6456078
-7603607 -7604007
-2872736 -2873136
5317865 5317465
9760209 9759809
-5402204 -5402604
-5032789 -5033189
2550011 2549611
2675834 2675434
-6826208 -6826608
4564251 4563851
-9886729 -9887129
-2391606 -2392006
-7998252 -7998652
-3490318 -3490718
2701222 2700822
-1879040 -1879440
-9172844 -9173244
-824308 -824708
5607298 5606898
9417578 9417178
3108014 3107614
-3821245 -3821645
6437238 6436838
8506994 8506594
-4470806 -4471206
1983736 1983336
-8760503 -8760903
4940172 4939772
7178754 7178354
5272391 5271991
2170959 2170559
6470773 6470373
-5906046 -5906446
4253617 4253217
-5669715 -5670115
5305489 5305089
8051647 8051247
7924204 7923804
2464068 2463668
8383219 8382819
9706272 9705872
-4049514 -4049914
-2197853 -2198253
9742106 9741706
20166 19766
-2754187 -2754587
7710393 7709993
-9432373 -9432773
-8559044 -8559444
-9828882 -9829282
-8948356 -8948756
9760467 9760067
-6866107 -6866507
-7263236 -7263636
-1297681 -1298081
-8037949 -8038349
2592745 2592345
-3430969 -3431369
-3992550 -3992950
1085838 1085438
6255171 6254771
-9013375 -9013775
-5286695 -5287095
2454480 2454080
-6917039 -6917439
-6565735 -6566135
-518420 -518820
-2534836 -2535236
470061 469661
7609951 7609551
-2851967 -2852367
-130787 -131187
2047258 2046858
-241840 -242240
2514586 2514186
4763477 4763077
-2004883 -2005283
3040122 3039722
-1951149 -1951549
-847686 -848086
7507670 7507270
2012196 2011796
-6822568 -6822968
-8503346 -8503746
7317905 7317505
-2848744 -2849144
-8488258 -8488658
-5340909 -5341309
7356493 7356093
-6006507 -6006907
-1422297 -1422697
9921928 9921528
2462413 2462013
-3192978 -3193378
7156827 7156427
4112412 4112012
-3907173 -3907573
8164007 8163607
1707078 1706678
-1751233 -1751633
9487277 9486877
7438126 7437726
-1562770 -1563170
-6859964 -6860364
4124888 4124488
-5114335 -5114735
6415011 6414611
-8440865 -8441265
5218763 5218363
-5378925 -5379325
-5705865 -5706265
7165132 7164732
-1832707 -1833107
9580522 9580122
-7395432 -7395832
-2253313 -2253713
-6681098 -6681498
-8883516 -8883916
4939027 4938627
9099803 9099403
7501634 7501234
2339999 2339599
-4582141 -4582541
3533332 3532932
-3323571 -3323971
-2519927 -2520327
-6223023 -6223423
7557517 7557117
6809713 6809313
7571957 7571557
-7498268 -7498668
-8236230 -8236630
1832520 1832120
-6060016 -6060416
-776188 -776588
-6042056 -6042456
-2345082 -2345482
3004093 3003693
9061584 9061184
3428132 3427732
-2568321 -2568721
-5304588 -5304988
9449368 9448968
-6479158 -6479558
8331227 8330827
3611096 3610696
-3257704 -3258104
7553443 7553043
-1923763 -1924163
8974803 8974403
-5195122 -5195522
1308982 1308582
-2431334 -2431734
-2601487 -2601887
-5002226 -5002626
5996052 5995652
-4207926 -4208326
-4093288 -4093688
7910219 7909819
-5662081 -5662481
-3682751 -3683151
-7779525 -7779925
7075024 7074624
535706 535306
-6300887 -6301287
-8862452 -8862852
-9957446 -9957846
-1094949 -1095349
9431962 9431562
-156398 -156798
8338179 8337779
-9635913 -9636313
5491764 5491364
7601727 7601327
3337807 3337407
1702005 1701605
193570 193170
4322762 4322362
7251094 7250694
-8739166 -8739566
1885557 1885157
460175 459775
9930983 9930583
2406802 2406402
7489968 7489568
8731362 8730962
2219548 2219148
3284441 3284041
9958170 9957770
