1 700 90000 100000
512280691 -281109688
-16690343 336549677
474679257 -667020
-214939297 -305012816
240894647 -253782652
103172744 180265950
-470604518 -341924872
421043050 264578909
18939330 -644053039
466832208 -306860717
-168458706 -56070887
-73095198 -178322196
-199169635 -276904224
-185280273 -389443309
200332424 -60723843
413070510 127104339
-72548960 -243973646
-7959447 -187764503
253555480 412966378
320681725 230643593
-234909958 -34355961
-243367284 22668499
91903070 -446460933
200426080 74789542
456552299 -245488107
-130499288 138888393
291601277 -256105310
-47419912 86127350
-309904470 -72679966
-344695600 161011041
334184632 121335236
295180825 -102680648
-71046971 -73462901
607435935 264593740
-109088387 -207955501
-124603130 90053815
-335633416 -316498131
-87004053 265510724
-395832135 -216517249
77083458 -210323044
-32270501 175272101
-224087106 -154406282
233221888 -244950862
303777796 345608648
-138287264 -343732146
42012253 203369591
-189780141 51352692
380299942 92770684
235967292 -59646176
516492223 143464157
-100724941 391759120
135598107 246087312
145970574 263416930
348990544 196188873
-116695820 75106049
-590063137 55169250
-164550134 312489143
-22919667 -22379927
-148406168 238457951
45288909 -270224422
-482944172 -77512170
-22408189 -369573072
53027337 -201751632
288935336 153799891
404649567 69415295
202279153 -3945573
220929338 -39235662
-246579815 -265766780
178740612 -11705380
-157578311 -252313534
-244998834 190270501
160673083 -488166147
8783660 3274902
60036431 116999213
-28934860 -394363749
-201845432 19306809
-22516520 14114990
126938549 136497473
50802429 190587941
376781405 -304079432
-127463826 345121300
-212721317 245216114
-85956595 -114943849
302600378 -485410254
433909865 -293051467
-99942624 223337253
-353196269 142442728
451587991 -81088147
74809867 58434459
-186107839 -10344398
-175048435 -81980601
91189135 -223783029
-152741691 -277902339
-119867426 34448888
81352 -207833937
-316099402 294500846
-72767696 -146689570
-143337372 -29092901
397976368 518948002
210286923 65110194
-19210948 135896816
131737830 -206783473
339966976 114380213
124819656 312739846
310667409 108769118
-394750078 -38325742
-134246248 -63030698
230371535 -312952715
34150866 -401977214
358895347 -170252232
145644711 27364558
-90823657 -315074574
-4936051 193585482
208698265 -306318830
-101690556 477596350
287277130 91556058
377823328 66953917
393795458 -94155151
-339705347 124713528
-104186565 -128679412
41559286 -344572047
-2174101 -197541171
142799296 417297701
-386096102 364051795
-296123294 -297624205
-492897328 79869182
168365549 42601208
-285382044 -385633888
349454259 593891
19749766 266831461
-72161466 -250602718
186213884 -574274582
-3413442 30415759
117714201 -107953634
-30418425 -178980319
311746245 -484860081
154503550 424363920
-184837284 95186504
-158800004 281647040
-14023156 255803316
35499126 -116920142
137263794 -529871249
-18151883 -372816120
-147855421 -60380803
-135348727 553018558
-50467557 93296705
-74251259 -443940143
-27303939 -361580749
-166928657 284940119
-496596387 -66912102
-112259905 -94254734
-167046369 128941065
-514601016 78037507
37809249 -305451441
172258872 -329260759
-77561201 44941082
-96463779 354631964
-312353170 -110747705
307100617 276161999
294429613 335638788
130574116 425825132
-71368823 81382711
-210521737 34548554
-11349002 190066203
-429115597 221310406
334263047 222326941
396064522 -51908927
230793086 184239451
366605114 430536092
-16573942 -89243060
101445297 33599569
-19221529 -287802919
-347950494 307028387
182540802 546525161
37967653 11690134
-382555942 122790362
-378403920 -96931079
-60695487 206690430
-78521598 -78624641
345958648 27569560
105446491 -141591738
204029326 -76552995
-113255612 379847385
170749048 -354091340
9089567 286700908
426951286 303717739
-179829341 -102354236
-29837162 139607491
-289031636 -419422561
61105016 221054346
-141292993 -246046327
116942660 -263176462
275642263 -120122146
53535192 -522066548
-253308540 -339569875
49488032 -180005518
332307875 -141408475
95477307 425740329
574394428 -289570808
293034223 -227917805
118063514 -171628356
-290797200 257694414
18927894 -363157627
-169730154 -269945445
-103649269 281767484
154578826 520086586
-435521274 -286342000
210998335 57246023
-545189132 -15095664
194902977 -88678287
-10347177 243974290
-328085378 325693913
140687220 -219573675
-520491134 83832702
-191724560 201153586
-50372617 -230221041
-324821326 164479545
131634652 286468840
52610294 92073606
-370553364 42324475
-273493602 277172861
-314345160 261227089
-377071436 64301833
65873390 27120713
-31951598 -109655444
42608030 -4023403
-137937350 127700196
-259581480 22282025
419353886 -264541029
-353808518 -225540105
-164729956 -108831889
245257269 -304527916
-125520709 230833188
-263888786 33107141
-146068665 26886251
-204150434 3568613
-115262457 -88649077
5557004 -23435589
36337215 -31843372
-516502685 -103580947
-57888975 112126049
-160205066 2239711
-103935767 239986258
107806278 -76251012
345996684 -248911928
-200156876 145704011
-233990699 580263379
-5392162 -215995891
58950279 171269930
-192293165 -579486651
62426174 -170458109
209247374 36127070
376159385 -169106364
-215615869 -86869804
-136864197 -33266054
21434869 256225911
139856949 -148693875
152472955 -643185062
-133136065 75233008
-47108760 14812069
310123398 40438647
-47173384 322382548
285252289 51004902
-107514205 -53511265
-110754413 -457666985
-270271195 155096333
312308506 -212854075
162349058 -396125554
237291358 -267483333
-226813652 359649769
-35642627 373053741
214440858 33371166
324480800 -240515378
241165463 389609203
379841098 404921604
1264003 1353668
202361407 409450005
-46413238 282325983
-227190239 -180343634
-127843644 211432929
-344432240 333540224
-178171004 -23284763
27922173 -459288391
-348208630 -61566973
34945325 -16809383
-257938727 -153750150
-43793859 -156393581
10627418 48000431
-186370716 168997500
-64734241 134283941
-128771089 48549435
-228847051 -286251228
-221299838 290275194
379313428 81179713
-360535576 46196126
-150089872 -143686432
228204255 -1706213
-291702638 150800588
-159283372 66757838
-273569770 -177521627
212164714 -37992851
138220778 -299736167
221776649 185852196
-477499265 210631914
286315353 -244629580
137847464 312168559
392025253 -326338698
18559498 -321050762
431857667 -30153881
-284863474 404828850
-529509744 18002064
31380886 -68127675
85887583 -214419025
292480367 118843314
250317430 -282161022
211430991 293132989
-425598220 -68179283
138072816 245989045
-418517476 -324998271
-421397433 -307892396
146625976 2136376
27691327 78917606
-233146104 -177152157
-34232811 -530066813
66685615 -51421812
-219755514 17490735
112220665 -320533381
32990883 54609452
-145552498 -499922440
54555006 101522698
-173889969 610871997
261353586 -162154154
-137776610 -153389166
-19639423 216368284
-124506403 -242947235
45914020 -326053149
-483072620 -63048635
129070780 244218886
419004234 -196485166
55342373 -151219192
17231753 113764332
106627245 -361203188
-139239831 71814766
-406458723 72969515
-62244802 -81814495
-398458868 -129954842
-166379241 285331684
-41173391 -187506923
118933270 -288302282
52759574 367887422
109773530 325017508
52544246 -105318952
566119256 115711423
-110148436 383548474
-171644630 -78866579
-444185477 -216289044
203030110 -82819121
-5239433 720568
172850343 235504662
-242464465 17577657
121480124 -222903048
260514975 -308058432
-55635898 70983812
172534262 239703183
-4606593 73933125
231289187 -33387968
230608284 -134708883
2573110 -288607953
246400493 -233472821
150136833 176240427
-158728982 227907446
190996204 -86229870
182892780 -296774605
-133193059 -143760527
-175604024 -434780551
207347686 -347041998
323429009 -139481866
246482142 -98119913
386178989 -242077650
56030054 -400883247
-185047872 499098812
-123042774 82581117
95482346 -318739739
-418504072 348935274
-91431611 288315179
246141304 -65859667
-154635161 -492541330
-110437986 -352854722
-99006150 338331942
-220422092 241590651
-104696069 83935325
227399890 302675509
94114045 -77278741
-466019842 -95171280
171063762 -120637129
-546972745 72184557
-262895955 185550382
451845319 -189811559
367495846 526917051
-376217802 37963741
403101087 -85108364
-173438438 -378097953
-74280007 181657745
503310746 207893869
-3516053 145068766
-288398243 378550511
-190679154 -197352586
48383806 -95761141
49562968 -176470824
164367367 -15660287
269557093 225971110
-174282572 382118415
67224287 454627586
-35125365 509419040
5004540 -3982302
-75459444 385838967
-23276843 45536221
423580561 163095712
234498751 236547042
-44111659 -502573016
-249476118 4431703
334176508 341350893
-211437427 -189688552
-444122715 406275777
306565420 -295406597
15633777 -334250700
190943727 104170231
-152436259 -114728057
-385053215 -14362461
397319650 45714760
-159589177 -174657694
144875657 -116498763
-365401737 -295218868
60753178 254144522
141221185 115307219
-80195933 108684860
237065615 219347173
-162188637 220089745
338351346 -276321337
-301469248 -9654502
-128539183 -91974793
-361518625 -74783122
359369663 -211945550
481746664 -230992639
412318701 65143866
104484403 95713488
-19910859 161770700
192981700 -387941064
436369260 91856664
108373907 -281440009
123093856 -73204988
256560850 -80837022
-35373530 278849169
-120085612 -140407611
-70921507 105152350
156408672 -121123291
-99329161 23413365
-54312881 496247331
-60683619 448578392
-51202480 258615972
1431143 -14455668
32554819 -155124678
-164611310 325450855
302152519 255612634
213466835 -88644035
55717492 393761355
110531247 -53535750
-252490787 242748746
196194470 -156403974
207729595 204486142
-210816878 278681847
-508996043 -77054450
-114717881 -372370302
56670644 143240866
-119980915 285510701
377676604 -58642199
479143392 235074097
-287260567 213292638
-87646272 279134559
-312766773 -176116829
94559873 419369914
15723036 -223695238
156773161 179408010
26188020 -26995357
-284307509 -61502083
-255509851 -105440750
-293914226 316148186
42599973 77612215
52514959 304675570
-16418647 -35132416
-109690051 -116853103
76101919 -27857
24778940 33376844
252075951 74233790
-406574919 -281180364
187186401 299344732
266677910 -105342605
-256587989 290563339
-901253 4343135
-389338019 113060816
-175137451 188251867
615854 4659773
-93525664 473327341
-46856573 243737028
221662000 124488752
53268176 -201899466
-304332834 72792973
-374885156 -67363689
223969410 -139768827
-52390283 -224993706
-284439629 -198178367
-204263124 188571663
-357743193 301586497
-49632631 -449688019
-137195329 -34044360
-323134039 -93605410
-218456279 -103695758
-73520215 -233257714
-468086793 -81114342
-328679029 -394597106
-267658101 -116884193
-31107291 288865784
-23421199 10422864
-227225730 -485533776
-26764155 -7111064
9678722 -298282474
380442788 352521824
-29718213 -394309110
-195632760 -92804246
22475344 -217926710
317735589 202644501
-174793894 -100760900
220906775 -434737014
317935656 -96192568
-437222903 -120431800
976661 -27073444
-6101244 12463205
-36762525 -202533388
38725391 66649982
-98057186 -200781177
260637242 116888861
-113865328 380982640
-204137716 204289103
-130998497 252977703
215081301 211218229
418818243 52147959
-20057640 -231777113
166075025 -212814555
-473618171 -262577877
6999957 69848586
92463313 -441627750
285318886 -10191263
159537749 27711487
45466013 -102832115
-440053359 -295171798
200516172 -98363714
28337744 -252354453
-82453642 -181938946
90712374 326385000
500374944 -230092881
-155781380 -139673575
-227550531 -200610995
172617796 51389757
18602729 -234171228
286828742 -144859653
256399819 -116670408
52827404 -301772560
-224529491 140024349
-74066651 -155993587
328461675 85081393
29480206 -168288412
-269135787 35451856
119259326 -38964934
-310233265 73814531
211291363 27550633
-153405800 257320681
-511296498 550374586
-227418109 205054137
55884121 -136790207
-280252669 -32093612
-182719100 -163504479
217658367 -49296391
52872270 -309269743
-38514710 -317056389
-122175592 -473532073
101018183 -81559180
-469761727 -103875576
86814095 90754340
-241714435 -253037772
-272547211 -110007081
-18142915 -63994835
-73444758 -364409005
213228048 -302728343
91476 -183231900
-62584489 -234159739
-342727245 -14169164
-172297877 186895211
-465170065 -35036100
195542676 84283773
-149399226 370960318
-9840256 89712664
-6564484 147757002
-148869135 -54375855
2037473 79915458
171480232 -92102378
40201402 -56321403
-443756383 215550593
-238001605 333849640
-209170644 352079549
83952904 253121974
-369275068 335506071
766159418 -382028138
227662717 -48398326
357434343 -128969883
-419943906 -41565781
-114520313 -77372234
28527765 -260648303
108088254 -347105444
121418123 -171070760
171509037 485406683
84482898 105711923
116259894 -58653876
156231866 11759591
365237066 -245466022
-87632430 139292906
306366063 60219771
268312548 311352848
-194316137 253181357
-287955868 75520721
38932613 -303355756
330593659 138143587
-40186952 -448644120
203071079 -118198339
131794968 178384709
23344356 -26797270
-98907610 -256675191
-263945344 173408110
-360576090 368540807
-222054199 -214357826
105109617 8419707
854114872 952323945
94672587 49855074
67090252 310476234
116307992 17891907
-222557378 125514852
-260679393 244209219
355475723 135158544
472960588 -136469354
69163077 -3091217
-230217860 -10617723
-238763593 -160093837
8377195 7331032
-146080855 230821803
61120600 397935164
201145790 -72940612
344886775 -224196231
80251012 534533033
-40318385 -194076595
-279221606 259387355
21800231 -385009549
136719440 -1867655
125918974 -18819137
150696350 228132078
45184029 14314979
-509851817 98907622
423808829 255575128
15622352 -22308888
-269997920 -4322462
-1184324 -5967682
-144896929 -239893088
-152306984 327319617
243092959 -48420152
-464082650 -401237741
258641821 -135060708
84686521 -318655975
-168459993 -338840179
215784083 229078821
193798910 -265274117
1172926 -134985248
-560970137 88396168
78173453 -353683657
-37184840 273464580
-144227902 327483148
-44204466 -309005767
301362335 -75964019
-453769531 498544768
53582543 269079475
155150222 -296183936
311663016 -445875813
23787078 -422538068
262008251 72050352
165550748 2338089
190542785 -88365004
273194620 -149256556
70514950 104873255
-64341180 -374126561
451824560 183018009
238392391 175578571
-349777468 446270295
-174884710 -175070570
