1 700 900000 1000000
-114525385 -27813945
118352485 -103811592
156629721 -134174537
-1703552 -7452526
299790650 -29388458
57234117 -187083219
-215275591 -28691653
27333772 137015233
15172141 -86710865
20262136 -76754565
-20805685 155451281
167184362 48459289
16344555 94441022
-32302553 54229516
-134347661 11166944
-29706045 128728573
22137939 -79100160
-51640577 -68589145
110853729 106966067
-51555641 -51381723
56725446 -129247162
90840082 2217752
-162613903 -39332030
-108548953 -156275398
-114227488 18161204
-1816620 -71417361
24865277 6388845
42627065 -125738681
-106791828 124952308
-138913721 -129915163
-11937906 51583526
-147675219 -27230142
43634233 -31805041
-199210946 -44482974
20058319 5029023
-25499919 8597960
-175506420 -72500884
104156940 118620129
95127264 -125898763
-142217254 -155522720
94344257 73901894
-33601414 90212069
-28171532 -2148018
179768968 -51618064
25189858 -181274531
-112895928 -222006341
96826878 52583201
-64284766 146551143
-38686125 142587466
-62355128 -132317248
2507761 205515832
-115791872 -6450732
-2576740 60564745
124222687 46682253
29657641 -58301648
-30111477 -65738417
146924434 56365881
98374332 -7447698
30131999 -107353605
-66986320 76625314
26790627 41085313
108993538 6243584
-131078701 147065947
31272122 25695850
-115175718 39866244
-217047792 -78403489
-200803824 96242900
-118841691 -27700799
-51605415 -188643
17074923 -55525048
57547769 101951819
-60890388 -98284697
96419824 121777576
-83020005 -45520903
28404020 45371158
85494579 -93123978
-68836301 -66578599
-37844668 -142191047
173244072 39194578
289023640 138039
-41261499 26701280
3199508 77740267
49854494 -18330253
62015175 -23998626
33969483 184984995
-70823957 41031589
32225185 -59084394
55120893 -904201
-106635201 89194061
15526293 -182762135
-28300749 -102475476
-9019538 -215606286
114618942 -120071247
116706872 -59004106
15036138 -84521019
6479152 72105910
-145339373 -60336496
-108559684 -37263630
-34010845 -83097509
67987449 63334429
-131543068 38085550
351639052 -95914544
85320367 -25831175
68144938 58313701
53390618 -269996422
-13440996 250565157
182427040 19652893
155968023 29759210
179683155 3066038
172124133 36913210
53466260 -40490395
188023721 60295224
-123178384 -67574096
196571373 7759831
23070901 77364800
119629632 96148531
-208301360 -46453939
33877492 155348351
-113950642 136642539
-165970810 -149619813
98568388 -126676875
-60902529 -128776672
17383449 114921194
-36881221 -27884770
-130400728 163836579
-67990350 -63175917
-17116931 51353919
4505010 -150023159
-89841442 10855434
237112559 -23673941
-163693361 69559429
117508632 -48720928
-81673493 5225034
60111443 47257755
30430659 28852507
-154412217 52162493
-6208251 2684893
-36637497 -93137042
44717005 2829267
94212932 16302405
21593481 -165053333
-178574178 -99344149
13746424 2902452
-92573381 69777306
75474927 115159072
47509874 81092137
54530105 -103636133
-304754735 -90016594
98447700 -79154243
-18132859 21563506
-19792242 -58870383
13054682 -83164574
-59803134 -9844403
205079279 13680445
72213031 41217588
-103952840 -46165154
72479721 -30399742
16728002 166950646
-50264415 60405766
-3129064 -120030746
179910468 -13811854
13833041 -8401096
-149044453 43706209
57873739 128994718
-69279477 -174441053
29428 -157897671
-88058102 107287271
-70334740 137158214
-36178424 -143889699
86564482 -88673060
-95735419 80791987
-1040388 -31522
-49770432 26205274
17921538 -226935096
-12416890 28660709
-1172038 -12626998
-4234226 1237874
55617455 94429151
-51501714 -119584720
-42616384 -102527039
-101784968 -50967550
38140416 134339055
-99364386 126012401
1332309 61273276
-103477905 102873829
-27318353 6596742
181301742 -111866429
102813302 47728879
-16815069 126353879
-48163016 -116717591
14858737 70305916
-93101123 67991272
-102078796 -25465563
-7573816 65314745
120911117 2690243
-121353001 97940306
-1839070 29392846
-132975066 -75480555
-76002310 -234620778
39302140 3214049
-110261008 -82496340
30258642 92781996
-113622641 -48231632
135414440 55284270
-107329815 -95232550
7226075 8135154
43235544 262357709
20310692 10560212
122616375 -93865460
-55923237 -1711047
50685257 -48007774
58385927 9648436
56806879 124057884
75879822 39112457
-48927013 -34070808
-105637483 -186479405
-10383363 59003748
-14798759 -8068658
-143449678 -141133252
556691 13470454
-11558929 24194644
66407283 -52968456
-214769989 81804455
-138422740 -259402276
109551864 93542796
-66372199 -202859261
70401705 -30362115
-142040787 -91612332
-25976916 141814451
78223215 -72863652
-94230482 -52841971
-49431153 -162715361
-70927872 -39584837
34475344 6898834
-20729287 127937199
-77806595 -78942347
-112291301 -132667254
134692757 -42888704
145712520 88492434
-138505057 57860091
76627616 -23605058
-167494799 -145200172
-109830680 -35555563
102103954 -80814267
66304731 194331446
-108839989 113838828
4218642 -42029976
-12393783 -109045813
36689734 -35865571
-605137 92362969
139011632 57916259
-147719006 -13203931
-101737914 -85303528
-42685780 -185600280
-2074511 195632762
181123640 -171060350
-156114111 -94319176
-3555266 -9693011
70148632 -37280444
104134384 105498890
-13274122 180372548
-179365042 53081854
153789837 151475969
-30287618 -48866554
-173212780 -73214871
-144189684 -62934099
5981555 -94360473
134804432 107006657
28233984 162444946
-37620232 -39511876
-73866844 84259682
-99305749 -132463214
95838879 -89638702
-16032424 129544179
-36344524 84463182
52979970 66492437
-174008739 -48626919
-48323066 53972931
12113030 -105938863
-63878390 82314132
-34747928 102645704
-63573206 -61125755
-173465582 -8452671
-2126592 20233220
85642436 -17475800
-83110612 -58862522
2627676 -128912072
259313024 153791369
-12300742 76360876
-73317457 31358785
110975812 -47422179
136030988 107520166
94275329 -4155133
-51667538 -173436470
16271344 -84499625
114877722 70431464
59949307 -53396558
518017 -105095924
-167904570 41769025
-11743573 -6623412
-1867099 31601377
112680979 40637283
-100206900 152107160
-191959025 43803389
-66397514 -21113341
-129089193 -67511256
43899042 -121831200
59307303 -159018761
-213787864 19369933
-26098200 -189569541
-292621 -32191935
-67552379 69632167
114643343 -64835182
-15659070 144670251
-148470656 39192197
94467320 -10895591
-144013686 88704180
141256194 56644246
-26532647 141335931
53575964 -80322514
-97497592 -111286040
140827997 -88976756
131989501 97140568
232731382 -16504539
-141775717 -16768780
339847010 -41113761
-22270153 -98340386
51147781 -284211178
-51431433 175234197
291664322 -6551850
66829136 106146313
20742194 -193272972
-2194740 -68594617
239416677 -103365315
43126693 -41268316
131696199 138533996
206201741 -180962963
-138272852 -118612072
-245706963 113914408
-3478321 46938474
-199078193 60253863
-25005458 -137280462
-3950293 1901873
-47387118 149199322
-60255318 52429062
167872380 -65070160
42040764 143724744
-35257832 158563721
191941884 -85535589
-221979820 -14574911
-121244617 146577500
-327225364 -86931541
-22909894 -72901534
7133211 -2869143
-3981091 -35845977
-75169147 206425243
129609924 -138521394
-58349424 67029225
-56023428 131898626
62843540 56428084
14216229 59324991
23841400 156881636
6653272 -16731525
59222840 -126027787
-259617443 -13544095
-108597447 -113851210
-74741351 -171970339
14028836 -66272888
106690473 2829788
-163941681 71165947
108141834 67583578
236084604 -117780829
48297053 7299401
12781835 40245512
-138681261 -38002015
171638030 -53470398
81803906 208072931
35615298 -236613181
34219311 -91826957
70329227 -67994311
-101898038 -97607242
10003057 6399223
88536542 37908424
32433218 171137837
-35541543 -96052068
-70419237 4680474
-30233188 -120045187
47392788 -112968549
48702358 100147397
35062067 -88919253
-85879631 -154196318
30184357 -228048516
9109778 -36729477
42274174 43602410
65347733 -66840221
-123932629 50664470
-63029063 -33046410
-117575365 -61187978
2433907 -52420584
-242533804 -29178433
965381 -156726302
37053887 -84947302
-11594140 -75105426
91847948 88836587
167298344 -18674209
-11458203 3384129
-31887729 123582676
12725285 64223978
58019934 74392295
-55656851 -107139926
22199818 -150805263
-13544359 118571895
-109239801 48813714
-176806677 -83146375
175839264 53216049
71384611 24840502
7946401 -33632797
109443773 -113765
-102699412 2974030
68534466 88369728
-11003918 -57094109
-149057887 -81864367
-1025800 -16326633
38075696 -113649514
11078746 -136828365
-28148286 192993672
19625662 -15170939
-77623908 -106757208
220740210 105866317
-40481556 -14860508
-56326595 2094249
-214049939 66241108
111827323 183430914
118242951 -58050140
60038703 -81208526
-198634636 -82368417
108059189 21716591
-188044034 -81665907
-80974478 -43181401
-110160524 -207054186
19424918 -63915451
-119762254 -47149458
6114840 117854129
125474235 -26019039
-98758325 9544819
-65452969 106188067
-168638882 52434425
-16324636 -70756872
-129192000 -14871916
-111916440 -69684048
220689 -4876597
-31759468 33038454
-14104569 77264516
176833917 -71087832
109141147 -122255051
-36629199 -163258899
-74201646 -220649386
111745701 5661787
75236084 40153769
160099453 29450764
-31994399 25633044
-175685201 72560349
17762463 -2414049
278593596 25017096
-181172888 -43635123
16748726 26584046
-78800142 -18689262
-204281476 -12549834
36639002 -86819283
66858833 73408439
-80245945 -2970954
-153324231 45270107
-106097661 102027520
122727356 115373787
179218652 91470800
30482589 -124168121
-51906489 115041621
171007550 -44679946
-51283240 -4760166
-136417882 8129117
-79479899 59056443
90853230 178938885
81242557 29622219
-45546051 -101834776
-134681076 -125350792
127034439 87631129
108142468 36530758
47277207 -113779835
16490663 -108322626
-230844271 56948633
49400581 165645791
-114946281 -92183697
24982648 -206490245
-134310879 68912246
91374574 28032848
25692536 -165400822
-24306810 21988355
-107261189 -69068523
-66381258 61785368
-2323360 -3813407
-29255582 -1546450
-86276558 192041303
-37174662 81002368
-109000833 -109248406
-40592868 -36077935
-17936196 -34049675
74979140 147391522
28498985 6925329
52561952 -56682621
-53699709 41397468
-32853957 -38055415
2407012 -173648594
13900491 170097222
-16182316 147163099
62562081 -96582074
130392940 -116116644
12414548 -87307974
-73009992 -8251718
-83447567 -151384393
-143812479 5147235
-123948774 -47724672
215833825 -9375626
95095480 222762747
48962967 -115624232
108847926 -176999976
-37406898 51202772
-29357824 -53279515
-89051514 -101498855
23159366 8319834
115880779 -182140845
99208791 -115768625
45436259 97344139
232491966 103644142
-46565702 -158809450
-104930057 43596961
-26375619 -31876431
-100445525 164374741
125074181 -16339780
-133355569 74431907
84340813 -156468327
-17385517 -23098439
-19335385 53699949
-66199734 771279348
-26153784 -80105176
18047016 73327913
-14726488 -85649468
95006620 -136253399
-87514866 7196414
863735 -79492634
-112406605 -133204480
133764768 -388105
113769716 -12619501
6654264 -18446192
-148505637 6241356
68171972 -18816315
-8466595 -53366804
-18401673 -146578468
141885261 14435827
122765762 105668167
-191410677 -25095922
111744179 -72642799
-62753228 -36682927
2882565 -41158985
112291073 -31923628
-54548617 -41806618
63034170 -198843453
-185959592 -20192057
-151993565 -190467760
-163149404 127397147
-58024757 182985661
9405077 -217514335
-57078596 246744764
-93409655 -57042067
18974262 28681112
-59693683 164895794
199355832 -94586492
-112696082 183216042
-39576267 11295927
163361653 110914712
84153114 -32552923
-29848941 -119091959
-98105886 -18965038
49961591 48129321
106754576 -93260758
85185757 -115750752
34067339 163096801
34628245 -69707518
79290509 170079733
-112111824 73998149
-113584214 -110226313
43172460 174068519
258297360 -14448816
127986481 -5666881
-91844913 158906962
-4774478 82538517
95063865 54391382
86479578 220894387
18591343 225488834
-136673350 104454671
-178928460 100924847
-137304276 -10280543
-144257744 69563974
-45530064 140260986
-8557268 -150561361
-127165604 -43535338
163704753 -18157579
133087065 -134707379
38269688 137299158
-36156870 -97527511
105183926 -270345730
-44221531 135692660
10291855 -13988507
61475337 255788580
-109227394 -93241026
-20325194 144920657
-70140732 -126119788
-10750378 255997949
-172123286 32610050
17871916 -106516310
-100661346 -136941209
-190794535 71787765
45612149 207591638
-8296452 94791005
174192560 -6105583
101242957 26361707
-58148535 105221965
-58292708 -66760840
-59669773 115454894
-50493650 -88487487
93918790 48326547
-100613348 50755631
-107899728 115789446
-148278482 -118208993
51339420 141490654
-110757838 43105029
-100330654 62543558
-100666428 -88792882
-44366623 50811953
-24261370 -162602717
24615493 102814664
-51111191 56708392
-33284538 -108730308
58242476 -67242472
36034969 -115930535
162723609 126386786
-98350889 -138434231
112126899 -89725635
-35383286 13378757
30170138 -229476582
-143887041 78569958
6283783 -168537972
45954278 -265850048
56452166 -39454233
181911913 -45467398
-137581576 -46183695
20020675 -79098406
-20899743 19683875
43918169 -69019655
18543077 -166634629
134691943 -68177766
-152543941 113244713
45110718 1285551
105062042 -105851314
-1543345 3511614
76318983 176602947
2245142 -169073393
208908804 99151286
13644985 47408310
-21694733 -192066660
-120269998 40719926
-180649086 -25429512
87741827 32726142
-32765340 -40025233
28957465 173155982
83991512 -75978213
121570823 -55751524
-89766699 9966142
64496456 -123679928
-29211059 34444138
-99591075 -43939765
61103930 27124112
-21435293 -94959804
-58552442 -129553839
-45682017 -260081958
-105960829 -100966876
-121075569 -65718313
-175113244 227891389
-104977727 44520072
-6222532 186154329
-71525098 -152249300
45714416 -74702906
28014818 38282707
91390630 31745616
-27912425 -174565985
-88480183 -267879706
-159660843 -112510184
-63878477 -131005011
84807344 -76411976
75972677 77639205
4608044 126709648
