25 700 9000000 10000000
-7766250 5108191
759141169 -897529729
-248163247 -416496412
521230872 -84678234
-458135570 -324776193
-516649726 88073747
-560481339 -181854539
330817463 -221543152
-788807311 -430047052
134016911 479068071
-639613865 -710882888
557319398 447354281
-226027742 -664199017
768732082 -9250493
186072008 12075591
362492010 800981674
49298689 127871285
635844137 851348338
191894629 -730638094
869113917 535882075
104610542 -97963505
-713408511 -403365616
237402659 403831461
429417075 237020445
-648085295 -414602594
247251942 804314456
-150751248 871252106
-571409646 363725409
-111067382 -532647622
-296014899 416133442
469177409 35526814
-261434456 -382453082
-99211830 574716294
160816314 603491981
109252143 190229030
-530517530 -335769854
370385842 -464414395
-565319899 673620594
447325637 698604443
-292431958 -621240210
497285301 -565073048
390666224 197188764
628733451 315834992
177054228 -551121378
-707398061 -189846275
445900951 533633437
325637793 -157343273
723893234 -119814898
-889309884 610681354
-793019955 -67263893
755220324 86492252
-414584189 -29539244
-135368689 248737423
-895128527 -500364427
213973804 -8629952
-707398060 -189846274
39685231 25774039
410515814 -936914502
67386170 -436093176
-113779628 -437997180
448490577 -506517627
-333920631 -375680328
-43756471 390071367
-425349598 -927425421
-877523620 34436418
-158170269 418932391
516293552 226720975
169183732 -417992046
75382502 -462144207
577561444 -952901272
-335299627 90926239
-707398061 -189846271
-129159042 279949518
-70615745 -962516
830191535 -360971875
-208629582 256724886
86179715 419254219
-888156935 558084684
548954184 -46038689
191954524 -83004611
-339966477 505150321
676864728 -781792989
44092071 -214301857
-84343705 478947979
-477480990 -611068965
667586758 -759091632
697973501 160813359
-123416523 -255959603
-128396580 -111364786
-285869771 451238613
486272268 842356114
-698331408 -600706996
-412463785 -373238802
-375655858 -850324743
-378479863 -53499665
182558686 -547369975
60565055 394368255
152117822 -531068490
681835623 -673691582
33466670 -271070023
-620548600 -92012843
230586056 41791434
-215719723 -186163409
-3444630 -108090
642812288 304122597
72402935 -264131269
-429647506 -733271692
-901034862 171358300
-643744085 -143098821
561162968 -94196753
106413694 403817326
28755255 -697624054
-251339122 522397362
821599008 -644510164
245723482 375546716
-65275604 294263445
314083193 -328997385
545348580 -624179754
-218372800 643401161
-788732741 133287787
-465178035 -301997098
757177291 -214649791
10102264 -512730417
749676313 -345964950
-291951525 -181336741
-254813671 -159808609
427455900 196753376
-382730736 -400146996
6274598 175005152
782444841 -758904398
482840554 27436478
78631196 -200855118
-707398062 -189846273
849121186 -308554758
-754234860 -782422640
254235201 -503851536
355746115 69787247
-3484974 -3278886
-707398061 -189846272
-420151939 287530350
-79585140 9825886
13823370 9652474
777566640 -213831214
570418177 4745461
-433932105 -556496962
826059850 371808016
-68151045 -533732048
-405981543 468694631
-199320562 -558710581
61181102 478019789
-50226927 -205025674
970601945 142846477
726958374 416661573
-79556131 493511964
429175689 216824245
-974914237 -194702046
-794295296 99859276
-74430755 333882852
-24744886 -173571247
-121042592 -604569884
-361140449 -375400686
813135971 -315659907
48637328 358886008
-236121428 -630656498
278551834 -547005528
-220474713 -38452009
67899376 583694991
-296718885 -329327590
-347449213 -365423770
-573248084 -407114026
-348569853 -599573803
-81559840 607665580
329552823 -390897968
-13054875 -52943850
364173804 178356349
-240041310 343290517
-869390761 -367486030
-27945951 681406786
628009422 448146790
610506917 -348160521
-49476963 -862475411
303760338 -368779283
-591882676 -461318792
-67050461 183842359
-877810350 -68775198
-18013410 -364773348
280265369 -433538790
575329611 -386293024
-503476700 -252827823
601703617 -635123621
49266060 -96725992
-707398062 -189846274
-137015429 -134404340
-218685150 -563509129
450125263 482459034
140410693 -21352363
258586765 -594554097
-707398059 -189846272
-20838156 986038692
61966634 57245978
-113934142 215790641
280147199 928232809
-763254880 426110697
-438501185 -252745184
-531269027 -851602744
-69528917 518802601
-441504407 -123060304
-816458010 -67887540
-207584806 -619502050
-306151373 253536360
998784815 -118739792
-813180353 297157747
715140564 524632511
-13018306 1383908
-44372514 -424158432
-490562351 -386930831
-472928168 281793615
-543724543 -380386690
-413937270 508376296
433764196 683497557
784479182 -48976216
-30117785 -151694183
205792937 451701287
42179901 -827032692
-572395644 872990921
-325711428 -501631312
528902778 550260469
-695126928 503850780
654608378 222484525
-228939372 518131335
360192473 -210525288
-895882655 -744010311
65644980 -581873715
-227098 -700875985
-560797834 456011738
-180106287 672572584
-83014253 -72275279
121154522 337516687
849433325 -379535247
34685371 -264837340
170840948 693691463
-338476709 72288097
-889850457 -595231999
-465972233 478260044
238280030 57056544
-80791678 -524700562
-751249098 317838093
211883 -721211378
332759966 256592641
278567802 -757915381
-283350470 565649121
-793489569 236285134
-676632541 480634277
450310221 -695114759
-429003671 110555946
-707398059 -189846273
-35655941 245981805
995883067 23593260
-338722176 -832698678
180390475 -334376470
-945117001 -212493396
-220345446 452798988
8302438 -81934346
-367721395 -249968890
174702156 28362032
641230263 -964619328
-487000841 -40680473
-8569104 349153166
-45996100 -134896172
379365801 -63367500
-707398063 -189846275
963377108 546884188
-63740367 84998113
391493494 -137472164
-133286240 -146948163
220803104 -91215785
583370187 855709229
-802393327 241745932
-8786374 206513614
-286867553 48967909
-702157316 -694695613
-270532472 -806368748
667293531 158479559
606407908 170200908
716310566 407981501
781166425 83256560
214286630 -295572468
451215883 260869774
287993359 -210793170
-604731579 325048192
-319493281 282828692
130121420 219864406
-587739137 -154491973
190348837 390545437
588641862 -66849744
-375847668 555235129
-362191881 945185852
-487028497 -747255239
-707398063 -189846271
-206309995 -59607292
-492725911 -229377136
94428046 487264766
-463297021 -67477839
730005764 -100242288
311457189 861304289
-20078330 57332552
651006139 861624936
-397176137 -782341332
-707398059 -189846274
-340009210 -116438988
-124375049 -84368311
-527793164 -578664844
-238560082 44346386
-361316619 -98273808
268151574 105264675
-118681275 -995716990
-391896001 722771141
9020801 -183524149
-672460566 -213926031
962565330 124753502
-925193400 -516641432
-523331709 -634107610
71302694 79038693
-227552238 -73925296
-15659246 -471967524
277123183 -753267686
525720027 -371238751
-213473786 42684
-705044940 62711825
-509413129 -442235151
884010559 640556442
547390650 208290777
-767673428 -199227913
-562841352 65358947
-412603143 502887978
-84620903 854246741
-97250015 -194802659
-349907899 272703945
-20765977 -301566108
-707398060 -189846275
790515972 449070826
-816448291 571122192
62119089 -206650175
538012413 295926167
-189125709 813047085
-374943312 -937299368
966259657 -729280330
-268991308 140291422
655443821 84658870
-349496434 40283216
-597994820 14772912
-415990422 -378171072
-385711582 467862164
-183753931 525863373
456098606 759002566
-335581049 -354618702
-707398063 -189846272
24893103 444377912
27624962 167018491
-80760005 726910622
-117574749 558121772
-728696145 234464836
-707398060 -189846271
900219264 -81567476
-252643153 -625509580
-911727075 182541304
-33176849 -374314393
-24328816 588521196
638573142 444840113
336024045 530178078
-92209358 -742202969
265000906 -531962128
-80034192 75205427
-549281175 -807091861
-301077154 774051356
-451045108 493296987
853736131 -67069506
702774158 230021561
451744898 -155633912
264483648 195573466
388214437 876509498
-208834841 -220034454
536609566 670382045
-71617869 -595048156
-178441068 50769174
519954469 310864163
-840737966 190088671
237755250 -266136989
414941422 267732627
-236741930 403776696
-67004344 764781195
-549322309 169148664
717521917 617582121
-385424231 -98765055
-319605812 799928076
-748150397 -562332939
-717827247 327986330
674879496 494386790
-110941761 -201054574
35921808 -838747526
-88165389 556552333
214250252 -576645080
544885168 336333383
132644597 54960507
-130467304 413674721
241660261 538176829
-245674124 71583194
335650210 -859027615
219264034 -412122141
601161946 287579001
-88095185 -56914904
-10961213 -666957318
-613137278 255236401
-708074156 -659249294
438299325 -898888253
-707398061 -189846273
-818984547 -154838699
-593576702 -270753698
-773401565 -254516061
-413564715 42332990
-707398060 -189846272
721199268 135095520
466151485 178263556
471344754 31206719
-673893022 -842591631
-996974800 -422956666
-193804582 -203480903
172412977 372524197
-772155947 101657486
-895754352 -56257596
513475389 -989589393
-148167050 51902751
-507190671 464556872
-515396357 -4993800
-475085943 75200086
-367198264 93015343
-150681823 -941680723
-186369304 -42992318
-434177759 608625632
-823166432 -540337
-277388150 649432923
-999495171 -258686469
337393483 100746869
-687369870 -350918084
-326379526 -279774407
-646354269 -247822171
-61245717 630151386
-223539790 300066014
513591065 161138445
-54839994 425969783
1306184 78640767
557869671 64405522
-179960963 -165056745
-20315209 -30931900
332872397 634619363
-277013479 -394876432
255881583 -917206003
-317221087 -564422078
48962540 922982646
-483538169 -10339391
-707398062 -189846275
720913649 -801797471
323258259 -655437911
-206707109 -77436501
-307992488 -462186736
-457996168 -26355974
744265491 -284971730
-567301039 303431681
-696838101 352484347
-707398061 -189846274
111218805 710954409
348465634 412213471
313534091 -251056583
41942971 -184779565
76155680 207174830
124015750 420701563
827943204 342146938
120103827 488494351
-51589268 151702987
-576925705 -214285994
580678334 4923987
85382697 76288307
236270532 -21681278
-707398062 -189846271
-74167119 366103684
-630240066 -244407590
-332054134 -130646941
491086691 -223226821
68801226 47330402
-148479275 389886399
566876340 73921680
-381078289 -399267411
341073995 95411172
-29375580 -592276151
-178461759 403407360
-341730513 438923101
-302622880 -776964810
-522472964 -27825820
-682647533 -800372151
742792189 -66094606
324032465 706162816
13916901 686916642
-292356047 -14217361
928785370 798190488
-12979531 775453804
3022359 383543758
-666956831 -343007479
-403675771 832706285
-458879277 -107659640
-513059613 52905984
145489195 -566608133
-594853603 -109225353
284710735 62623242
-616220765 -216877963
529195896 -352423004
-249504618 -287950143
123971853 164763960
210439652 -71933594
374836276 -379076573
76164493 290229218
-224581275 201074761
-437979920 -337042559
-577134058 407805449
193470873 -496116650
19644829 48080216
148129349 -40848104
46919627 278831894
-973850394 161817086
-217265729 199068898
621365196 559027135
-139592169 18459599
583796779 528779865
-232396367 -388842099
354731677 69194311
-590214030 -326722040
167327024 909617925
645782026 -324395625
380592953 57201402
-78507389 347950182
139896998 -642205828
-376338640 94779212
-718278208 -52038824
-303549863 161945147
373146177 410122654
-311682362 -752451561
475474712 113176804
598298587 51966515
-707398062 -189846272
275474788 -56145301
400336764 -198079199
516354085 355632799
-122160816 292193418
146130169 -830147071
108570072 -427261229
-327168546 972358552
-305121818 258009798
-2720200 1051177
-197866206 -318342394
-225852410 -534633851
-466703167 411553914
447306459 806736607
-189027873 -133357858
-786983812 707597405
-250883957 417138254
390824238 -509915082
-807030041 633272716
448848675 90911257
-121591242 -236082592
-410849236 407638178
-284670866 107732422
554165325 -212122870
7424475 -792423400
803263740 194706276
-146894993 -174598790
535231446 -201780295
53771144 -20518958
19708691 41791628
527524519 133670459
-63212813 -23612486
804006901 -85368091
212528479 -332260831
-357989701 -118911938
-707398059 -189846275
497996404 372643508
-235204298 756626304
-316241399 -656224386
-548179436 -115912540
363164090 -159511022
455834391 152295096
-82648629 692236317
472463240 287757669
422288389 539380556
286720529 270621899
461166265 -21986532
332358701 466132191
38639648 582739743
-434514356 672484484
-41781722 264954572
-586130889 178050847
65238200 589321526
-466611448 740299436
654743826 680213036
476604634 -462812500
-586393520 486892061
97844427 195719264
630587967 -181200793
-372676084 -405242016
172094819 -184934633
138102436 20363402
-89763448 -693092909
656365732 -498015796
-54387138 957072254
716161033 71621907
-74362342 649393856
2422271 -95139461
-706004861 670991709
-331841823 273724368
-320963234 -621750599
582361291 484382159
-707398059 -189846271
265024378 -66031373
538020915 -506348610
-570261445 -25646571
767599517 -923030061
-11649627 959349588
-304833000 -462852860
-16607925 29432535
-529668880 -698437911
-179573206 -22850347
46471119 -962895771
413574574 397354009
-186859062 -692502110
-573203758 415217071
-495893138 -501519297
46865960 593154781
-707398063 -189846273
330884408 432335603
550015818 -250579752
-644284757 684427818
231820345 270888424
-81557621 98075406
196507588 137895862
-111224020 93476707
561808818 -87302527
676462734 -4637793
-569982920 -255822728
43249587 3220382
145950501 19711054
-121137096 175694184
693503693 383973176
-177528220 -413118808
-460609659 127884594
-147639295 750701285
173357085 126260960
172258072 -577551320
-340566696 503109545
-281577504 568386039
-46627485 49804917
151966092 -969492743
-96531365 -260690620
-76810525 175201032
-304791548 366953060
-342768993 114336439
585491311 -147622577
386155942 697395428
-29825840 716643331
875056731 290507037
906836370 -565765459
-392547045 -621669614
432597016 257371499
60159010 -95828854
574393249 -612144415
449558423 491719135
-515082942 42463404
259482585 334479167
-748794171 155506850
-425508907 756796008
974465228 -144144444
-707398063 -189846274
835704444 602986291
294882058 -779015268
-327682523 287321551
-209694680 -683135104
-500284459 -27910167
692082984 -887932763
-344059770 -46244640
-480044683 240651765
-481216007 280512163
57165836 333265204
-707398060 -189846273
-92023300 -557195821
-811412818 -132430117
505840886 818390174
-533385731 -445716644
368946255 180834601
-39312703 -116701705
-866668291 278275747
-8699346 -436360411
669485581 495862402
-999237567 -478630451
