50 700 90000000 100000000
-144405390 -3325979
-108822486 -90749974
3015603 143368619
-100993866 122375034
-84532617 -87972376
91704151 26992219
-142570865 -91811949
78689505 -150221527
62920157 -85805832
77869994 -82866501
86356721 25622939
-161951086 46379986
27788499 63997372
27354882 20656614
10228319 -6268825
-81563171 7635916
-120768225 28612919
-159098868 12817246
165576192 47354851
865564 -48964666
25696695 -89940526
136611757 -6768867
72258380 166747775
173304919 -119825602
-159469986 -88896651
133321038 -119782998
3015603 143368614
-56142117 -157921976
65960798 -88097411
-179569543 -160189399
170839779 -24750372
-28428744 -3466309
-7133060 76434420
3015604 143368615
154442720 103484454
22162482 -45508700
-48883331 74383401
-146925235 2464413
110909080 -60602972
16732230 -153432365
98019163 -103104382
44919586 100747432
47299597 66495844
3015607 143368616
137269547 -133736648
112326056 57566122
-52327293 119946842
-195581092 17142932
-71180566 -36505004
113180699 21904635
54278658 -27613273
-6080116 126285198
-147406 -42614
-61262767 -140729325
-86226993 -82678297
3015603 143368618
138158740 -12340792
-53514200 173163605
-157973371 -32127336
-124269602 -34935267
-5118420 157256688
151849893 40358713
25037336 -64957740
-236095674 -135694834
3015606 143368619
75118088 -8279245
-8985946 23338033
15197676 66624707
64921425 -36583693
-78702518 -142998532
8502532 9372743
179426857 -42219644
-242877029 123343256
67063272 56039401
-76598142 -94695565
-40533238 123706000
-109615653 72586553
-93428837 -6938079
-166752370 -39912219
63416916 16499716
-34055261 26697653
102724684 84050308
3015603 143368613
-72601957 -6073205
-61894498 154315531
-77821198 32740783
-18726871 76034131
154832457 43651030
-21218279 176199719
-21670225 142819896
3015606 143368614
18469012 -69771547
-10539912 68586392
-166945779 -21516419
63927140 31876313
-15640124 63950039
-265808460 -78158422
99906384 -134690854
-73965157 -81424484
-129226326 -37425966
-38951371 10405373
-26235030 -29669355
217519125 41822914
3015607 143368615
38353031 -20370023
14174874 -192352486
-41945960 -59329577
98117895 -40699659
40928795 80252756
-17282124 -85352085
8739339 1541074
-1201903 -3100820
-94322667 14860660
-66527657 101095047
-110295451 -28750644
-150888675 32045323
-139545920 -212660344
3015603 143368617
17240649 -44729010
-91833824 145793586
167057231 135358161
-95411073 115471568
36868166 -36325649
110770865 -30476231
-14831190 72405546
95925077 98105142
-90311164 143059263
3015606 143368618
-96593845 -73078556
-96291461 -122681
-64005321 22786281
12630617 -43562666
-41095444 -94742271
-163975389 10949391
47937235 65862405
79202129 84730607
3015607 143368619
-61563412 -67193921
-74767304 -120141547
-25216563 98449166
-29963928 51943522
231183923 -12071901
31261679 -199639324
-145698898 64051036
-58388512 -7947553
-17760814 -65834203
-87138269 152992888
72650966 158781454
-129919506 39680795
31916648 29064236
83428200 143081001
3015602 143368616
87109879 28399091
96839774 101621205
-7474032 -164829554
39231311 194921838
-78548305 149242119
91311076 -6555439
12938692 -46809238
-139728816 -23202842
192103760 -64961518
36100000 -39754815
15130335 21039840
3015606 143368613
-142687999 -92920740
-109358467 138067734
16973931 47904019
76463742 72250823
-61284047 77503162
66942006 45835834
9380260 6396621
159112036 45505366
85725006 -96623936
-13829181 121984441
-3098474 78556866
13474299 147647698
46601178 -27668009
87913347 -85679096
-57932822 36090722
82468149 -209651517
-13491623 18711665
-160561864 71310697
42860544 254960282
3015606 143368617
-2897971 24097189
2737719 -22029470
81496695 70494114
141385104 -14737087
10915306 -1123740
140335301 130313246
-24439880 18988904
92964693 12435980
-9175522 164748054
-162612042 -59485846
1908838 23716230
23650431 -176062325
-62696057 120953616
115425910 -29861701
70675459 4550815
-75957103 22383553
107469735 92724163
-3222662 94676034
4325415 -168541632
3015602 143368615
-4133793 110989336
94841205 -61718822
40333959 -8622073
-177525255 -224438628
-17947236 83183661
-42142812 -28708790
-141232218 54608037
-683612 -148479
-148225628 114320293
-8315035 213734734
-42158796 20334333
-83760368 -50599317
-180707211 -188383102
94150216 89674227
64162890 125387918
-1792742 -24160928
-159783893 -42284779
173650447 155445147
14987027 106825268
8547666 -92964847
44528338 40385674
-19685007 87285174
61938089 503178
86614616 -121521636
-32434098 -172427444
77503605 -32869786
-126721245 51947314
-1165667 19000799
-88101176 -8628980
-36519458 -42404910
-92888444 -29274932
-216435718 -70230773
114308919 64847859
3015602 143368619
-58391600 -134232487
171993301 -186353165
-6067995 11358383
3015608 143368617
-172237809 280481
14702743 -8240496
-112432404 -54526403
-133346811 -130524619
-101479183 215703258
-629879 -24051426
95058234 -32638012
95271950 -221301147
89207377 -2389629
61282710 97934959
-146125396 103070506
-61884014 -13731229
117043762 32980369
62285391 -132455075
-64222524 -50211074
169717772 -5689546
69625889 -131945430
33463537 -133117967
-90713115 9481878
77603319 -110806602
-54666120 -61917905
3015605 143368616
-124155905 -16538842
36060984 -197540797
-66782018 127861452
-163689162 -104813466
85917054 -125224512
137605460 -77248936
-73477158 -167997126
97703396 81474190
-125900644 -88334307
149086856 89571666
-7098171 132626272
10664416 71470747
31611526 -59967348
12059922 124660907
147632078 50519730
-34929698 165611899
2398569 176043
82597933 -70702434
3562738 158356629
-15848823 14372398
51491602 36322880
-119230199 95388921
130958946 37375559
-71512011 109923357
-11313183 6918381
-74938536 50889239
-33120858 -9186885
53757220 -44058742
-28020956 90311384
-101874849 47691403
86980270 -67204253
-70925025 -77560152
3015604 143368619
-52390282 20815642
-153004915 -90613301
-40666981 130346422
49402800 -3433159
225032659 -119421323
-93115066 115513761
-143370998 -34761772
-37866945 141938381
3015608 143368616
-15348120 -44309855
21170673 -67712766
30365514 -96776163
-134432324 12754437
-1886643 1173855
-120059912 55899262
121419449 40799654
11107444 35887482
-59774326 23458905
-23865018 -8937468
-867874 56081236
553932 123984982
27709549 103991785
3015604 143368614
-84888303 67912528
-14292803 16614346
202975613 -73985936
-70599399 22177057
38362411 -142035325
-32117958 -77175084
3015605 143368615
174228094 120706819
-78137895 -67173809
147673891 -32771470
-12277413 -5221551
2012513 -9299159
-81559293 -140543078
-70985700 -225720667
-81400305 11926763
27775837 -17526233
18070515 48747374
79871357 -58052279
-151161676 71901370
-21591500 -8086193
111663728 -50314328
-26047887 -131523032
-50169006 79381127
-29450619 126531293
196933429 -119626322
9874411 135363595
118202556 -119661425
107227364 -19257948
3015604 143368618
-45406658 246020
173984125 -108668477
-136218151 -59069762
-131943036 -36683436
30446619 -86443477
-5215363 125335484
188036490 -115511818
-61698125 118806156
-84828604 -18575843
3015608 143368615
32028725 84010430
-64183649 -163579108
77797618 50648599
-108133690 -180547946
16230366 177108649
-171579061 22798057
-135296953 18836609
-93319761 55621793
-137249819 127933898
168324991 83667047
165614383 112659358
-10345277 84834755
76081953 68688642
-59482410 -8558361
54251867 -35287232
82054022 64819013
75811070 -152456223
107157330 5404629
-26077647 35816886
69934920 -22030333
38694169 -27582852
3015604 143368613
-10806271 65761312
5740151 1379298
-5419793 -3766956
74957835 -105527826
29651112 3744797
97279991 22669459
45735073 118232507
-94027039 39863521
48016676 63449894
-99329049 16745839
-25040122 3899504
109290255 -50384516
3015607 143368614
-68730429 66059837
84733968 -40806576
-62032310 -102786175
-53760936 -119890337
26042504 -79126224
81098066 -62716206
125300910 70285383
-37149846 -140069935
-30827931 -78533302
-4157348 -26624134
64300577 99535421
-53784885 -49242119
102692310 5750710
-89369896 22598987
-52554482 109409486
3015603 143368616
-3023227 23473883
70311005 69336676
169600766 -145713291
-142411968 5218448
48902291 13796931
-77553917 28240518
-77497981 193075745
3015604 143368617
-39138942 95501484
-22681879 -85665826
98908266 -96636493
113158444 122447508
-60594438 60960117
7193073 17056378
3015607 143368618
-171017785 -31385657
133760851 23863677
54315872 -119985039
-86577173 -176210285
-27107297 -59047706
18276004 -82753542
145869684 88666892
85087135 -57794848
107906863 -28308767
-101008488 150159087
163590270 14249705
-146837686 153293502
26739109 -120109692
64316656 -139861684
64360927 -24802939
88946878 98335155
37765148 -27508541
-710725 17224445
45433603 69860188
57522835 13183554
-67878186 -144009452
3015607 143368613
189837942 144475819
-133170637 -49531715
118738573 -29499878
34176700 -30747730
116648668 154968374
-121176125 -65711664
43614265 127658276
45256555 114455992
-100338373 -28328627
162233987 63359860
3015603 143368615
147733576 44874433
13177180 -130568723
43536419 -8209578
-64266443 31465699
3076670 114078210
49644918 4580090
90962191 49684754
-61080409 -50985118
70951279 189456451
143532484 -196169295
-100090423 34208028
3015606 143368616
34832845 103990409
150484355 -8437143
-169660899 -125234309
3015607 143368617
-148470878 124012147
9524621 -122899567
129823585 168646051
132306416 56644053
-35482761 83385827
-165204701 -121689109
113355010 46733885
-115880442 -69107393
13961919 26492599
41492755 92637825
22013909 211909513
3015602 143368614
-112217386 -97469681
-129136893 15617224
89772250 186196753
-153295871 191953427
-29086236 -62831094
-85569381 -24828055
114555104 -142258552
131219880 17909947
19686976 -10553229
-6055898 -182096331
18428839 45056522
26653532 99221834
-211316481 34152495
171281424 23790760
-3402576 -2249168
-122258586 86852533
43999108 -86767840
-5317588 -8319286
-68998706 178655482
131795013 -120054773
97343527 137138376
166825331 -71771415
83282050 155531587
-202265112 -4175028
-27347412 -3247041
74064637 -92671929
-68887769 -101935451
3015602 143368618
80696982 92887275
-30484047 124652486
-126627242 -282993409
-133831049 -30854017
23592354 165778576
-70765926 -133582575
-92203070 45661050
-206826300 -8952566
3015606 143368615
-41495744 -70665158
-30086869 71926934
-74155058 82840790
4884032 -96745992
-102481125 104345830
-160213276 -9571233
26176906 -97098939
-98517103 151815265
19516765 -125154863
-68010742 83806231
-75109589 79115978
-9654775 31837488
51257324 50548307
156058588 -33029794
28240581 41617513
89761294 -17837625
1767789 -163122742
3015602 143368613
36055100 -70358111
-28859293 -42867171
-106913390 -96292111
-29233161 9294625
-126711882 -158314553
22674091 -151969240
-81303558 56155306
131626024 -66200596
-7297570 12033311
-28257767 -73137798
75759754 -100545434
86093710 99356746
-77736319 110045861
56265615 23013704
-4034527 5442913
-97836790 138910192
-100206126 36244545
-42089647 8176909
117135825 -51718125
158611031 36591772
-43369800 -57741213
-155102138 43933040
95344519 -96426112
60714468 92437553
38336129 3376355
-99750809 -25624116
104909717 -81931868
80788077 226810390
20540093 -127468150
3015602 143368617
-79642801 -2610434
3015605 143368619
55908952 -71573721
-104125878 4010840
151438269 -1245528
-130300034 35674659
-89471256 -189120191
56376693 52457999
25305971 -97425860
207609372 -101096413
64863249 72285228
133430131 -11539132
95997739 -149805253
-83800418 130222986
-103446235 35968486
-66674785 -234691851
81640699 -19692789
3015605 143368614
53605036 -14050275
-12565046 -94182918
3015608 143368619
-113917867 -16528305
126595046 -22991267
-44269111 -8956157
-26437446 73047536
54157878 124183705
164748186 -62561544
-81080701 50557467
-83443165 111861081
-106032028 -60154993
70882610 -176072954
-8636618 3684742
174434769 64107278
-51632825 -95685107
104613174 60924657
-78845645 -98172160
8700644 -3646744
-100045295 38866166
-110845495 -1186898
-36543160 -100161953
-75267686 196719098
94410168 -29873282
75409722 -8489427
-52576974 -220108432
-126171675 19950648
96680501 -129890372
29336839 7988257
48384432 214745408
-35714389 90848625
96296027 88746043
-231158393 901379
122237547 -88849966
120437192 -150225746
50822105 31108151
-12195113 -20041239
-92943510 83705677
-51479029 -726589
-166323856 -6075506
3015605 143368618
126489483 119107538
3015608 143368614
8800475 -92404192
15115954 -65806115
-25955618 64319064
39586878 -25835295
-9078911 7301570
56295987 -136929670
89182017 31136523
-3778645 52692089
-1865599 -8755345
19529187 43830161
50441195 13278674
-61410769 -92385822
147254438 -80398153
33427582 151445589
-254201099 -96823028
-45698127 23318312
-34385724 -176705919
15581164 -124346712
21643183 131399584
-137973250 124585136
13944869 -120554119
-40245918 142020183
3015605 143368613
45849784 -42987029
-57640319 -117598592
-165598243 -60192421
12589985 3143568
3015608 143368618
206153072 -49119666
-109427403 10168359
227527024 -99041655
-40349655 -107787936
28284705 129072096
-21753538 142181180
108898973 -16785712
47967031 43333654
-74226932 154566725
-47780289 -74349471
109508883 -20288591
130260417 -21916326
78515319 -89341351
150329450 -122966436
59146255 31823632
78306948 155991077
56216993 14823846
-137902609 -19136524
33501983 -36987323
-37939079 78809509
-113876501 -84129206
-96988570 72475009
-71787163 150845582
3015604 143368616
-147875267 -168441373
-56938795 2844323
97356975 -207462873
-30426547 -93767500
85296728 66676304
3015605 143368617
25220846 -57165091
3015608 143368613
68063695 62664570
7536876 -153071929
46616880 98739801
82349657 -107754820
16100418 -7095482
-14352809 -79402572
-75538774 69951437
88482974 58899104
