100 700 900000000 1000000000
388612627 58366211
982073084 513144296
631145857 506341948
388612619 58366207
-662162421 511497656
-573798880 328048770
161717899 -780684619
24819665 -564213821
933095587 -805945156
161470995 94955010
-915230273 425483305
208015018 -887494432
367916504 -66899947
890380883 277297921
388612622 58366208
-506068745 -448013602
-296321 -13902562
388612625 58366213
43817405 -19066501
-990897400 195349815
772156361 -694572649
-966491430 -278189085
461133571 530283237
-717695449 -475068116
648321878 -758875781
-859763042 -292875671
-986413807 -138048851
388612626 58366214
-80414810 220778630
372805225 -748571320
135032294 -512408193
-112279754 -41939776
-289949321 -417012609
-179253413 -76894300
-569727463 362565658
429736024 595332604
-980979494 -392915199
-367813320 327143518
676160541 10550744
151761518 -71072138
-409801320 -918265703
-832987251 -432843961
-57959784 32470141
-511245111 578795732
-95017183 -234126559
241629237 -341460808
-633390315 515136742
324142318 385157180
-781801198 251418671
388612622 58366212
388612625 58366208
68106500 737535127
73754170 -76549133
-969641273 -42646660
-247155725 -719145099
-695406501 208422023
388612626 58366209
246724522 758386039
-156026303 62289788
-472682689 -636259875
911409691 -82964542
316200020 454307882
872631226 -493598185
-430982120 -209691729
-845077810 -383219479
102681771 -324696621
118889170 -968511738
556161738 865923500
824036925 213966570
443074788 83849093
388612621 58366206
223388399 -576793472
-657026219 -518600106
187701188 -686453354
388612621 58366215
-617902466 -604975648
459873534 -511061960
468203560 517097103
-611937833 915695163
285429465 -663894749
159273153 549054099
388612622 58366207
22809650 35895343
-278428821 -685938938
494291832 378562367
206525650 141699544
388612625 58366212
952923170 708239808
-844492649 1989569
798765878 872423383
-652929618 -80045289
207722571 194915535
732206351 15892684
55061289 94142916
340615865 -238255037
-955700668 408051211
-680752626 -800491403
958106536 -388319475
305194626 -506864286
-604118599 203454201
409804524 98351878
-508924481 -519103615
217505492 259107915
388612621 58366210
-240627498 -593861893
-31495443 639813610
-821873302 298357508
354154910 168640285
-101713223 -103592332
158527592 177970612
736623224 -842361953
142832882 788086959
597175843 517567167
130468149 -37122491
-520186314 -404881771
-622883154 -915098680
388612622 58366211
897444338 -267631977
388612625 58366207
206357138 415663648
-255835295 894598582
-698049597 -563225161
-629292957 304299028
8267030 22687710
641250686 -506837177
205731488 -734610108
-743743529 -383745932
90246223 -752120917
-454021218 873303615
151725303 588744351
159465326 373189843
798633485 446146108
542599638 29072601
388612621 58366214
-33258114 -321607186
-343198724 552335432
292780898 -641399853
-702255924 105915554
-129836073 295620058
-488982216 522772157
240066932 194571912
69001022 101257873
-503104513 345181853
-176766853 -94498919
388612628 58366213
318608885 902836325
121849785 360559974
385530965 28189773
406638312 -492669930
522856563 -958947868
289380478 676965957
-687348224 -97720842
133985261 123335851
44077845 129287041
586030144 -35490886
388612621 58366209
-623242389 82797803
40333153 -872572184
992582456 -244456609
3383554 -839139933
-673439063 428838162
-416964708 872654834
517975690 43957477
388612624 58366211
-927725648 -222167322
-40092458 302327591
333297007 343201818
129284950 256051321
-36989180 678519723
388612628 58366208
429910464 963545246
-343990186 76583402
531840370 -245652707
-695148761 -627063092
881097718 -172295959
-828246397 -710451163
-233311794 779753491
-393852759 -972399560
370915188 960499033
524086918 -448104448
65216943 536716252
-751925250 -558614331
492934622 -465455256
-172426263 -886056635
388612624 58366206
855941461 754387789
-657753943 -430044390
-539022014 -687578565
820025263 -168576
388612624 58366215
-783002208 -289710425
-236938948 355123389
481341407 976486060
-147853801 -822732807
148699207 -634266587
201342780 168291238
5314714 -98333098
-585012459 222111287
388612628 58366212
299956577 -139338616
364101132 -798915945
768469768 -61378577
450959920 723431571
481566985 154471001
-191898170 126850024
-744644337 -948474172
388612620 58366213
710344639 196549044
-593309001 -945719333
16455984 166307902
-596667458 -734185037
350230533 449277221
388612624 58366210
354570304 133252591
890209775 -603313449
190534570 -484029175
-283189961 646184413
-475027352 -50932272
597536809 -314242849
83407432 418331426
685863934 725300249
885793543 -797561615
388612628 58366207
-454381330 383615615
45667794 -66315281
-182981453 309369128
-29054047 571434497
506241490 829424115
-666587406 -738701713
322439633 738155065
-140970535 915731182
-178254245 429372435
388612620 58366208
388612623 58366213
551382209 289828110
-546920332 -853181054
163916613 69716736
597223811 284910716
-881583755 -53742174
987036800 -8034378
684416300 -397712463
388612624 58366214
705531802 -550708156
-267093368 -925270662
171590059 14741787
-550606661 -163583286
-772385543 -711775297
-67824003 838335582
388612627 58366206
423924433 889568981
155496626 501183805
927839305 83816938
23056323 -9410700
388612627 58366215
388612619 58366211
211199505 724382076
-663905551 -562199914
129256225 593079812
-2959474 113981509
-912369291 441794093
-675306541 -702438275
297498000 531107530
-228073759 570290468
-552723793 -718404838
388612620 58366212
388612623 58366208
-195774305 -283080938
-599694888 350625930
-411094226 303603062
388612624 58366209
792108913 -302520146
-108219922 -615076365
-656655832 423198116
419068098 -660018757
107929857 245881499
-76227772 574838550
-322239416 -675385946
-68548016 960867010
-465487030 -785294997
-616828604 -75933296
388612627 58366210
546817843 52655609
388612619 58366206
388612619 58366215
-792031093 140997571
466000603 366285139
98261049 -138839991
690419767 -382653843
388612620 58366207
-738574131 439444393
-96974544 801885049
-901291242 -229283263
159261054 -359295771
388612623 58366212
-482120974 14191585
577480347 152865926
-507982814 608547072
-295856071 752518162
702766153 351662532
-575401833 682133504
-800738595 8796715
-831996857 181564278
741041307 245028216
394433246 -262095688
-500551621 706428564
790276463 134202831
388612626 58366213
898220200 -145857781
-275200180 532932124
-487161079 -391322520
-631228581 392535661
-986906270 939024765
-158158018 -525063410
412901717 980633048
388612627 58366214
388612619 58366210
-484015002 744009358
322005299 -745779790
-336963122 526983693
-339969254 305918497
23096769 -843558972
-640767946 167727950
-344157954 699639428
-174440285 -181358193
850733256 -445932875
388612623 58366207
-235716498 -407196718
-209769764 -633560137
-362287332 -127920872
-443573704 525767325
222437581 -760543546
-130678084 408697024
-418911451 167223232
388612626 58366208
-530855983 583251838
-10194805 681561237
-254430855 552265875
495959797 70691476
-656895731 -59164320
670894004 688987450
363695230 -300083104
388612627 58366209
388612619 58366214
347729902 -723184764
-454376744 364194121
462734903 -738597940
827742204 -763728621
-15938782 277994837
-6105285 -440466166
141354029 826776879
-361593462 968053099
107673384 -481662819
60131328 -455732197
128476150 -103342268
388612622 58366206
-168744235 -64210010
388612622 58366215
91282240 -517707806
388612625 58366211
-132860855 -648966365
470055808 -77582418
243753695 313503361
388612626 58366212
-388855831 -29370931
356515580 209564406
-288080330 -482223718
388612619 58366209
16500241 -424575246
-795656449 252480723
914214881 347292254
58492980 -965740167
-740171613 278892308
670733499 244105067
-655504246 222311635
315227402 -183386647
-479290355 -650291708
-691428429 -232511504
388612622 58366210
749486974 -886155124
255061562 833566496
388612625 58366206
384227860 -58523426
696782237 -308445895
-430994886 -78558941
388612625 58366215
740082398 -548042264
-735437719 -86431978
146587317 -78763505
439422152 -943170644
748343935 -54573661
-770432410 -534689876
388612626 58366207
-106128168 96341759
-130717047 312694818
410618459 217132013
-893484062 -25976770
-602565568 177686323
86830756 848711749
525245154 53552974
-119727739 -648090449
-668128862 269212685
-426886525 922478233
423407544 -626635050
-20855332 674654035
-520203778 -754232365
360948446 -823725747
388612621 58366213
96095606 -885176208
-487244659 418398800
-202790167 -49988353
182700044 669452281
-929092305 154308248
-721548398 -70600385
-250368420 193771121
770419352 -957468167
200824867 -328910818
388612622 58366214
-636668275 -141625486
-37378601 -824493202
388612625 58366210
-817652027 -250579129
-253479088 571603013
112727997 -110284995
-24347877 -794173170
388612626 58366211
-187143565 224442207
-49755583 -539725139
634663155 -575295950
454643141 145866261
-176719990 -270759937
-982255757 -585542957
434578860 -185289065
-77162559 866802096
216247501 -815733717
-255661352 447671028
388612621 58366208
-236445279 -106838428
-507041118 -275432267
787183511 -932510481
-140562952 -732926287
11695690 28967046
388612622 58366209
388612625 58366214
284442726 767752542
683833677 621990904
724411608 691744781
309957751 776301753
590238734 890977757
-802343034 360497825
-592765259 -437919375
108857555 -199881923
141130740 599462334
-165193981 960718826
-949830825 -13255962
697003059 -515291680
-311718436 479489672
-36399209 414768688
305064094 449877622
-523260731 175203442
-835750342 405170253
388612621 58366212
-113226558 -707022309
-93511852 -5428830
503298672 -61375603
399391606 -480180149
388612625 58366209
333275347 -543067109
-804324377 -197679616
-568513344 138485261
-352196527 7046615
-27258462 721568536
388612628 58366211
551651671 -279808830
-246273670 -365587390
731688733 391567624
-55387377 834129427
242094453 -416901262
-214897942 -267760061
-125525928 -169582490
-130632508 305944633
-704644176 537935729
211911542 -210728646
500980910 -208363322
569525580 462573593
-120870301 -738239624
447262607 198618394
-75711030 73995058
278794049 978215541
-693504448 -74159449
388612621 58366207
1156267 723418789
-85569582 941756076
228907439 208172395
404856707 48130858
845754165 136048361
142049751 -336737686
-123939161 -4034563
388612628 58366206
415980285 216998638
-746188850 -456573518
388612628 58366215
12676409 43759328
-24758682 -565867575
539470157 726660091
505477841 168695766
-506694950 -108454893
-147649369 -30127461
-33552262 300422833
806861330 -517185620
120226600 -677304398
-495672666 401470359
-977069608 -387742502
-550927545 -175345724
350484449 -674013288
155546682 728926663
-806642126 595661005
388612621 58366211
-181936178 422940906
-589783575 -343337567
388612624 58366213
683070755 219752865
162171183 -320612188
102085109 283236541
637338965 -651488433
-334277855 329109273
-203422314 -362362387
-508529955 -211500964
-188857802 -909257238
388612628 58366210
394046172 -346498859
-194480003 -165648050
-505634457 829291533
-611832385 -77950792
176958886 -104602863
838775620 -691497071
648470677 -41713298
724465980 -102161234
388612620 58366211
-453048137 242945822
87605124 445342842
422858993 637762711
-116493070 842200027
-507245874 -776961051
-973600342 265213846
-837038233 -818657581
388612624 58366208
152734767 14356887
-303373200 960051230
462654765 154565157
-289128290 -24613189
185015777 -42568670
-5815759 -37325894
-632369942 -436585919
387354206 -849921277
388612628 58366214
690043618 -598318274
85239199 224811155
310805683 658579130
169929190 -916905821
219120797 272075013
-157261216 19053507
-403764193 -384479823
-831546920 162228926
-288217608 531611191
-70623359 525305924
-74728567 594155892
-62078024 588483217
388612620 58366206
388612620 58366215
388612623 58366211
13508067 -47406295
289890279 -659728341
-262582826 814331276
96890414 -515209808
914340403 125008498
523300002 -151409174
388612624 58366212
966974453 -39054412
-911826157 -327420423
-11445881 -9933203
310383009 284882419
-914632801 347436073
388612628 58366209
-89412912 811647329
-179091273 -413900946
388612627 58366213
-678239977 -581040395
996982736 -232097346
-27631305 -14458677
-199906070 -718362411
733954683 -642065978
609925529 119644499
734682031 -803444623
-456101747 -372879734
256828614 176348814
388612620 58366210
-199202011 -261380977
-2389209 671670595
388612623 58366206
369643980 351661978
-220027851 -973407536
596096200 -966816198
-351087010 938144227
388612623 58366215
423297570 -615416486
355709946 -549746685
388612624 58366207
76809710 -78885443
-601744846 419345233
645045352 -70914498
-19035122 -30586305
-647303608 -188475849
-729829892 -639242734
-38480352 452710487
643458199 855293463
388612627 58366208
-604890211 706833832
-6636658 1728677
388612619 58366213
874825614 -184755011
924513581 -734628063
-497597764 199690032
494453838 -617779412
556931192 510033365
388612620 58366214
-501839679 -772227698
388612623 58366210
-263108886 -462582449
54708815 -43858155
-85940053 798503789
-295274856 579663077
881575500 300337184
-668185246 -194873294
-117183448 -90009955
-365908967 299228222
-787561659 422306662
388612627 58366212
-495744189 866355142
388612619 58366208
152225581 439072477
328349692 723116325
49791775 -1939879
-599904958 -932159929
388612620 58366209
883959719 -95927196
-331306728 342822311
-829671247 123355678
388612623 58366214
-6160534 -402568594
42228720 -747023809
316693063 -456393019
-35572338 -38435351
531268543 92209808
628136048 705552680
402480514 -217539011
87826443 780448871
-810594316 -186002790
146929114 143847597
-771243550 941465459
388612626 58366206
388612626 58366215
679347388 -917907918
246808503 -719070187
628550456 -482828680
672441358 -191133995
788664946 535197185
388612627 58366207
-802277693 95100845
-629182149 73372442
388612619 58366212
-639349295 452542023
68371575 -618443632
-86374863 911178603
-339673195 -359108653
-330629374 585903262
-922285764 461394620
-906258926 -498739790
-337352538 885803687
388612623 58366209
981137250 138149568
119901733 76436660
388612622 58366213
560910432 -261467891
-333451298 -153230078
-52697027 873165121
-92991041 -67356414
605326072 -772957944
-309496567 -786021827
513042624 -107620933
314247054 178922688
-360675639 -503761627
45312349 234932620
388612626 58366210
510414935 -433259400
-568456773 -280256370
-832013087 -117976739
-528102045 101599171
161010044 542612643
240717916 -228004960
-224496279 408291666
