5000
70129
975035
45848
254946
861628
479219
357218
333562
905079
383680
536492
802874
450147
593434
408478
355022
848295
667869
37556
300142
628924
261168
729809
671097
250984
243132
598554
998041
417632
935409
451275
58472
291473
480225
742410
958982
680047
78640
400800
292834
818162
378438
607972
564324
883368
857796
507929
547030
176637
714849
196456
738448
104861
151869
369816
128488
598317
564140
268230
305927
430714
678462
888210
920174
484418
101251
909309
567792
622681
731129
326851
579479
81368
144381
671742
788372
620995
957435
573070
618635
415550
178425
297665
993820
750556
916169
214102
197705
185170
609513
108717
563291
481728
119064
744588
552323
913726
703660
213917
717032
461942
699044
5966
751753
469021
795476
387075
82318
215872
369194
799772
979680
552683
439492
551580
617990
792918
562605
670223
49939
972937
863245
937018
399550
417699
210589
328184
110640
40790
175759
902225
254215
46070
61276
703396
776799
73767
165115
298978
10907
867812
237307
209289
606617
679838
188516
694401
369832
456082
45470
255364
902816
262829
768415
125924
330223
299119
306760
633961
903151
414136
514750
143831
552118
156883
883940
633500
900198
913346
868998
133732
987355
357177
880406
689133
667655
377919
61667
977367
984914
898926
97895
879165
989783
365677
509692
483858
240405
155057
187841
895811
680200
200030
927172
790533
670112
695457
193752
732388
258913
203301
626678
969797
702353
864261
611868
746937
316586
754445
374526
500104
676300
397821
720760
465157
983890
301202
705491
534621
102653
927768
9352
347066
412954
63620
133568
685579
406415
56468
300456
445679
801717
415505
526650
383227
234169
763574
186180
496576
134843
981541
544510
550137
233546
170507
96563
389196
417629
186321
771282
355344
232917
581241
155258
814115
939766
400362
464991
408580
211801
794310
702602
361734
81269
329146
122219
616048
326647
269007
7725
652855
132420
93586
392407
963115
672132
261572
696654
949811
222576
711151
111695
910667
159763
540613
822142
718203
163419
115460
122717
136658
676703
554617
507681
746430
557062
773396
526179
307939
964484
633261
622670
925176
492662
141899
244412
960659
760589
404644
609769
463344
173910
186470
605561
118460
975762
350184
22915
875369
363016
967458
519799
304663
129340
802044
999413
138527
619332
81515
308631
133919
645155
810810
880936
489759
582337
885350
925851
410448
214330
795757
959488
602872
888844
439031
594503
236340
398182
775497
118442
256340
898843
74510
834710
104710
40917
503955
532727
921575
497280
44759
754311
400213
412439
997572
781462
501732
519444
325184
18826
697994
575253
12597
989113
348654
878469
924797
372015
928325
758155
264151
281867
814759
425388
969428
807197
508043
192436
409165
969106
101659
332618
998178
932038
365014
762629
157538
968094
422218
211217
557725
408241
71607
393106
542764
422678
704201
190140
34528
15173
392262
620066
217075
652224
992205
789873
495098
711472
712819
111492
329150
991804
314068
686549
59700
735364
400599
640893
497353
778071
572989
940648
710924
333496
321003
62302
68070
669210
904260
359421
838697
920725
469573
587067
815363
514244
39629
704197
408815
36055
816938
702949
43188
182345
377347
400469
165378
818565
298244
491341
664699
472718
641959
665557
444204
194449
394806
919035
342060
422961
217457
330888
636353
545274
840598
484241
316247
774906
469959
380205
849252
99832
753492
191405
370292
304299
225689
532559
528090
123233
880585
317753
950588
423981
897961
362862
422196
181126
936742
658765
671274
361692
11522
494789
773287
696982
6072
935283
520109
644582
810314
644041
686045
511416
66697
898800
773307
302219
704014
914478
315249
212347
33487
603467
853177
193578
658799
548097
684045
287915
847779
764052
679896
959934
619162
119574
262430
349926
652157
855989
982848
860163
784945
858539
385076
391692
918279
545372
759418
53002
793355
785079
565192
901425
357794
623942
570578
636670
942656
133333
932827
568385
762576
483905
104454
707941
407184
413099
617087
46453
276436
349715
198745
391559
161227
19029
961031
318447
40333
789861
999078
312227
481761
568708
563312
88140
387930
221350
733402
447736
276396
699760
689242
197133
891805
212444
529236
828887
960100
580244
615033
242273
79674
107114
121561
628275
461083
364038
962902
110132
392959
592638
557411
122120
111027
807420
950995
335122
524859
511779
721722
12853
588856
131757
604501
176177
119863
699239
435926
486707
350989
682655
664887
56219
725915
502150
438946
998525
817446
341925
658512
397265
951618
32672
531397
430459
638794
796111
59437
569621
356987
499660
932598
74434
80996
164119
696493
800717
603252
911085
384067
875586
909620
717744
259178
921995
916280
436278
162364
646208
470551
474703
501615
919646
121931
204858
943584
978512
347252
520022
601967
191808
64556
972037
318502
269179
379014
831000
763578
728070
707634
182909
113873
670705
377549
466374
657616
279051
687255
427663
364195
490762
239316
636593
379685
982266
395184
320651
937297
684588
631664
18191
356195
648006
83838
614245
181077
306259
294955
841752
306073
778100
738569
982981
985601
525296
618679
606494
708394
182504
176861
576567
774708
95552
314985
595273
117093
219091
524984
190361
405250
269532
528959
339381
416065
152494
943368
142226
773824
546724
363605
758075
263558
968373
558298
738404
398114
370432
250753
351317
466900
910951
533225
570982
117642
357385
5441
142384
525327
955094
94075
162104
896347
540600
137660
238887
973186
503090
632107
541319
889655
678721
352144
226390
767038
763904
727103
818929
168706
511646
665553
4150
380776
654631
274307
101724
941065
126684
69870
245195
285141
228916
754674
484875
850642
312120
965825
597390
397034
745209
665118
962264
862347
248299
329215
556217
123808
985991
312548
203559
381829
632085
580133
469485
67760
889069
548992
719206
84409
724200
614224
544286
396852
784342
886919
648511
804113
496790
832414
55471
260648
53264
810366
592139
161050
942453
955486
929572
722647
914385
716904
824205
579163
233251
442624
296559
234772
334902
426613
524279
213157
411914
642721
213534
462036
579789
754472
133295
367681
823812
231920
558853
437301
16658
200875
276442
782611
863139
3292
563642
738249
97354
20466
186726
271306
945247
462565
731746
836622
973988
216684
490111
781562
338458
778851
436939
722723
334713
335462
717953
496371
240510
491089
108514
805691
781501
368907
355675
204667
446782
420894
360766
303058
921966
852543
656897
787869
186390
631147
492830
503438
38879
370698
80934
667971
290206
362449
840806
231697
275995
937378
978077
516237
743911
842787
343503
700061
667102
93757
58733
925013
217270
64097
765021
421158
126628
632402
139915
33453
957228
969388
414121
685869
313989
231643
724020
736555
339482
647730
592621
471394
85558
609312
755684
34679
703530
122223
222440
730442
677004
609704
130083
22691
884667
135291
600563
673437
365289
243558
670999
645370
649268
503012
515728
689952
579033
741899
960659
421930
87885
989763
154296
315120
794502
64751
958701
185163
637542
126044
942536
955596
72659
91591
335116
780465
762462
25366
864734
350117
785071
842503
778639
26538
938420
755477
203675
946319
282615
576656
237768
746605
782376
67615
639122
809380
712414
382921
360081
757453
787359
617795
618236
850081
711767
185746
546878
228681
105598
120090
478975
172749
564365
378455
572439
561996
49684
693595
893395
266787
774652
594573
435501
220139
788471
587874
404716
638853
365105
183938
310979
215083
772861
55353
156575
419642
797981
627998
299431
410489
562812
442947
952727
46500
766079
928435
438701
818617
475047
238012
25956
880721
617381
114098
686341
255210
927167
148110
104833
767398
720999
116946
892891
112654
647429
33861
398401
342075
156045
764726
974864
487577
975896
385436
398373
855857
506105
704844
404256
999823
282955
892607
521239
257663
993449
984690
928012
996159
52159
826223
736045
16613
383431
1377
193102
442958
206287
862603
642296
680243
222544
124930
257096
81856
192123
936513
103704
778298
351176
370804
987684
138011
265122
872600
958819
755240
122746
173065
769855
841249
788889
756425
121572
318086
969668
821908
556663
506983
482637
466839
496163
917883
380405
776698
692000
833436
932128
791196
446830
439796
865379
731743
707088
378230
608889
288287
547442
28413
127646
481570
343561
642100
867746
557495
765390
404582
961140
221169
149863
710819
446636
764173
231367
583616
707559
112280
640094
113566
609007
724613
486601
645505
3254
700577
279610
988414
182719
865358
838739
478531
176307
888324
228869
353299
558544
850910
114742
16371
367505
954260
734548
425355
103956
41788
452
947779
792129
667916
838137
979365
474616
585249
226156
240964
903658
330703
361230
420931
102426
235575
894777
776236
863734
182032
150401
580711
559380
894415
46540
437117
935168
252479
645099
130844
292514
466857
182532
137459
924865
218400
912878
428650
54208
264043
695223
45702
603230
502093
571931
39986
909784
330959
804193
840814
970501
256205
802268
735794
938192
599469
117266
441068
983997
544800
477128
87731
555584
42342
499656
514214
995996
714429
232275
950051
875495
305155
562259
274632
663762
946942
264642
977358
162685
133229
266736
771507
424001
813030
834989
663106
679366
835578
165848
877645
255999
803087
940953
676503
298906
256212
130361
487652
305966
587404
905587
68385
742586
264929
991979
915970
121576
381952
997621
738410
748599
984721
401886
980067
612463
965391
643703
801034
230186
285973
316719
171367
757548
851079
879110
277491
955723
906604
371102
190617
241693
471626
117201
887073
109867
251417
526338
324699
206862
607336
886879
852333
920301
315339
759043
331071
553942
143697
256348
146841
456731
149965
954252
422202
892868
405064
742891
817701
414249
477996
702469
433942
671786
226346
881310
532136
529319
10716
190354
551006
658977
205739
806049
430640
53190
103962
648704
429264
3259
959296
124926
954568
806143
384321
520914
693460
96203
692586
711487
906919
439732
215424
100427
758161
203178
998866
46899
782197
348101
288044
346665
970552
293411
442578
154866
725754
831468
159359
393473
62377
943801
176068
510470
98762
482602
768810
316457
916183
828433
559412
645056
786389
599186
569704
420961
619281
608705
280567
260654
345841
943447
624904
490714
985545
24380
664563
999455
735673
322535
277613
58093
949888
594562
538407
169485
841678
339780
213389
203534
245511
919829
12401
707399
989559
926180
804183
98278
876276
9650
130209
582656
422564
400778
755365
423367
94266
540429
976828
349320
497330
286738
155657
332870
611875
501378
567424
602038
949824
637006
203769
712223
339128
520430
609478
987663
782221
934042
666746
562791
232717
120660
678342
577641
917057
520397
592373
581471
301557
346621
806336
682250
254525
960972
980854
487023
814470
900223
364047
783996
329029
510804
443693
284684
101630
504823
857122
512439
663290
391228
974031
70645
456396
358356
771641
510656
336141
816896
871387
906040
978746
522334
617346
987316
883013
268497
588519
696049
329928
861679
703613
725546
302606
793382
47402
43322
510155
169921
23323
80249
212517
895332
945441
130334
232983
827159
941058
884827
576940
123812
285799
598835
743215
62143
373165
294642
417262
778066
207281
681995
404816
257459
187588
346638
607304
461564
78610
646962
44903
837987
907780
845640
397272
854738
700533
245377
71763
519538
48183
407518
188487
794305
982526
926494
84527
31096
827120
987236
220223
973439
239116
905933
298842
88749
720886
248864
272190
716831
226421
20871
903627
658270
432408
872801
22274
168929
837528
375365
621255
473347
817678
62138
472387
930270
261355
841041
43063
781793
980659
320800
878052
735563
819950
769734
187976
218559
272414
211946
436915
944498
33111
166793
179862
549648
991467
886951
810509
397726
249116
753668
55502
67895
57236
685433
721569
915871
264690
819485
960171
479093
20603
863919
621993
39715
617745
265719
816130
525648
113561
113219
231294
556389
520054
154754
232319
728204
118849
748756
181946
88774
825517
238088
129209
647125
485081
796577
205051
319142
626975
402711
968422
749261
133360
128919
791810
866790
376261
858310
350690
535991
854708
348819
651576
252426
13648
649150
538207
259980
362295
503158
663872
822878
703336
577645
16606
127112
288276
629468
834809
605939
466570
720064
487844
670034
758401
752523
546168
608872
975259
60333
681865
553921
389719
332653
656201
122164
12335
312490
475002
396209
36709
918225
249124
709687
319409
974200
668748
997974
683167
316362
343615
622398
236690
957994
273787
992726
85480
380364
857743
329813
538106
253402
259970
520878
449411
87750
156363
286273
547365
797876
456172
399776
411406
524825
324324
466483
270822
4212
842520
530869
751717
55350
308793
77485
30772
840779
679138
225125
460797
221266
771686
809929
270955
216491
13442
707029
568842
279723
540686
685059
799710
321976
93375
614912
223096
532227
21197
947786
900765
867594
919955
501072
905786
612544
381224
183494
247104
364995
112710
974838
372460
428469
927661
630289
525152
992214
328431
99516
921449
37609
175475
127480
776956
721858
117950
651788
739036
725594
739236
117173
15046
987179
340395
332032
918443
762185
24949
107139
62900
838781
580534
763620
455950
798115
442840
817378
634356
581902
586768
688826
524983
393380
467587
757324
836977
69919
419365
193126
946035
398792
267903
787482
542096
188939
279252
808767
716535
454207
628487
941123
96735
203697
543179
12443
883098
944750
466042
747216
822352
636889
201529
429681
396728
784435
287467
437180
743899
382890
635872
899711
54648
564526
108082
332384
749150
865810
166017
412686
660933
516231
558653
960727
196456
813149
472515
868771
485250
865470
413030
780177
695903
403994
692050
641173
714672
27323
987567
842740
300885
992344
322644
994485
355738
124629
875357
748128
294699
572835
368111
763650
951155
618978
127300
546835
954252
771079
953619
942745
788286
367397
452604
871224
835085
553540
551161
528485
191056
971022
180363
634266
627559
910075
117983
674761
44888
938777
234892
763558
400312
687745
586074
196594
929294
527
447381
327595
16714
607225
839444
501658
383531
122806
859326
552033
423671
545885
298270
961166
684907
687159
661907
754163
839637
510315
127659
134818
91035
456206
433811
47631
894872
443674
104611
574491
466942
288922
566226
342630
998843
541609
333418
609914
582241
321057
845498
304766
759654
87932
67846
851576
761943
868649
120213
580039
547591
20147
722051
545065
899412
456697
583105
764415
458890
692925
86053
79279
721083
150526
242206
509488
1631
44938
336498
167057
885790
250338
456200
603302
426485
9777
464037
3128
252495
108284
942441
539248
50729
808911
558809
656445
561281
986776
421560
261574
501514
90849
146533
194204
240078
522122
141433
924807
15157
788389
338464
180094
404448
65436
337577
609632
87342
136499
674555
667256
893178
343846
697524
264509
933078
788261
732659
606913
768601
971012
591413
407549
822899
14062
668248
286994
48534
16512
90455
441516
388398
380422
936328
464740
448966
397114
597505
852105
355934
982753
526102
480401
663138
211146
612365
195788
142475
512361
328002
790800
362073
102822
454361
116594
768551
436653
511613
989951
162798
578495
46372
564720
521963
30892
485874
53482
836203
787265
470939
486389
94437
433072
504326
399904
992704
783429
69555
270768
415041
469081
764416
380842
254202
705037
621343
790137
716398
866420
841457
753199
924012
585333
688488
713377
513481
76249
803225
665712
269506
166115
496706
166305
921564
486199
402678
924284
660644
307863
514242
712412
128463
444935
487872
98395
278020
90425
352048
647679
540761
765224
998548
63988
118605
257622
600282
152762
258537
48886
418006
673049
888551
316157
687375
198473
34792
702326
679407
191136
949290
245384
523426
893675
532086
124797
454943
464372
254936
991829
61573
720520
290818
666183
649862
315243
413636
403350
837599
223967
898776
195338
149193
331275
638293
421008
391724
74554
520114
768007
463027
392995
576885
296248
269994
308042
554631
806840
969334
250431
170769
683225
366102
284993
90423
796616
62365
905346
679681
472084
95196
72759
242524
617987
874038
739151
714521
363644
131696
617479
181909
773736
556061
778660
288727
595720
524686
715715
22280
238283
315022
611758
466533
396224
486423
156133
294380
891361
462879
553118
332363
267555
854587
366
37898
230135
956604
593672
466055
210908
130749
89168
738394
226142
31831
235729
351799
626332
885193
578162
218721
227980
236807
278403
401783
400820
819131
260665
813616
509754
66562
717137
193362
764635
85043
34393
645475
432212
993086
770586
860812
173091
425162
583835
829732
349375
919175
473021
11763
388090
33576
839630
574137
638300
667692
700850
607674
448961
678761
753747
701441
346550
592188
920600
958430
119465
746780
573409
282581
648875
631782
79745
586596
80057
682155
647010
387206
743685
347001
748645
478017
564764
350215
978936
334322
833510
208007
513341
139263
241115
270504
602574
565584
527919
310679
130366
143304
191465
809795
997739
873755
301585
744456
193026
758304
305636
978103
780332
324123
363162
735930
310924
382831
13766
583396
603713
854577
935128
706907
355734
126885
395351
513310
766297
525593
547450
996549
595308
808465
129803
47647
16694
64834
484453
941197
487297
228495
286290
920625
658418
206569
197269
238100
959501
433858
416122
376055
755644
721434
881366
88795
25372
232744
844307
723107
766735
441149
31504
575354
461610
709416
927443
999179
978346
132760
503976
56568
308978
719571
49627
795858
29299
268708
194789
919774
636169
540041
777990
570106
9949
702817
222047
389470
403298
657950
69406
594263
958607
385099
362164
821799
114468
682997
240302
971833
243393
379314
810152
573215
602822
551905
685589
261985
407177
520956
943230
195775
717541
117579
454482
499622
312775
766019
245445
144070
119509
496522
227768
377612
785036
398692
966501
684757
95596
425461
87621
15338
221877
870216
867914
297782
464006
52980
512412
4914
779458
569048
379540
392657
470077
120141
411763
296510
309535
190584
307684
326537
304160
88471
12716
662756
11342
786656
543098
7540
285374
557867
598147
42153
392196
286586
266330
909832
628068
137042
810806
225684
218871
949868
541340
412842
652189
118275
591817
344288
717698
224810
251518
75635
886288
91328
982
758847
824538
871094
15466
358012
844689
954272
990664
247559
868180
297625
814712
328564
745110
764644
371241
438696
473055
717197
822698
366369
67873
631242
626523
599525
319937
164739
643273
548247
542928
598744
280643
160867
733715
177965
477869
811693
594132
345346
484610
908308
654558
254281
945008
522625
994350
900924
669625
574483
702454
579531
150744
316399
775448
636179
250122
29221
616802
720350
137949
141611
550874
314719
381764
179848
779300
204478
165479
485377
950153
369596
653482
641908
698792
259226
84507
373539
670511
971458
178867
952067
275862
263544
717210
277609
213764
546809
927444
118491
911325
459466
907613
902669
276638
947836
73235
224239
493470
882487
230156
975815
729231
115593
245518
286638
308855
825553
956640
220896
719700
913109
437704
384155
453525
300794
864730
677622
422434
190369
204437
122069
729711
844178
152547
856988
489873
286572
458819
246978
24833
131197
746618
688614
241478
977386
808276
732335
801115
35430
825737
444163
724328
817666
169868
80490
587624
33731
575932
103488
559994
942011
417447
64746
29062
531877
279237
859269
978158
609467
107052
739994
606186
891613
671410
175715
471095
297082
463788
274441
379166
199460
658301
787013
396544
792837
55407
643215
457998
935943
165978
215561
772254
260338
945467
608653
59402
420784
993017
623330
891224
837722
585835
415285
643532
210137
798005
589316
919518
294240
328086
558042
986998
232598
239346
124031
185522
275708
120882
762894
476299
140565
658370
136917
979079
844216
946306
497589
875457
35094
87073
922770
737660
953003
191809
291145
850591
421498
867116
221933
837305
81815
602332
594630
613408
300866
39976
744974
627741
655558
636391
140779
678961
817629
700640
662795
574569
514702
118793
797257
950772
187791
764584
571990
202839
698378
192616
253099
524461
998858
891608
39916
763633
418892
755442
688830
611933
943542
4476
799304
362398
553367
778444
73527
56704
859354
714891
894414
819301
128093
125027
614172
723728
752681
1762
373458
175280
297896
312599
361284
961177
893926
699501
200479
715309
591835
228120
972979
369210
967350
452394
82175
810713
191484
569203
236854
72107
876226
678512
448945
803816
36310
779095
382848
670639
399753
777762
434950
162924
581281
291301
666558
114706
193038
454338
87316
546866
412233
82317
6223
773442
885088
2669
639359
989883
478264
141061
722917
875827
143417
400284
996511
295927
800441
732070
292922
471372
952082
814682
361512
335457
595282
751091
574046
452001
952302
213021
407791
556548
622164
254970
159559
759480
648176
420601
658062
93021
867848
51499
894199
841594
92173
509789
45394
380368
443985
755196
740937
904955
486646
628157
814058
415739
974295
602418
861084
15067
397030
473855
624049
636149
20355
72324
439057
437016
410048
268665
172049
585571
494147
810935
688737
718073
79087
221720
141278
964574
879128
724150
261539
121175
70528
914854
52412
867187
391267
58518
420877
799634
439016
689550
900343
747626
7889
625961
301901
458342
414872
638065
946712
257419
661408
981381
496971
642344
575668
420819
569016
481397
505955
952015
92617
813163
866622
318875
653438
843004
916027
794901
757924
369597
979277
171439
478500
190103
290475
934574
203803
462194
558277
347023
362703
490813
640565
221688
416268
641789
566412
95464
609537
424194
520051
20835
342764
383337
26706
378230
988602
22926
132228
812685
645436
543343
282934
168374
36578
367062
222417
359359
718073
833396
679117
210890
660009
113347
525536
593796
667897
879967
828864
64518
200172
399999
825643
763507
103345
116677
588825
143110
780579
142725
180153
530271
783656
847375
495678
111396
520978
273917
242453
625803
175307
831027
447138
653790
388397
185712
853373
990425
943951
976249
786871
803310
219962
124852
554011
378160
327498
798743
725155
17909
362443
163535
398815
54095
554025
590531
990956
934362
81432
775615
603698
545290
276697
447862
287619
996478
288233
872797
848204
188144
126182
812675
850433
726219
787443
630834
489726
392437
12689
588985
844783
535876
977885
254499
152191
998462
858975
73947
507043
511663
323745
372637
950240
606070
13258
952565
968311
443924
353862
502990
287447
507961
33101
331973
25919
366082
283098
127746
954327
715305
19579
981198
453432
838499
445036
645815
65419
919600
858801
682263
202931
452994
532642
924865
632586
650285
168722
324693
884300
385219
921476
386037
588325
295274
626272
864641
424734
894345
766364
280363
246206
401222
38556
934671
217712
935830
56805
595817
912885
518181
977483
960400
592775
527390
151032
414692
33848
880398
183833
57032
878643
651562
969198
502103
62265
167019
949235
851395
398458
483962
582032
258926
540733
914122
906986
335770
815334
661547
895833
456209
779183
518849
684816
110578
117626
144039
153068
645972
111793
477913
799970
455958
93731
750291
286078
791956
239607
822004
533412
734588
96373
791300
845380
417306
766167
883928
652332
923846
408106
81836
789577
377854
239568
452312
248878
403089
720726
654693
853529
782523
956556
351837
861194
255730
124019
862701
188873
544269
305783
892613
879597
667533
541985
68427
998023
520623
521950
735660
964974
505566
359636
545976
772055
72333
727077
175241
877515
390746
592092
596730
985383
530153
338747
851284
929395
104183
782001
716999
882209
459345
94558
845079
579992
582519
337331
509860
54460
134435
481677
409158
662298
789615
153799
477499
275714
152972
360398
736356
861269
771318
654626
359013
400059
115571
928851
586430
954659
395806
734744
907567
570610
410498
683484
756953
621916
594134
815622
344838
811681
477478
720359
877329
570328
909836
719897
280325
414375
402664
589056
647746
967594
837115
436252
60881
111966
955515
985246
237046
772866
916316
933774
716033
562222
386542
46505
409126
921705
343943
647104
558553
625929
542008
51731
892342
442238
834883
875197
213915
289688
929278
236097
706428
585051
36248
362540
951910
834923
877581
279863
500308
133534
742393
445973
892631
819601
49953
451123
952125
802327
160445
479395
509688
108122
166407
693993
700213
341189
282787
833202
48302
868604
257415
613885
347650
404982
628858
198170
337924
565532
888808
454634
387538
750711
429353
946998
473066
152333
436520
633364
740750
301812
912178
346515
66913
661560
4014
863359
636448
613740
434857
858871
550473
522763
427671
66471
124779
519299
84972
654538
617741
885208
834652
639393
668518
301938
101342
935913
136212
858115
486108
504756
971201
209536
568639
904832
19601
600375
171662
168512
408001
531956
95484
322836
80955
253742
437737
247702
485740
414736
582288
452071
173758
65920
60808
444482
311072
983854
218867
336608
8859
93012
540973
769439
992579
95919
717684
24129
51805
197393
231227
415388
11789
543640
523604
746911
136456
200929
776360
468641
805920
324611
109905
119820
677896
287392
707201
585941
470320
946582
297053
86887
339463
52233
116683
143655
230613
441667
552922
354409
377168
524884
223250
203729
641032
656548
466056
531229
752814
696051
146580
972067
205097
764838
466554
58972
200503
842027
212259
690275
887392
432124
301140
548635
351185
86457
970606
871607
820107
851401
601156
927688
719694
878248
282577
576607
286956
187127
521672
699482
870624
158035
321646
996963
248985
656926
455205
50406
459656
110276
264489
28806
61660
167127
605797
189013
146815
747416
844223
549003
896897
383667
431059
597726
734889
623149
984109
895478
673638
454230
741872
944126
568882
86579
503988
745199
846502
169591
81532
488263
721877
781810
522420
299343
637624
659398
928202
841555
466319
544082
591485
273860
551110
673105
68273
447807
510119
670648
860555
765132
213939
247568
298048
853217
775444
752710
760859
999610
278875
936028
778515
55358
123992
332746
425319
630768
354188
12018
989122
987978
877887
593198
34528
134633
308073
133141
865135
827347
405154
247504
861402
512435
215371
608746
728874
518364
221732
985700
111453
848330
16965
30409
986188
539664
866524
215792
261670
339328
519251
356881
136643
9582
33518
707106
389386
298789
350276
86765
303953
463550
739138
902405
87667
269717
35047
311972
238055
746809
651861
960904
70989
742295
293999
979075
628448
73403
635402
697209
651932
203655
347501
386514
778560
309533
481951
649486
998428
334477
12063
53462
40671
777152
425641
333683
629065
388124
723716
396830
537333
854121
698777
650220
264996
246903
5697
82063
955698
203101
370033
560749
256748
303003
720422
992661
726556
155092
888986
852363
43542
912465
259224
19560
778045
942142
287819
295935
795620
981809
667714
870271
818122
243936
189602
293669
458418
384756
643062
190224
605272
114077
67434
447287
890938
16909
308558
831378
613518
120387
682348
796966
965535
441672
760160
552685
546348
854430
121351
497206
952378
833158
736251
850096
597579
630529
753833
695873
689049
861824
710876
374079
238234
36181
249990
770162
978205
437094
452799
559882
513471
654685
242698
498357
394013
149978
609083
534304
699707
705225
522169
48846
545736
790071
424985
942136
707302
32338
585770
244229
723562
698435
19324
451605
874731
494218
371996
147854
769547
844263
806225
559094
768385
931451
685924
530594
257567
987426
328809
911625
231223
942796
217999
232055
954963
89318
17217
440406
954244
493236
122257
124325
709485
239544
707801
745373
265752
950723
590960
270405
111892
767589
227722
613282
856053
420065
523230
158116
279048
449310
845030
183242
15737
327070
143591
950767
447231
738269
663673
609848
354988
944751
915928
105773
402746
243795
574236
205769
113945
418757
895115
354100
915741
903881
996424
717500
280670
355556
781943
538346
692521
773727
506895
772012
360817
96477
78951
554741
818063
383865
549477
311742
936331
231491
280090
348206
263075
271365
361518
895261
105239
163511
790574
995954
346163
504932
379408
14747
617148
229412
364212
450260
144823
210094
394987
353916
525279
520027
877645
206768
776119
719422
488565
466597
372199
930823
52691
473596
322202
816022
738846
723404
668233
571561
751519
189101
961790
873939
521255
306775
674265
768916
661091
794763
98222
465066
735951
679329
157474
195509
283648
1799
354726
697583
471431
553192
924701
933274
795052
831994
843098
710940
918535
730584
86716
530589
806177
149915
132293
577889
781568
408723
468038
497718
72630
474582
983309
57324
555625
234976
427653
270436
206917
991915
285119
894109
773852
449114
275764
927586
922388
957927
476267
461310
5602
961846
329817
487578
895783
507994
11396
552235
310450
286615
769345
328384
916760
113765
617522
591551
166253
762755
387380
921864
256049
744836
503305
808783
633569
840765
737658
484171
921299
64737
83208
996682
584620
933904
772568
766708
645498
68353
407974
109167
827911
940137
104533
933032
542466
425363
285625
995417
32394
88726
270934
673236
605946
693325
691687
330069
278172
577547
238021
759319
902865
418275
914750
453019
229922
434051
677113
448149
213017
741924
286333
280541
247314
915042
445822
692423
415452
645901
707110
565735
848849
940241
703367
226288
897528
751859
533657
463454
63903
448867
41174
233073
504845
832086
351953
619826
945243
507485
221908
291796
2040
161485
56768
276588
432744
936141
265550
969037
169541
513955
82720
502559
380268
103296
882973
30119
790667
25255
516489
953520
735654
760227
155798
695596
706387
620758
706559
355814
434832
524858
362939
455594
387817
473390
815881
181009
173595
263619
712225
346749
56569
568026
805998
9418
945327
85337
511848
53948
363709
772828
596827
539406
351979
668856
5555
938650
848370
380380
472934
938200
731468
867170
648129
646224
66378
741552
428405
222918
104820
968245
369900
596948
496718
862359
847726
465237
885221
586542
431541
963691
125450
483481
665987
2430
856088
398014
546648
154001
63930
65024
234719
733845
772295
752968
68394
682759
168948
30428
375230
826628
905972
86062
83817
739640
194193
210774
86110
936035
406034
637307
503738
774004
944601
253081
713754
658557
480804
464700
312069
202439
505
506805
548564
609971
261206
205557
3487
691356
979643
912938
46497
130873
15586
253100
47580
738881
487121
928754
690265
78366
962275
605963
22514
6441
997009
917391
311361
496879
888506
701569
93113
915218
352376
278193
281457
490829
265905
357989
748717
914669
671686
417215
201943
735847
165591
673871
45144
711055
311977
284504
443794
572714
18043
198186
443302
253767
723699
404912
572941
9934
977387
848718
920662
106513
807443
40747
676805
744186
926081
871334
412616
896803
496707
501557
97903
296040
524214
858546
210326
715617
291880
96365
991470
373527
705060
255094
361442
584145
214454
208973
447915
152645
763870
701272
256459
348144
519359
496441
714414
456567
776715
944411
975942
777006
319611
421758
125110
884471
2923
566350
382243
380426
133505
653827
673679
20428
742372
93741
676673
647779
30332
14318
780823
884692
908615
650713
118452
939597
401940
29350
955152
186615
780680
83917
742155
410837
524398
689387
362548
782372
126712
86817
267378
892499
663410
972463
423006
693406
70762
262898
712948
240244
518707
924
933927
137768
338341
558519
384781
468509
855330
980327
652572
853781
945311
585535
635
325176
554674
591830
54600
868374
485855
279683
183232
552998
890739
169838
22499
410176
183463
600311
175837
536245
343330
53633
875951
521393
584250
647476
492628
638777
704328
273983
474699
608835
765675
421499
979243
265172
309174
922526
167981
200103
886023
160499
425876
347263
629700
353021
254229
880606
48680
914149
924992
414991
218016
749819
859217
897574
631821
972419
96060
752856
358532
724143
624148
721561
6561
328595
673593
497348
801005
207669
157202
844212
87689
621797
332611
960717
582312
944483
200840
637591
28295
972311
341712
983438
233122
399645
420594
321354
400110
732156
211356
62026
164368
813854
88522
981976
289336
374495
31607
507048
853227
978094
451235
86872
932810
113798
35438
951641
798829
179062
384982
109694
373087
191185
364227
907337
633105
775814
20103
492472
909061
766243
997383
178245
724979
532657
800059
134138
514927
928920
354830
636990
601425
939110
455899
658052
796886
590294
897801
100930
170162
604764
902515
371720
463865
948241
728582
703492
242575
288294
645800
373582
320195
493456
682236
223962
231124
692206
49833
749935
631040
24137
360866
376235
608020
901178
456922
635105
494900
833453
937140
515758
558022
746648
605615
603113
681435
89836
920800
117897
630414
555914
927515
570996
225602
323041
318801
78657
282203
851512
388467
377488
856083
232095
698349
189329
637313
776885
801590
429730
104110
915352
699405
978340
223755
272623
700994
225166
312776
870209
39673
681575
539001
879857
988758
886589
867596
921744
62369
313206
21408
967712
84329
34823
10667
780378
484375
43216
686068
418756
133317
596334
465033
751762
67507
56143
832924
460284
439243
587887
285947
431342
463301
838980
52769
754605
57101
203584
400210
923654
989377
79893
629960
994405
805601
988196
338036
585052
820154
574601
663862
331924
731221
898357
118857
208401
715197
321747
552988
995832
673117
892623
604809
174536
613144
682768
259832
979091
148921
508936
225645
98016
70803
614549
507202
410090
496042
924795
727558
688720
826812
717629
239102
384107
609250
750368
205341
707429
994627
138620
990540
451514
632453
997757
653219
714668
394171
481567
88518
85996
421828
947320
611457
632074
237690
326459
249216
695445
63669
765263
868318
675011
203622
211206
385350
935202
776585
978689
822383
22815
740634
723752
778846
293876
758805
720521
482396
127158
817240
497066
661272
524851
508858
827767
476310
124257
914685
336960
655443
912399
22221
171300
511485
172271
207649
692888
307284
105654
730747
690420
293658
357804
777321
607038
911250
90125
650344
903642
889562
743627
694462
587011
174953
517359
173363
374332
343903
355837
518462
519431
86720
459063
699338
984414
247158
535487
113969
481796
384891
119885
307069
305464
587015
60987
286494
243724
893565
270673
905296
572943
980320
66773
320318
681768
815506
227899
537638
667396
503030
909006
483494
441334
466156
601685
944671
474868
55550
701634
211824
519101
278940
271607
562836
181449
572862
130535
114744
116858
190018
523194
872748
397753
211909
649044
396122
202771
45367
342342
289965
642739
572192
312349
633712
515967
975952
367283
159520
323914
718654
23095
731573
727086
737818
948349
941285
525453
478137
427613
910691
658544
762860
617335
528091
698249
200327
693925
220776
426768
210460
325836
593804
639603
702387
3867
960934
468625
958182
959025
742165
44199
719551
784073
748914
15499
425327
56220
453769
918886
564989
862213
673006
895963
753397
764309
332821
737896
872735
459032
864484
74482
750173
447399
109264
607365
866984
637486
647931
188880
577906
661226
595758
900491
148653
344413
3488
985518
351267
625032
816403
16205
207037
637691
506165
293490
996185
527250
798022
990812
809835
733821
885559
314295
563053
949183
931681
3875
30355
687556
610373
506413
37733
70872
360742
506173
519263
976937
172274
490319
423243
