5000
960974
990745
961879
998618
944566
995811
990546
990635
960711
947236
900025
931426
954054
910921
989346
956651
951708
929159
946500
992198
944279
991362
915819
984415
950930
992891
909100
908013
951488
915107
952374
998687
992899
936928
928383
971113
983389
908442
935462
996988
926260
964195
988575
928262
908639
959294
912272
997507
947973
990782
996016
951640
967755
934553
909653
945989
908364
988456
922964
961731
909700
929462
922122
934073
921190
994953
937668
972234
962444
937348
935241
977620
944200
905820
939478
925019
986008
953875
940949
915176
964711
946000
911225
967004
968103
914060
937403
904414
909876
918899
909235
917802
997126
944493
975201
944310
922466
965700
909184
941609
901783
917416
916015
956968
900508
983733
975882
992853
943074
922110
930384
985322
903949
958350
928716
952462
982476
942620
973018
956312
911746
999065
941397
913490
929087
970197
910555
903814
926167
928847
988193
997185
998828
978937
912923
908797
969034
974934
901290
923853
944185
910507
939009
922666
969836
916708
959941
987285
917482
912033
967038
923681
968022
947237
944341
969863
981699
939926
965658
923256
956110
914960
900817
937614
908030
903062
919946
940349
938689
934715
902881
936774
909889
935086
980739
918155
940897
969431
944674
970873
900223
923218
941046
931502
920339
989900
936176
985424
965216
910438
913987
959223
958332
920007
936942
951316
929492
914221
927503
922337
922744
944305
907252
926580
982200
960483
950607
925952
980589
953360
904185
926661
998973
919547
905015
996646
984648
951022
965094
918654
922852
960405
939142
967175
978257
947026
931599
945051
958282
931318
971911
999740
920821
935676
967452
907090
977178
920122
946272
903010
901897
993145
969531
953316
902455
949134
917733
936387
917978
925445
911614
909478
932652
901502
920232
906661
966554
965284
955576
964869
900211
986369
901871
978117
922872
976431
934827
998779
901179
997634
988668
917978
974319
944753
905845
962903
904165
909819
943750
926563
934877
900874
979720
930451
965636
940370
960945
999627
903335
972570
944699
945228
923714
910367
969730
953806
968029
915300
948687
931130
907063
909772
959816
949345
924729
963708
956517
968815
949405
945287
988861
916260
900010
956564
941877
992447
961972
985334
992745
960643
955872
928603
955049
911436
978905
999237
977674
985583
965545
961290
949819
984239
923548
907023
960921
910095
928755
928098
976405
977063
950541
925099
962217
970546
981687
980833
979619
993215
911349
950977
912624
977003
923780
955201
934622
926784
958588
943338
996966
982450
959810
902455
997618
919010
980281
922247
918769
905312
988062
931538
925401
923647
981426
905725
998619
943282
902913
974188
957558
994982
944369
970054
979526
910158
957011
950646
938607
916457
970981
951278
917935
997349
994648
912788
961049
920586
924162
959512
906603
968033
943241
961775
928034
971576
936069
969067
957306
922604
931424
969879
990476
998489
908471
933225
962389
990055
903736
936849
901196
938055
997528
923315
901240
946366
915404
927232
950843
902832
918379
975845
919335
941832
979875
955438
902299
966328
970315
963833
938014
991859
935138
963609
908219
973742
910153
995981
946216
975682
947896
969634
940023
924850
981620
901547
997894
908722
917278
903125
946602
963351
906423
932887
904559
971267
956034
995082
938025
943483
913334
998099
971489
916208
927648
932447
967504
978241
924301
919602
960702
934559
906927
956945
939651
929866
965656
946363
947855
992756
963826
968993
970307
950167
963324
932235
971352
902188
985278
902215
938164
988792
977010
988529
921211
982147
949499
983945
979294
913415
990498
979346
931747
986242
902852
904663
910514
908561
938447
930237
938995
925364
911355
971290
917131
963443
950239
916765
946068
905926
913498
996901
905220
948789
922529
986710
970182
953110
904779
990552
972432
932711
968909
984986
975706
948402
931112
998108
912333
908964
900075
927300
968112
905946
901117
905834
911983
974834
900433
998328
933310
909704
992151
964119
924020
994374
987773
903625
963706
953563
937182
989211
993794
904369
914685
923606
908664
943565
956126
925393
973434
914482
915002
991437
992791
971117
941385
992341
947884
978911
999107
965887
958936
936975
966197
926860
999836
911735
909746
987434
983447
926504
908718
903591
995347
916835
952651
959295
945204
961667
900217
964341
949017
902057
966072
947266
993819
990586
930311
936364
914754
934012
921027
963761
983949
976860
904450
943947
923650
983218
963597
949689
944571
905998
904008
969520
927288
912762
993414
959348
929131
936371
914125
988470
950216
920055
953355
904715
945511
933662
974539
903426
921048
974843
970130
965243
949840
987262
982033
924096
933034
980374
944589
936135
935235
999639
985117
919297
987731
973343
983555
915173
972998
937177
948003
998039
973438
907655
936195
940889
964969
931106
945803
985512
953934
982142
915254
953042
941931
902694
928241
986551
987145
984581
925207
910555
931074
962585
918834
949234
941185
902272
949428
962159
907644
992729
970069
990381
941266
949175
933089
981429
936378
923436
942992
932030
963188
923777
920076
928086
942478
987254
938112
922071
940334
927206
961273
955785
944116
948039
960126
912502
961914
909803
963101
959972
903186
988033
949530
990502
924109
992084
954956
952188
986400
949581
923335
946258
928987
976982
905105
981766
970785
969697
955835
994370
953839
933464
923651
937727
926472
939369
942745
936933
947004
937848
968104
965579
995355
922634
972325
983462
946887
960662
912064
963607
929952
939628
942432
964455
968242
904803
916964
956409
940250
955379
959754
974962
985103
953881
941885
942916
932365
998438
964933
933689
973188
977216
980090
919854
959877
961542
985245
912715
977616
931411
928352
976295
907299
985780
943955
998953
956051
995539
950243
964649
953506
919332
976340
919694
926110
976549
949881
930747
996144
944783
937768
984503
974530
943568
951440
902351
926979
985668
986533
903308
967412
983883
978194
974598
953247
989849
971122
915195
931591
983418
933090
909346
954723
946319
951648
978292
981206
906849
972942
962129
991586
911434
989553
942411
966216
902046
920349
906423
958296
944580
997723
974370
953067
980398
984619
987552
939611
979348
916502
909582
962138
909694
977919
961453
900572
925452
989580
905948
961771
968781
991666
981618
967207
929260
905401
923970
910192
957944
998853
919537
997039
932701
961230
937328
996466
944392
965015
950195
971830
920176
965249
955249
942125
921666
916818
971004
957884
956926
900565
988765
990123
989869
911930
916663
978384
998669
993146
949465
901567
974478
941869
910404
986917
987199
946514
907697
958814
993225
991111
999762
929053
932584
917758
905810
916218
937156
997055
939251
972591
978292
955756
998936
956003
980740
983785
952800
921180
930294
978398
963945
907545
908402
927746
904372
902002
916278
901611
917596
949818
962451
964822
934421
984133
993680
944385
947520
940320
925173
974800
969202
932255
957075
993698
921594
921310
980455
983798
903713
969017
906022
913672
985507
946208
942108
903077
993451
996043
909090
941694
990703
934601
936045
978572
959710
977884
984446
971620
957414
914258
972650
942386
938319
903880
947202
969975
958387
917902
951920
976912
976212
939875
935795
970909
957139
968697
918879
970892
914207
940874
957800
981965
951412
905632
943694
919770
933723
979636
938038
909086
922056
905835
960404
986360
939350
967581
911508
966559
921271
961913
944154
936218
944342
927166
952166
973084
993528
927189
946966
993525
940063
970073
941855
939677
986080
909891
955912
913907
927849
982860
983054
969684
995498
969863
920296
940894
942331
924639
953517
913591
904644
971279
943281
958014
944884
938115
914727
949585
966821
916507
980273
972837
943336
986299
998249
977211
946710
942040
964098
999581
981874
960259
916180
992370
918853
971179
990300
920418
987265
946773
981964
965768
973874
948348
996899
961958
965444
928388
978214
961920
949776
901847
964468
918813
928348
966629
904919
909364
922387
941830
952623
997185
936279
949656
935812
943862
968794
911339
964648
915675
947729
923230
956207
941445
935763
984025
993299
956398
955544
990642
957359
999720
957765
965255
955695
936277
995333
993527
923846
989675
949795
902068
992732
901760
966666
949051
962966
968572
995294
907918
928294
910636
903285
923019
927726
915824
974904
946790
987773
959707
932818
945771
979142
918193
998962
968574
924527
963683
911531
924301
986842
972939
912265
939333
915944
990012
974091
926877
949882
927724
926899
904249
987174
983403
929717
917694
927715
917236
981124
928809
905142
907128
971319
979392
907806
905825
948542
967949
930575
951574
929776
973152
918193
972740
919893
961355
909133
910743
985888
962824
911205
925164
937438
999404
908132
946700
980700
972022
901642
953037
993799
967333
906994
996782
990772
984732
900202
915618
949625
932864
905523
949902
931812
960763
907445
943006
957129
924446
936215
952018
968168
927501
938323
937656
968962
999604
961364
915894
958238
943894
984884
912547
925847
967121
979492
924517
947079
961869
913502
959544
982647
939258
945878
969926
904480
952603
907272
913591
962756
938248
915824
908468
934854
999353
936136
929637
954038
928810
917373
914564
995856
925181
965622
919481
932498
916747
953307
938732
922734
925500
950512
914224
907997
997304
936681
961510
948862
996477
959669
930797
916150
950458
983601
909870
992358
982077
928171
981534
950851
990021
909028
992753
974641
984892
946194
975395
987099
980330
971382
995462
914061
924479
937783
997795
993594
991063
925380
994780
965637
962292
910066
977219
981253
953314
955830
967538
969045
931076
947652
920064
903573
975442
997647
923802
977607
991220
990020
924099
965769
920241
948437
930997
943721
916246
991478
905119
988145
953925
960198
984164
995086
911868
925226
966821
926129
936874
911879
948195
955526
970734
967635
959415
958300
963204
965065
980672
949017
998327
919673
950523
983108
930419
996784
960135
918966
993776
934319
945580
942005
995973
944847
924493
983612
943398
975464
913996
935821
924360
977242
910118
975204
954333
939281
941779
985711
906482
966927
998174
995939
997803
955083
994594
960913
901889
945358
979656
954250
959001
949370
925480
998311
905941
955748
925119
920529
951582
954465
939835
913785
964582
921202
992599
909388
964125
907582
948352
952444
987365
966880
931191
940561
905441
919864
910897
927708
934117
982626
913685
994810
932571
970746
984611
978526
929306
907711
909211
919609
988061
914025
996942
978579
964189
940248
958661
973698
932900
937309
904206
905715
916909
920130
908005
983390
977420
977755
967209
924057
955884
932735
988270
988595
968795
937491
939124
902252
971650
969992
930091
939823
905964
960390
964270
975407
948178
994421
949137
976151
943155
949585
919327
927038
953288
947751
916227
970351
951126
984413
923591
940463
996101
992881
972920
935006
981688
917837
957441
960330
969114
960308
930532
999568
934901
975821
923621
902126
923904
958417
977312
981235
946843
978219
919511
936939
954439
956437
905175
996785
928668
910307
903520
928199
944390
978274
965290
993549
957595
910793
907292
997196
926001
900133
935709
978088
995435
946840
908761
966167
918346
919505
930913
962610
961169
937883
980712
989244
965037
929488
909576
938795
916829
983358
932457
967919
949228
948648
944851
917376
978914
917706
929243
911017
979160
958734
942597
976874
974498
965899
994331
956166
998918
965896
917526
906334
908424
953472
913629
992566
978108
903596
988453
965023
971685
928605
946198
989887
962754
998431
923273
961742
970955
977473
912849
936576
922662
968145
970297
945513
908096
958033
991081
956860
991561
913175
915594
924515
942454
984640
942116
963417
980543
938477
958102
987362
975129
932771
995005
911776
993977
971266
959406
909585
988104
948554
942516
937228
933750
934543
938021
912351
942963
959808
935026
945130
980534
975524
922830
909535
990504
921469
915204
989685
902325
949215
915777
974956
928394
954046
989313
976970
959456
919841
930919
952808
985966
927830
901283
904547
912514
995533
963381
903415
987804
944428
905733
951846
903346
953708
902893
942418
945017
963390
954637
911401
937517
992047
940182
937147
910661
957628
992915
993277
994904
982391
935671
902000
966303
955956
990901
977272
977398
933324
907418
974667
939165
932799
991215
990069
911468
965611
911730
935824
915555
981508
948397
976757
995831
905336
937866
967878
931120
986946
945859
999474
933483
985935
943021
996485
980105
995316
956611
937376
985528
942163
918466
952492
985860
905130
927933
942399
950092
921896
988303
949835
942388
978515
934001
958115
987986
914850
936761
927776
956913
993052
951754
974826
986077
941595
963061
938969
973485
984981
997581
964491
907013
915768
992474
926874
934894
957734
907046
991415
974697
982876
910642
989150
947907
969608
905169
954153
964163
985277
990521
931991
971379
960413
973018
954298
908312
928066
965649
920790
931409
971323
960112
996853
987974
916115
982468
967501
917894
960009
995529
915273
983558
979773
909790
948390
940401
902568
911232
998275
965955
917361
902353
912903
970676
985275
990036
943972
998273
928473
984654
957582
997067
944369
986365
953354
987785
971215
937755
946943
949193
910191
956655
986452
995695
985073
965588
930465
919874
944321
927383
947465
984108
944772
954497
920728
997484
990385
941348
983810
985694
904446
999414
952246
971780
997044
942401
937924
970884
901231
960829
932754
975023
906675
928654
997223
928641
922889
938772
921315
976364
975034
959082
956493
988603
959661
934346
928359
973847
938080
922889
984399
990252
957580
994916
943000
993451
948059
919554
991166
938327
970093
956558
982989
907155
981085
904453
957099
906101
990887
977484
930331
915066
944795
921682
976057
968827
931831
942143
924636
900931
961648
909732
935079
964509
914904
970608
993617
971924
961031
975621
942385
994672
911315
924971
997819
930849
982045
965265
918247
993776
959216
921411
981250
955605
996500
983690
941796
946948
965040
977655
996996
998610
936965
964754
979787
914322
938407
936452
912133
929487
986009
970144
981398
947932
965640
948194
914685
998048
939318
903814
905019
959349
912165
923354
915342
905095
922565
991117
997686
987568
958911
989064
952246
937184
915497
999023
906552
964774
924175
983840
958164
948899
958612
944804
941511
968150
909181
955941
999331
907678
945703
968692
942232
918034
946436
945035
909529
998236
954554
937156
993111
987864
965375
956442
916172
955174
960812
963146
934554
982000
989949
917701
933405
902422
979324
984533
970898
985519
954318
901862
924776
978469
962811
929022
932767
920300
981347
950808
912393
964978
903265
958642
952462
915937
900826
983946
952618
971015
974394
941454
909557
986700
962781
928599
937220
956896
948801
989540
969461
984119
901985
943186
901116
978965
929349
983249
935789
939280
974513
924652
904074
985830
965406
922299
989979
963082
952356
957835
939052
918110
948297
985951
974135
994319
975295
907562
900951
960268
955398
932413
908190
978160
926104
953997
921820
922277
969989
985999
915721
921306
945861
908444
957714
943238
966297
901406
978872
907592
949400
907405
902124
964376
986765
984724
903521
923433
916438
993636
920772
938858
979213
939614
976812
915343
910782
998996
908126
921343
999446
933838
951228
986030
904894
962496
987150
927379
983503
915253
904907
944213
926705
919399
904783
973751
939528
997591
954975
914912
988853
925315
975525
963640
937221
963875
967997
936655
950453
940790
952002
937881
932364
976995
931339
999704
962859
915623
938522
905885
952086
939468
993894
979782
941675
994352
901642
902229
901272
906834
907925
997862
970842
951966
944544
971358
948615
946135
989193
921043
939243
971881
982210
991378
947791
954783
949474
990726
916387
961767
936053
952394
983693
959147
930319
930624
918180
971383
989115
999093
954391
933490
922216
977834
903275
987507
982854
961972
979957
905585
968678
991349
984955
950492
967729
921390
924759
901974
913298
922032
904437
942194
971976
928504
936036
991904
935824
907667
994855
962733
947393
906580
956815
990757
970315
947212
979895
963253
909725
901007
946173
934681
960448
957892
960051
977785
960707
939987
983031
937092
950804
989104
978880
926508
996981
947552
908061
906912
927910
931278
944581
983393
950186
932346
904596
938212
979041
910114
923019
903834
974984
922713
967691
904013
938447
946033
973786
967212
933510
935769
906066
994645
928020
956410
916147
921268
943754
954724
975487
981834
951988
910669
921777
975266
949179
905213
964715
911148
954345
979366
903094
917207
952989
959349
910222
984979
947731
941711
973825
998899
906430
950992
933022
949743
911025
928428
927906
947481
913130
985919
923685
960059
995866
986288
935165
964208
933450
936122
980031
986653
962760
946145
983845
948800
917106
961147
932748
931369
915583
902507
987535
944114
901535
920058
938170
914355
939725
924753
989777
906455
988638
967939
904383
979415
986179
946340
995717
969113
958121
953371
966137
944284
934524
929007
978348
912236
987445
912549
928512
958034
910724
913432
925209
984925
953568
955454
912192
928148
927499
945099
936684
987429
914828
930540
998679
920617
902555
984271
978610
930994
907283
909070
962943
997381
987819
932417
998358
991118
985616
956591
921353
964728
970889
958826
934278
980358
948839
948049
960720
904363
951285
966172
955620
914447
996978
913399
957699
965936
905591
928151
970581
931154
924247
911496
982341
974462
970474
934114
949995
908050
903315
913536
969344
938079
912879
922817
991983
910687
957724
927790
980097
966193
946529
968117
921402
925171
925678
930733
929558
985959
922974
950032
997218
911032
948438
966433
914388
976367
946793
994500
965368
950519
916369
970344
978528
921925
938855
925443
909330
945901
905479
907939
933149
917990
934647
907308
989775
976057
919331
971534
962090
902408
990271
953249
990899
993646
922326
960194
901449
949587
992723
904167
963935
999496
936822
901087
967925
989932
945691
973048
925087
955393
938094
905209
990057
953265
905186
914844
987636
954801
946174
950909
959054
943267
985753
991431
946997
975281
957858
926133
992152
977521
932431
943416
963113
912316
911048
925339
958529
944576
915702
937623
909037
909643
955298
915234
949992
919051
979740
951331
953457
951243
967223
903149
989329
968146
962382
944993
908614
993851
945110
944165
912603
936496
995869
983707
910051
975693
986017
945690
950500
965617
915769
933728
979993
965234
976828
992693
913410
994773
922241
904198
904775
992289
914925
978840
975662
959021
991573
956726
915404
980269
973784
911828
995521
902343
986718
906212
935226
964378
925078
989711
911792
916362
927330
928764
951434
937079
961505
941542
916199
939957
976904
900088
982263
953157
918230
988762
971399
998052
930843
933206
979219
909743
951052
975662
905991
989397
999714
946709
935030
938089
997786
981532
973850
962087
980874
905973
958925
972494
918894
989485
964412
913506
990845
972934
901377
994369
986212
920114
979078
944001
933124
911014
907228
929982
915503
957721
935860
936665
919210
986935
978868
967219
902878
951914
936315
998655
979418
970963
996960
925957
938199
924573
923050
924589
963766
960912
910112
981006
905690
962382
968137
986573
935705
993713
946196
960503
901141
994049
946598
993420
927324
917691
989198
940282
978237
946085
940548
949268
906667
940236
921843
925027
902151
963520
970222
956272
984479
955086
982753
940463
951818
936861
979750
966375
924432
945989
921684
919867
959559
980897
981032
957815
927310
935038
954339
906091
925399
945001
942229
967156
953944
998571
944641
949924
959097
951380
947041
907568
998507
903141
961680
918175
961892
979202
981754
906531
971895
981164
912793
943528
989059
910283
906392
955228
930901
927768
978560
941867
913413
934717
967147
911309
921094
969402
948254
936086
920675
931586
927051
965806
974628
985013
928327
972006
988109
975626
988088
933767
913785
955148
999924
969410
949233
940591
966739
968889
907222
913598
995708
962843
985633
940497
990237
985694
954103
979745
966949
963401
975063
991810
907877
985949
966835
992665
981712
926321
904281
972544
934804
938710
979429
932983
927335
957862
969963
921368
998098
993003
957199
949245
936288
941498
950682
965887
952275
986689
925331
940627
919025
909416
936459
994053
976839
904915
998279
952771
992716
938178
975066
937967
913238
902178
914725
944878
985704
913763
968605
965512
961193
951243
942194
921787
994612
953783
974517
909577
978264
941883
954895
952193
964635
913176
932629
933508
981206
916769
967150
993550
917686
940662
905727
916641
965284
946209
944206
936531
939410
966584
970108
991076
981274
995293
963449
978880
932267
927732
901149
953185
979630
963101
997764
931903
991653
956522
921867
950534
986039
983813
965034
936950
951324
963459
964101
952609
996142
974691
964197
985723
937134
953079
916652
997532
996401
919118
926854
994576
985601
924277
960283
933126
933070
972964
969446
998984
902973
937783
916916
967659
982536
953016
946707
998849
974632
999059
903932
967210
921297
959113
953288
991757
965196
952540
962988
937271
941511
906140
951929
938311
994306
972411
957624
967774
981085
903075
964741
915586
942775
986264
913784
918187
963393
971021
996302
942268
918114
935127
910206
901304
972420
943388
980810
947934
985699
900918
999120
947000
980158
996711
922324
960443
957273
928817
950965
988146
995809
966967
975973
978031
980671
932972
907781
991315
955151
985705
998355
992408
960196
963735
957865
911609
925866
947661
930927
971170
977904
957881
930270
947938
976126
989212
901771
971079
978056
983818
921240
996929
994332
947399
998582
904078
919408
988718
928228
944744
930531
919351
919597
912776
930866
986428
952432
940473
944732
999119
911114
973849
999562
918488
988200
928140
934546
963944
902378
956267
901225
983194
995842
975547
994967
950276
939803
929936
914081
997166
956093
903403
978204
919070
965072
984681
934830
960090
911462
911061
983986
962403
905604
943139
936862
931069
992472
911829
942995
948989
942172
922945
950478
940809
931829
988558
956872
993650
969944
972293
925555
935883
900443
918322
938273
964919
939572
959122
998927
944030
935550
979754
976474
983291
997972
973565
926991
955044
933627
969886
997527
994378
992250
947041
992778
947346
979928
907534
971449
952261
943873
922658
924466
984180
927255
963838
953817
940168
937428
979007
989097
951884
969768
939043
907650
946659
905065
957195
943863
986082
936003
970876
963534
926619
902852
922128
924106
941936
980867
965148
998769
972984
902838
941615
903486
906330
942202
901459
978855
984952
912098
929228
935085
921453
981440
973594
910738
976761
953325
923858
966130
978599
990140
976817
957344
950410
948381
912468
964459
936507
908234
987886
989489
986037
921125
953585
916695
977575
976538
910638
902313
942962
931343
911118
939443
991880
962159
969383
981503
983553
998903
938719
982605
975592
995263
988645
936827
973848
933347
980942
953393
965432
959229
958758
971656
974164
976718
966108
968105
959130
947593
954204
933489
957679
963252
900000
924960
982796
945308
900119
918149
921653
994401
959382
977277
919032
966865
972382
938789
926235
989092
995486
910713
907207
969680
927013
968579
984999
960024
958955
930115
958653
920132
969462
933493
902987
949708
968144
982093
976818
990960
965837
916718
961896
978709
994399
913210
900735
907261
911392
933961
976433
909830
963326
974773
910891
916870
976220
955916
978655
979029
993124
990370
918961
980223
966522
986460
964866
971491
919789
990715
975597
948065
946717
910594
949662
980148
943230
946762
979286
971973
962250
923516
942159
912478
941480
984982
901727
969791
989112
996232
911301
903328
963361
945438
959697
938882
957536
922589
989413
983067
979111
901170
988740
993321
976061
995819
985567
987547
936678
925805
972753
997717
908991
909896
959916
984852
929095
907388
992534
990298
953562
980247
996515
916211
929354
935698
975395
916200
923271
940528
902435
984992
905395
919773
940749
982067
967335
911100
906554
951837
937944
959309
928894
982157
992395
961170
950895
988093
981034
990044
919383
920924
938805
917386
911034
953711
941949
928012
932054
982502
953786
932837
989443
938232
932695
976250
971192
997756
927600
978702
933589
909426
958759
988415
930794
922928
985758
979411
917288
963678
996689
999118
984322
983663
925803
908784
931851
923875
951155
986711
946929
916443
992077
908668
977013
927535
969792
940403
990346
932942
985118
927454
958152
949234
902848
994723
993964
998418
991098
994744
988791
908219
946441
957777
958806
957655
965985
990190
921472
973169
984594
978249
935667
976393
985866
949024
959095
918100
909342
992820
959834
923301
925880
922521
997693
970771
918540
997838
965697
954897
970751
962787
912702
974701
944770
986752
950390
916482
965016
978438
977235
949882
950224
940841
925110
954331
969879
900585
924829
954269
982719
927455
984245
981318
927437
951995
903503
952256
967862
932303
917221
900971
955376
963709
998045
986123
926407
956512
916126
917632
947843
951403
947715
951870
929962
955139
977509
930730
949735
959246
934981
991388
998942
908465
933870
961424
918020
950551
961713
978205
924966
970433
946336
967700
922752
971192
924520
982805
986321
967909
982397
957296
942354
919525
919878
968913
944429
936712
970368
923872
908783
945305
900944
968979
917869
921616
976589
906493
990872
911163
965733
945582
948538
924336
910397
919983
933127
973935
960131
937632
953123
968733
997527
914237
984592
998329
935986
988752
992841
995093
935158
967325
900551
949026
977295
935512
997331
954229
997792
958808
930299
955878
938421
938125
989423
920274
903304
941753
983414
947855
930450
922002
915640
938045
976607
997765
919748
916004
922789
954669
995279
915761
952244
923818
997045
978107
999386
973954
961085
949576
942978
918309
954540
958029
972378
913289
966990
954868
927719
994377
967665
981887
961331
935513
925928
994591
976075
906596
929836
969009
943554
997863
951113
930918
997892
908637
942781
967156
969382
931634
927474
955345
931522
983181
967901
922508
916794
900531
987053
945372
923547
948399
906856
933714
999816
975899
986782
985986
966151
926904
907013
934708
948490
974774
922831
965488
958820
973787
928201
935766
961228
961773
980400
976860
900379
968514
907663
987609
953142
942422
975604
994283
988892
936110
948408
972152
961050
933001
901195
931073
906046
976101
929554
991403
957715
949690
911597
950316
994206
923309
984928
932399
915055
915204
990091
944762
966346
990270
982780
999755
906629
989043
905805
993600
922408
979475
949136
911042
977707
988823
994653
916376
975717
900279
956790
993657
954976
951785
952952
915977
934901
995027
983416
963051
909121
933505
967620
966721
949660
991770
964545
955813
903002
925382
946808
930527
925033
975418
917498
912497
999611
908366
903356
987766
962035
940118
950523
983375
998468
938925
972369
984992
984576
980117
902432
902616
921117
952504
984483
900790
907543
965070
925645
928119
980303
947826
912155
909333
965585
979102
952307
988048
943915
966284
926097
927152
907269
984283
990588
977601
978486
942470
978895
958282
971290
958108
957799
987932
954395
953548
948270
980101
950564
946576
945807
935910
919817
958932
984111
918745
930750
950867
910354
908729
977046
998442
981036
916335
909556
914713
917360
904415
920686
951670
963212
955895
904433
901732
904601
949194
969232
906121
943053
939694
970476
955244
902299
910402
985007
901637
992539
952987
973712
904130
921245
971102
921206
953973
936338
959376
958242
917572
964171
988795
909100
949230
956889
915719
910461
942125
923032
943175
944368
913873
924976
925523
955298
952841
975581
992055
987899
958498
945614
955510
978137
984234
983394
985417
918590
962860
929774
978506
906506
939187
980184
987295
917171
919965
929283
994710
929706
956590
989918
904431
912641
961125
902618
978142
928503
929382
965267
918619
921962
932587
904540
904049
963696
929676
970357
900614
967464
983356
949949
900811
937694
954550
903049
980174
945336
999975
932891
971653
905345
903915
976334
923473
973423
923425
967785
973786
922570
940280
962558
982486
995597
990746
946301
980643
933205
953239
979444
929729
977175
989202
965181
950941
912512
908378
921709
946663
913622
943004
989166
993851
984872
955395
931454
923342
952069
999649
936997
947614
958572
956216
902053
943986
968267
990285
983654
942934
998603
977733
982169
907635
955156
915183
921532
989386
974633
968135
995628
934466
930541
968553
975065
911884
970069
949575
905326
964078
971724
917496
976720
982179
917914
933705
914721
985878
931951
912062
955276
907757
993137
903326
985230
938901
977994
966500
928297
928866
954409
960903
929981
931086
973428
976246
957101
946632
964897
996246
904030
929290
942935
999761
949848
956229
996098
987908
918536
947270
911669
974304
900921
945500
911828
921075
906518
973141
939480
986071
970156
915898
912769
992182
925440
929603
911069
931353
949238
981242
942614
931136
993148
936941
966980
939279
914595
930813
906279
958065
960610
917460
994356
946390
969402
951626
908839
989742
985593
978665
964974
964207
937692
940686
993602
982427
930016
949428
913438
977628
910840
917619
975423
983702
970939
910861
980976
982846
993555
995929
942239
936177
961915
919798
972363
949554
934186
944915
913209
991066
917590
925409
942362
974173
955256
913765
980085
966901
991623
936775
922629
955103
904137
948528
901587
976582
908342
905448
920109
932699
982792
938802
926672
962432
919187
974214
906296
922327
927528
957806
947851
927361
992132
934989
918043
984977
973918
975179
953409
975271
949722
902809
966677
954772
953021
964293
966605
982140
911105
996352
970866
909155
967993
994796
969869
995983
918422
949343
988939
959472
983462
904083
952509
925774
945720
954352
948906
976291
977542
952076
962877
963150
960686
945186
934586
966540
954097
973483
952252
939057
938225
998537
942675
946228
968682
927057
908347
934219
948569
923670
935334
933710
925037
961277
903162
935012
942325
912259
928950
965810
949068
928131
993637
973739
998693
969437
958640
970093
923576
993485
908019
919948
993599
923838
994567
973531
928786
956569
900417
958805
916661
931914
933539
992858
958748
931778
908854
926323
953877
920615
991141
914926
905907
949082
921573
984016
947020
995192
945804
946647
988817
991203
941656
985253
900487
903259
904563
982960
973910
976723
955738
900042
981464
995554
903324
952971
927651
998971
927666
996617
993144
927292
900991
935590
985902
997494
938097
995897
950055
932274
926582
941599
944974
945772
990841
988566
974666
994987
917712
972139
944271
942984
914471
980111
987981
936942
910128
972821
919553
915838
986418
907368
936134
960227
930250
952854
995396
925969
978890
932905
996775
984583
919458
975082
972796
961607
949809
963401
916919
900339
931291
908603
932493
915613
903038
968756
981087
948422
933645
969404
947706
917354
935863
955835
939015
981294
956016
959467
929521
931140
913724
961362
935720
933457
963758
902280
956171
945310
962239
910216
921757
900842
923262
991007
911636
907189
985109
907456
955846
969207
963592
935041
915606
947069
945780
947314
906335
931199
980015
934293
998042
995187
928564
935839
998666
938845
954088
943587
947612
934144
932101
948871
943834
912282
905352
973357
923828
963639
921893
937260
967684
974625
972784
935594
919633
957549
935662
973268
928423
990056
917146
955159
979352
924885
992524
974024
905067
948996
944397
954054
901283
934795
965703
976058
938838
986512
919906
973247
925301
923322
953028
964248
993192
951782
916406
988847
952658
971401
980931
975557
971388
927607
978011
961623
996232
925875
957077
910970
993357
923141
986157
971573
948081
910678
988986
967937
933246
969178
924859
989806
903563
953270
974006
946391
933170
924651
951348
901438
967885
947100
914219
987859
926075
995541
994348
979213
984893
999064
950510
902900
942947
910918
905652
971897
987427
951347
912182
963980
904779
915878
972955
939023
954254
902785
940303
923386
909666
901444
900954
901538
976362
921665
942444
982324
929290
906824
944070
970987
998902
970283
901604
991579
975623
959270
983087
983472
981067
934443
917888
989291
998683
978830
947124
972736
941330
929672
939606
920231
929863
947386
928670
933005
944952
928618
996822
990227
956669
932594
943174
906381
945258
987610
979951
946662
974724
951763
965032
901650
955867
946710
974472
938008
994858
995110
925374
990413
908355
925748
942598
927196
949017
982948
982119
953681
975463
942296
902248
987990
954243
974860
996221
925470
956428
976926
909339
901071
980364
979894
951692
975017
944681
971432
909572
918930
945236
958279
971916
979727
972409
922900
941273
967748
934246
962275
981766
958767
917427
912027
968192
999584
922893
942666
909197
946559
907508
970171
916933
917366
922526
927839
939656
993835
945705
994946
993957
949552
946345
956607
924878
928841
903662
932540
925909
934920
903966
956556
919792
904861
911708
937611
974010
961473
965244
916759
937162
934157
948667
907647
982910
994656
933142
978609
961777
922264
927071
986117
930526
947818
923969
907422
975611
927176
948906
975117
972774
935076
915961
941735
999367
962282
934724
906593
938829
903540
992542
980630
906292
945835
934598
940683
951288
968292
934998
943057
909307
952688
993147
990635
922526
962084
944124
996671
966502
994752
964211
976498
951187
969148
907116
905980
924111
953561
967705
924238
963184
949664
987212
993430
947120
931999
951812
927246
936456
966852
989586
986605
907150
999754
955141
952373
956124
930847
908524
919739
908787
924760
964306
902673
948356
986453
915209
998749
977556
943638
970859
952514
960373
919468
982941
933673
968641
961760
910249
916408
939301
950731
929727
959175
927763
914837
935215
907737
985679
986678
980682
945326
977415
902935
910493
926804
921306
977763
998442
942302
957657
966866
970855
963885
919447
983798
921786
916442
913084
923409
961093
912017
902132
944212
910073
953055
991342
909571
960752
988852
904869
981291
914597
941855
965767
953274
955234
974479
976699
977648
955330
971264
925194
919085
996808
944357
981668
917884
915630
949695
974560
983059
915130
911418
977587
947865
924868
957692
992537
944847
989468
994899
913723
915678
953080
983556
939166
990903
997714
968762
938099
967750
936924
947809
956584
915734
999934
936547
972203
938379
901847
944346
963341
984667
948695
997862
951288
984978
911221
971694
925419
959382
920384
945585
961448
907484
982208
999869
905774
976310
980330
960268
916955
944217
915249
921971
995053
995790
914643
999748
941710
925084
999830
948878
942168
927335
911856
947247
984328
987565
945831
935735
975344
960608
929344
947687
996034
992772
945138
963701
914491
901724
965784
973124
976391
948109
956677
912391
999806
966054
990602
940190
921741
964696
919358
942855
986412
960634
951744
994180
947214
941629
963741
951329
939509
911926
965158
914948
939702
924876
908321
997648
955341
964120
927678
936366
949851
918444
976082
956227
981461
984849
979809
998412
976589
964593
980281
991843
991563
947300
993994
994361
907527
973254
973604
975758
986634
949174
979813
902450
973272
904659
972798
939422
968912
986605
993204
904876
985761
910521
958741
930326
979346
980783
912822
905176
949911
946193
959455
931197
967755
929274
945928
968750
927287
908971
998628
935657
977781
997101
936025
924101
946584
959392
948120
901814
937710
904744
978303
944446
912040
970269
986342
926078
949669
911762
989801
931887
948406
983012
915640
955329
957873
979078
972214
959398
986768
934407
972323
905630
915036
991750
952501
965279
935946
983041
986331
986164
985343
982067
922443
941076
996445
928215
918401
994668
