5000
218
50
928
278
191
514
729
642
735
466
669
557
845
401
710
622
747
468
954
725
537
926
591
613
861
801
808
747
671
150
793
837
30
141
819
647
653
449
824
66
902
944
432
454
352
359
920
801
912
869
472
475
914
133
681
443
771
963
108
779
445
144
586
61
5
372
345
973
514
731
453
814
477
801
43
541
176
673
846
815
741
645
678
829
568
226
624
525
798
81
862
759
190
485
353
349
102
183
422
925
538
555
429
373
916
711
381
29
993
388
542
997
888
235
519
998
997
171
363
993
83
405
864
659
207
883
920
446
976
793
402
3
328
290
163
38
649
504
432
565
949
128
118
573
787
907
479
647
46
136
32
479
473
866
414
994
211
348
29
144
901
807
400
826
900
321
657
781
38
729
403
458
17
822
650
732
225
828
630
919
703
96
246
392
217
357
350
965
681
961
153
680
292
512
555
347
106
370
762
333
113
307
786
171
573
314
369
586
114
227
699
39
369
343
190
111
409
35
254
552
445
321
918
584
707
411
528
474
393
413
909
893
907
665
268
387
868
724
606
938
987
677
429
695
669
731
942
855
187
978
328
736
483
368
840
255
886
985
259
302
334
926
927
345
632
756
160
57
856
890
922
981
713
29
859
375
92
163
334
848
127
139
55
997
893
336
79
132
680
634
436
189
798
531
931
113
620
53
266
53
351
158
33
26
242
871
804
71
906
509
891
64
186
912
347
973
235
910
372
257
690
913
334
794
311
420
640
200
677
489
687
644
17
302
392
256
954
592
804
872
505
376
404
806
207
239
784
767
746
451
390
914
544
630
8
923
629
742
112
861
296
408
128
983
236
267
612
702
694
198
363
537
134
51
518
891
915
342
600
118
361
170
90
147
630
149
148
41
4
294
43
375
987
96
863
181
680
467
66
566
33
896
888
791
152
545
128
924
717
401
939
90
817
413
229
401
881
223
46
630
170
24
356
853
65
424
305
763
500
887
154
640
797
707
1
800
159
295
894
952
699
293
192
858
843
591
251
112
730
839
139
926
8
32
380
853
894
617
188
838
389
922
637
543
558
211
568
360
192
804
712
513
552
543
680
621
391
993
342
917
350
452
279
320
865
85
548
544
894
696
909
613
392
180
722
728
798
725
104
736
177
13
115
81
659
971
953
995
254
568
993
810
905
803
773
859
932
853
340
602
79
305
818
998
31
860
219
48
650
133
416
700
702
734
187
404
488
106
354
438
562
465
659
914
260
747
340
382
242
996
750
949
167
411
223
771
702
526
231
838
583
578
579
91
874
656
556
159
454
908
89
991
328
843
443
632
477
811
473
322
876
263
804
308
165
989
800
773
91
978
331
504
595
647
379
291
863
522
125
884
827
362
19
84
461
400
198
949
252
461
748
443
300
212
929
336
483
673
892
866
882
917
272
7
873
279
327
509
329
528
605
979
446
280
46
366
938
289
888
905
529
789
264
475
9
615
264
78
269
825
719
758
254
337
436
177
222
968
121
649
940
729
684
872
55
701
273
255
895
73
94
204
902
278
576
870
514
987
266
214
600
155
530
955
260
633
591
506
814
81
75
255
439
220
138
611
385
528
238
161
613
756
272
67
218
476
48
44
378
420
207
125
939
199
773
313
58
29
367
468
810
282
255
318
276
680
318
778
941
2
193
927
166
190
252
19
384
777
819
655
118
314
130
362
103
608
214
488
252
89
716
134
683
85
888
358
149
807
421
690
452
815
763
153
587
961
540
970
471
82
55
984
478
524
481
986
306
724
213
54
863
726
923
720
633
302
299
686
562
644
950
511
892
913
288
602
545
143
412
37
253
231
789
423
204
128
605
629
345
982
894
501
285
983
350
985
879
603
107
415
913
771
222
780
691
737
82
533
765
203
851
239
361
961
351
239
397
578
327
560
870
397
876
942
241
627
889
773
838
281
721
899
473
298
807
619
926
930
77
165
171
239
327
6
878
524
200
310
378
971
754
379
94
208
615
871
535
115
934
420
296
56
841
739
512
219
640
850
877
593
273
752
89
154
994
326
185
2
870
568
932
825
497
350
65
625
259
151
887
717
384
626
188
13
459
481
653
813
378
105
692
346
117
583
707
871
637
42
557
820
590
272
806
306
890
562
533
15
335
181
76
579
315
710
584
231
400
490
993
418
287
574
367
800
613
809
765
698
456
360
492
308
539
824
410
664
187
961
971
610
916
768
749
293
632
807
699
796
235
826
516
673
423
804
5
276
134
863
20
49
962
528
77
608
426
67
802
409
370
50
984
853
411
381
629
804
194
264
541
517
140
422
946
225
233
155
216
386
238
357
190
502
789
606
640
495
565
3
282
956
519
367
655
927
486
475
829
203
789
171
842
889
831
943
409
391
965
265
923
399
127
840
690
303
231
951
814
630
836
458
309
133
249
213
891
722
371
629
286
278
169
474
82
156
152
958
110
223
655
961
616
455
89
659
108
336
802
279
564
121
375
282
930
577
781
75
105
540
496
607
178
814
260
987
412
282
165
999
503
770
521
98
490
271
41
216
793
194
791
767
238
327
581
478
678
82
313
313
461
765
567
550
499
401
504
613
414
504
910
618
180
880
97
49
896
842
785
36
927
504
726
910
932
568
898
666
429
122
171
835
563
150
491
656
531
180
775
283
959
141
716
76
502
841
612
414
885
587
925
271
506
53
99
654
170
796
609
835
577
76
881
718
950
342
968
612
537
351
718
931
313
568
714
105
389
350
997
850
959
211
823
362
877
782
755
63
112
523
856
651
603
379
747
978
141
917
956
640
613
715
351
910
203
291
370
192
859
410
709
924
658
387
294
116
574
514
874
944
609
545
384
265
643
42
645
142
602
528
157
861
735
582
122
489
821
103
976
892
352
244
778
822
764
380
96
563
436
610
865
345
828
595
884
501
864
696
635
553
940
975
912
381
452
894
553
911
96
161
552
897
826
753
927
56
814
31
158
767
645
940
679
959
80
640
924
68
929
639
799
209
932
141
826
808
86
715
166
445
176
134
116
765
274
285
918
478
188
159
779
775
466
76
686
761
550
447
107
271
361
8
666
678
143
116
981
634
439
591
399
38
501
388
70
585
563
905
77
366
952
234
153
240
889
690
649
569
434
896
706
433
884
269
672
607
435
368
871
175
168
539
482
23
2
197
942
929
226
327
7
503
960
736
892
198
699
130
873
80
157
181
179
446
368
379
350
764
360
955
346
645
203
381
906
414
908
278
525
902
668
85
855
850
625
625
738
221
673
989
60
35
205
296
966
234
310
40
677
635
65
730
453
599
298
487
931
474
215
821
982
304
2
476
695
617
918
794
878
202
705
746
799
142
723
593
217
306
645
27
377
880
101
79
731
877
782
974
809
358
181
560
332
66
232
106
594
66
689
732
19
634
313
606
203
240
709
176
60
132
756
30
920
799
754
584
946
131
747
307
410
675
502
678
358
222
279
758
468
795
905
407
843
354
85
484
464
668
2
177
649
581
142
103
48
763
954
598
894
381
425
783
603
184
8
69
924
711
215
945
84
146
670
343
117
346
559
902
937
53
511
21
335
934
219
924
654
299
517
862
128
937
369
625
398
994
809
113
186
281
547
184
918
654
809
998
445
614
94
535
996
906
629
149
573
216
779
963
829
377
238
238
369
873
108
552
96
922
996
300
678
353
390
53
974
431
96
455
327
878
214
112
427
754
755
847
326
137
416
473
370
881
246
689
337
829
28
888
178
447
476
466
74
671
74
329
517
243
714
536
808
414
26
865
700
902
921
583
62
21
885
24
354
357
872
904
229
408
56
792
943
746
383
485
15
414
305
293
977
805
505
406
243
282
604
67
608
860
699
802
23
95
335
296
653
668
872
808
482
122
34
970
422
752
123
380
397
234
282
274
988
359
460
908
366
357
777
88
649
25
490
8
598
663
723
793
594
484
891
613
324
394
71
587
642
542
152
28
183
206
175
579
983
834
436
215
489
448
518
191
555
785
654
299
159
119
616
503
456
754
144
824
59
149
337
691
933
81
361
324
89
139
273
509
216
266
680
427
350
797
817
287
198
593
671
717
866
589
758
435
594
942
787
367
674
605
831
185
993
621
664
584
457
583
897
176
987
618
199
864
187
291
65
233
785
240
922
208
838
535
293
328
912
636
416
403
555
637
442
872
56
74
298
809
918
150
81
100
744
733
58
231
563
84
970
568
292
291
344
209
31
698
634
346
574
537
896
216
139
578
724
690
299
308
658
330
784
637
516
254
995
152
993
514
768
613
432
8
773
281
906
678
178
115
384
749
98
726
174
499
458
761
84
887
984
221
578
344
195
388
342
358
323
23
427
485
408
92
154
735
202
387
206
975
78
148
813
692
675
10
568
446
833
472
185
857
673
120
61
295
605
170
205
167
130
39
576
673
455
901
116
740
690
708
561
234
574
81
694
670
408
633
859
661
931
418
493
330
1
414
535
31
592
556
211
841
488
332
880
653
922
380
68
390
143
832
88
184
465
416
879
358
492
560
861
746
439
540
368
934
247
598
717
584
7
610
613
499
575
570
153
963
531
933
205
201
26
825
402
310
328
43
459
198
945
268
27
4
452
198
989
413
250
863
927
848
127
835
614
672
917
358
347
246
170
859
464
384
302
992
158
792
336
258
616
897
816
461
988
126
476
733
187
386
808
920
16
93
7
701
180
218
286
318
595
675
777
588
281
573
46
688
768
272
919
225
634
552
194
439
755
875
248
268
730
688
567
45
248
609
414
209
876
588
72
108
267
921
70
375
399
614
887
664
955
926
701
472
511
341
750
813
180
293
916
490
2
455
494
635
324
522
664
282
397
620
159
167
423
437
146
363
948
885
401
180
5
73
291
5
380
92
640
514
659
287
857
639
362
675
398
145
589
598
489
338
533
540
348
370
423
430
927
264
133
923
906
365
221
830
310
768
713
829
868
387
520
299
595
73
685
541
776
683
333
77
646
825
304
763
868
387
130
173
811
944
504
550
655
328
636
572
349
806
779
754
251
713
551
793
736
451
58
307
794
595
262
700
487
441
527
317
688
571
895
691
461
828
307
258
439
539
779
607
587
421
913
434
598
896
750
749
51
852
638
98
553
367
640
512
376
120
214
320
213
851
244
461
163
282
78
883
23
928
565
279
113
922
205
854
810
482
806
535
162
901
648
694
768
75
335
38
338
577
672
450
318
771
691
798
655
732
320
176
308
646
216
612
456
481
307
736
328
871
25
836
104
911
612
718
723
881
948
429
86
599
260
578
723
359
991
108
702
140
699
362
641
59
562
705
666
18
674
612
638
226
963
98
244
995
822
832
104
828
9
985
738
47
21
670
155
542
241
506
812
289
485
914
996
157
968
847
947
422
179
814
554
472
640
909
112
239
53
570
280
948
781
515
548
249
949
395
660
158
166
668
611
255
660
770
907
16
54
114
750
161
671
992
230
40
814
529
367
649
447
647
332
679
377
166
483
514
933
784
75
310
151
439
451
737
996
784
318
73
46
446
833
364
577
493
316
770
106
318
447
929
426
981
102
205
953
554
936
295
669
153
218
571
908
721
695
454
842
655
516
276
885
921
332
289
333
324
613
226
456
922
681
300
673
694
819
830
507
180
345
462
582
877
167
832
637
713
560
733
183
425
488
846
429
942
95
601
667
868
252
783
606
938
311
846
530
491
605
582
829
892
471
461
748
758
243
19
573
245
92
222
943
471
378
668
459
178
818
323
431
965
393
423
312
691
921
980
174
727
281
964
381
896
294
710
63
872
493
57
125
23
132
109
474
867
95
125
900
288
974
673
950
520
170
180
73
288
214
800
459
935
611
563
112
373
21
569
406
850
664
722
709
502
2
484
379
543
387
219
912
790
476
883
527
487
771
193
660
403
991
100
392
345
754
45
253
89
684
993
584
425
924
503
440
316
71
8
183
58
439
953
710
682
986
756
661
471
464
858
107
752
724
602
26
129
199
112
490
354
695
811
961
650
344
41
583
229
231
336
327
176
864
461
265
887
438
300
713
308
833
111
20
105
884
488
963
242
806
389
630
316
68
27
277
120
343
60
282
415
250
296
686
251
489
139
971
764
22
114
75
68
295
857
39
326
299
16
491
847
791
757
481
780
907
962
673
501
442
51
457
325
621
73
140
307
152
67
985
433
901
485
497
947
950
146
910
123
868
732
852
514
684
775
244
487
624
840
65
923
693
586
621
259
736
537
340
577
585
864
949
286
732
909
546
425
254
524
487
745
902
114
721
508
223
68
392
890
478
966
276
586
990
646
597
237
180
582
90
81
74
932
639
816
379
446
572
40
734
481
110
666
164
396
23
602
902
269
351
3
663
633
455
896
472
966
879
543
157
407
375
497
933
197
377
246
496
751
148
938
530
975
823
238
383
868
524
538
644
319
203
748
272
754
244
929
150
708
707
606
575
540
950
611
557
985
229
931
490
234
606
336
228
856
584
745
497
697
680
176
199
219
63
35
661
495
609
981
489
407
152
149
454
853
700
202
573
222
419
685
683
64
621
452
307
563
936
475
536
171
76
372
114
699
364
678
198
637
157
920
325
168
141
133
279
106
533
940
159
602
142
680
490
545
116
965
754
464
519
866
457
791
953
257
742
633
257
468
124
176
321
745
805
999
976
24
898
314
814
504
447
741
53
154
804
129
927
270
136
882
990
759
643
688
877
505
430
158
745
413
433
20
888
356
412
99
104
466
622
880
767
106
480
310
480
370
576
462
97
536
102
592
162
780
633
333
171
382
957
901
937
200
210
577
713
183
483
550
729
14
395
986
163
866
708
223
743
133
450
820
549
239
749
853
122
934
728
668
298
92
241
790
371
577
981
628
467
32
134
451
662
477
672
925
356
987
407
448
75
971
674
649
421
347
358
146
504
224
754
973
657
947
612
543
928
319
201
383
717
931
160
382
172
653
892
905
416
423
770
553
98
407
622
769
656
531
228
948
353
275
181
456
155
378
378
450
619
243
975
926
594
197
381
333
444
180
985
389
101
623
809
374
331
856
435
176
580
538
557
194
845
992
902
686
84
935
17
446
715
322
495
329
47
951
165
595
251
284
627
378
891
44
422
994
517
288
964
844
614
93
901
686
417
481
842
902
104
624
832
182
867
921
29
540
105
288
865
353
413
755
927
657
636
985
898
745
350
90
729
317
629
22
949
607
24
396
423
586
787
877
629
610
195
197
198
792
490
50
848
648
386
548
474
409
632
172
543
689
99
886
665
188
814
712
757
692
840
273
986
872
693
791
289
302
90
312
622
815
615
717
2
152
534
548
277
164
482
581
342
213
415
416
676
147
484
850
347
920
861
521
636
4
713
50
932
630
685
534
658
644
451
834
465
924
314
332
765
542
175
261
121
536
177
591
79
772
294
814
915
560
446
580
197
84
677
795
518
162
178
180
787
782
585
269
629
746
680
93
150
56
421
238
667
258
988
502
644
675
918
90
397
688
563
296
714
159
76
963
708
181
712
675
306
580
233
324
310
449
545
946
893
311
337
624
518
554
350
184
299
311
3
42
473
992
109
40
134
164
835
415
158
283
462
486
311
176
884
463
501
925
368
863
484
259
636
113
989
425
843
110
945
400
75
18
430
996
508
104
755
957
128
258
123
872
482
287
715
290
698
909
375
732
99
452
285
125
381
236
54
797
196
29
159
918
66
940
471
577
161
665
936
850
765
602
78
504
507
198
379
186
734
304
440
597
318
357
591
591
33
542
491
279
866
552
677
861
882
8
586
271
98
653
672
803
472
784
752
452
59
867
279
970
915
992
158
583
827
715
511
69
410
470
911
284
691
672
977
515
954
717
525
233
28
132
53
415
637
565
449
279
642
821
437
186
281
543
889
542
317
938
888
242
701
786
116
963
183
619
697
91
475
105
360
331
22
212
838
873
571
499
876
576
359
177
509
661
270
801
935
646
96
391
300
996
985
953
528
664
800
482
16
270
664
143
363
860
453
636
508
337
54
900
434
430
328
666
582
883
974
762
557
148
857
70
17
958
990
137
80
259
388
187
572
470
587
363
794
759
343
365
830
847
165
772
337
608
998
899
783
139
569
347
323
773
530
529
851
67
180
854
901
102
350
257
11
329
346
384
950
440
722
51
883
341
428
275
696
660
158
273
322
461
505
953
1
500
429
605
757
719
818
783
963
502
301
408
157
518
368
461
740
671
800
413
126
246
1000
581
589
724
302
654
646
49
289
490
507
515
107
183
313
557
718
100
809
771
423
23
289
465
804
598
577
334
71
358
722
797
353
238
152
653
776
58
972
944
163
388
809
699
523
231
513
915
282
520
557
336
196
39
642
185
291
958
996
644
337
144
32
230
443
381
569
744
907
776
827
273
319
261
388
710
352
84
21
156
913
167
542
412
617
483
50
262
96
57
586
173
688
404
136
442
491
605
93
144
874
471
143
773
245
886
396
306
9
18
597
19
559
17
536
521
129
841
864
935
272
690
959
778
404
759
836
894
335
585
665
79
47
87
116
760
309
381
378
187
886
330
405
218
975
118
807
146
798
251
319
681
158
499
53
329
822
99
294
166
939
828
517
61
94
810
771
913
808
700
411
160
662
603
897
762
890
496
901
52
311
714
300
682
853
759
253
81
380
134
148
801
212
609
125
695
786
532
165
783
521
722
817
370
708
517
592
612
628
147
523
341
156
243
348
686
595
389
333
783
755
863
265
40
7
953
112
513
169
585
567
738
634
52
252
501
261
953
406
987
775
82
332
208
795
18
765
82
638
674
308
270
60
462
764
434
427
475
653
766
978
750
680
903
941
557
116
971
621
302
922
302
335
108
906
914
771
567
555
494
363
150
69
75
116
777
921
61
150
944
907
124
127
436
666
757
593
60
371
101
243
11
853
457
440
395
798
934
208
956
917
153
921
256
265
637
914
473
752
512
329
59
145
677
123
24
218
100
514
156
767
456
540
862
205
377
678
107
987
73
357
839
51
507
797
404
608
478
320
849
263
739
110
934
619
522
944
850
935
133
487
508
212
763
306
268
679
446
70
3
941
653
674
783
622
419
279
377
552
276
768
17
322
787
1
366
713
649
600
631
627
337
181
458
159
341
93
749
830
712
373
17
706
822
516
16
307
790
457
548
896
94
885
169
537
982
592
94
500
662
39
670
733
316
959
727
294
84
841
236
84
182
313
36
926
688
89
598
453
843
332
131
271
878
207
234
662
149
777
685
520
773
512
57
143
93
914
412
968
858
375
114
533
588
59
867
118
394
181
886
826
205
390
987
214
691
107
367
564
828
984
841
57
973
867
143
204
548
288
55
283
636
479
319
671
807
568
8
390
48
738
222
407
174
43
577
895
369
159
592
909
922
419
704
717
398
729
716
678
583
504
212
998
995
795
931
410
346
530
903
982
242
358
61
429
539
912
574
894
916
719
424
652
743
626
530
706
980
87
956
463
507
925
389
688
678
747
267
802
466
435
610
688
951
163
950
105
327
393
971
943
345
806
387
600
891
349
107
34
758
198
408
40
537
125
222
333
422
899
858
704
295
13
984
768
834
353
626
954
155
728
654
387
176
684
188
937
559
35
261
640
206
740
963
624
531
612
514
356
771
367
102
786
136
351
775
808
94
40
97
43
700
489
149
704
711
252
585
489
988
110
710
964
986
991
380
67
59
228
389
598
81
696
681
198
527
616
763
690
378
670
468
883
81
541
74
854
367
738
94
553
862
700
571
261
173
811
782
372
228
330
322
431
652
901
856
893
320
52
976
100
882
170
967
502
493
499
475
152
124
470
462
446
269
715
855
623
879
628
372
93
679
441
876
958
77
475
849
610
977
59
163
579
549
394
380
774
509
194
5
640
62
117
767
107
737
493
44
423
944
774
325
835
969
617
316
514
61
421
477
13
130
230
321
691
338
322
181
837
159
459
897
574
503
685
132
36
754
712
16
593
123
370
673
749
528
417
366
352
74
801
200
967
163
487
179
541
117
634
876
585
643
70
911
645
308
115
791
355
15
218
414
318
142
243
911
605
81
892
422
885
900
888
388
535
264
33
817
288
548
733
387
530
790
986
363
974
187
274
482
140
163
450
359
391
71
646
471
547
729
426
158
214
728
261
448
572
502
178
974
309
187
389
393
404
865
871
359
620
444
727
664
530
52
294
333
634
967
700
451
30
626
168
773
430
829
799
876
725
162
832
816
196
630
699
873
116
213
507
606
624
105
301
864
848
331
778
379
235
394
398
239
294
825
905
218
990
843
756
298
345
254
966
330
326
862
239
807
293
137
325
318
367
205
967
857
115
960
453
430
740
225
906
551
52
40
680
605
572
833
967
3
931
97
425
148
936
768
46
790
65
268
988
207
131
658
630
31
270
641
492
844
323
591
451
855
210
465
32
545
431
365
460
67
244
448
912
12
859
67
964
848
872
102
514
808
465
52
489
71
911
151
812
520
474
861
91
47
706
696
987
403
747
975
26
522
663
667
155
843
58
514
491
501
321
575
99
170
872
531
417
359
12
231
314
742
436
510
80
185
813
973
147
970
220
694
901
202
807
872
740
704
550
287
327
749
891
869
524
64
175
62
170
917
141
158
996
23
344
369
66
829
186
774
439
428
908
258
918
302
163
294
505
141
178
127
574
323
910
984
52
75
716
746
532
857
199
716
705
265
648
55
828
968
555
385
475
409
935
528
638
183
992
66
703
354
735
223
930
282
809
355
719
271
181
936
969
316
883
739
592
1
945
582
430
600
655
286
291
508
728
599
615
967
908
42
899
392
900
224
862
605
22
802
11
548
52
533
7
638
595
37
409
279
19
563
899
373
846
160
35
701
885
313
327
664
861
813
12
503
706
248
252
250
552
897
230
158
349
348
983
389
381
225
755
768
22
779
857
740
117
292
507
66
409
601
490
749
47
486
823
30
40
803
998
61
841
96
999
61
36
935
847
552
621
457
185
641
910
211
475
996
662
296
248
948
223
613
110
80
708
72
984
279
990
329
481
738
82
801
511
664
97
193
167
345
428
630
263
80
701
904
241
784
955
748
468
716
655
872
336
843
547
932
684
624
342
960
815
850
815
295
382
905
388
868
680
272
609
484
461
971
194
514
791
180
847
636
869
118
126
909
795
114
86
860
664
447
671
450
184
10
549
585
907
537
3
292
848
690
359
989
70
993
426
620
663
259
254
968
490
535
437
249
140
576
760
750
581
54
176
464
104
346
413
675
423
781
527
488
105
420
310
948
750
61
624
38
663
778
203
500
397
595
278
596
61
544
135
878
660
784
371
430
845
777
324
175
999
804
815
839
