1045
2071
3076
3102
4133
4115
5134
4129
4090
5105
6108
5156
6160
6137
6176
4104
5120
5128
6141
5159
6168
7119
8137
6151
5172
6192
5091
6112
7143
6108
7128
5140
6142
6129
7131
5150
6179
7161
7165
6157
7159
6148
7151
7196
7200
8237
9267
6124
6150
6186
7175
7201
8240
6129
7168
7156
7145
8188
9235
7118
8168
8139
7173
5135
6167
7161
8184
6165
7169
8151
9175
6186
7216
7217
7211
8162
9177
7218
8242
6149
5129
6139
7184
7151
7198
8181
8175
8189
9206
6106
7144
8177
8145
9147
9219
7125
8153
7162
7145
6127
7167
8162
9209
7229
7201
8222
9271
6168
7200
7116
7213
8148
9160
7174
8176
9197
8168
9207
9192
7210
7128
8153
9162
8213
6175
7169
8177
6131
7146
7190
8217
7152
8155
9179
8158
7173
8198
8189
9196
8156
9180
10181
9208
6191
7210
8217
7166
8190
9214
7175
8215
8224
8179
8186
8218
7184
8201
9234
9242
7170
8178
6175
7176
7180
8207
8201
9215
8191
7210
8176
7146
8172
9204
9184
8227
8169
9200
10244
11251
7149
8151
8161
9171
9211
8239
8231
9213
10191
8191
8195
9203
7142
8190
9168
8179
7150
8157
8144
9144
7152
8192
8199
9204
8177
8207
9235
9156
8210
9168
8202
9252
9258
10208
10276
9223
6183
7218
8210
8256
8141
9167
7220
8261
9176
7204
8238
9277
8220
9233
9163
9194
10233
11261
8198
9211
10222
9274
10181
11231
8162
9172
8163
6116
7163
8205
7171
8190
9228
8223
7222
8258
7144
8186
9187
8242
5128
6146
7164
8189
7183
8153
9156
10186
7206
8235
9167
10183
9206
10238
7136
8165
6124
7160
8178
8217
8214
9253
10216
8151
8154
9186
10188
11227
10217
10235
9219
10248
7168
6136
7147
8194
8253
9281
7194
8234
8224
8144
9155
10171
7118
8168
9214
8173
8201
9222
7199
8210
9172
10204
8175
9198
8183
9227
9218
9195
10237
11241
10247
10171
7150
8161
9188
8192
6146
7159
8183
8239
8212
9245
8151
9173
9206
8207
9219
10242
8178
9212
8201
9225
8221
9177
7178
7188
8205
9193
10217
11250
9234
10247
8223
9206
9211
10212
10220
10285
10212
9241
10241
11276
8153
7147
8154
8159
9180
9259
9186
10206
9271
9154
9223
10223
9226
10276
9161
8194
9211
10218
8205
9240
8204
9187
10223
11263
8133
9169
9191
9158
9172
10178
9194
10239
8192
9223
9188
10215
9180
10229
10152
9207
6206
7218
8225
9271
8234
8189
9230
10227
9184
10210
8164
9196
10210
11257
9244
10251
8207
9247
10214
11263
7220
8260
9281
10280
9250
8222
9265
10234
10318
10198
9258
10294
7208
8242
8219
8236
9205
10254
8244
9293
8164
7183
8225
9247
8217
9255
9289
10224
8228
9248
8215
9209
9247
10241
10303
9267
9215
10221
10246
9156
9231
10236
8216
9264
10198
9201
10227
11240
8211
9214
10254
9247
10218
11227
9286
10221
10199
10244
11270
12297
8180
9228
10177
9246
8139
9139
7116
8124
8189
8176
9196
10210
8220
9243
9211
8211
9215
10223
9241
10253
7182
8225
9270
10305
8152
8216
9155
8205
9219
10220
8271
9263
6166
7202
7188
8218
8179
9209
9202
10205
7204
8237
9157
10163
9231
8209
9214
10263
7168
8186
9210
10220
9167
10216
11208
10307
9246
10281
11286
10209
8155
9179
9206
9162
7135
8148
8178
9180
9207
9183
8182
9192
9239
10274
10271
9201
10196
11244
9188
10199
8178
8187
9202
10207
10229
10227
11231
8213
9213
10248
9169
10190
10251
10243
9219
10224
7199
8226
7176
8181
8191
9224
9206
10209
8243
8241
9270
10314
8182
9216
9256
9180
9190
10199
9130
8167
9203
10154
11179
12200
8149
9158
9178
9229
9227
8190
9218
10220
9219
10246
9196
10246
8180
9197
9213
10217
9265
10299
10288
11309
9160
10179
10237
11239
8215
6213
7248
8268
9213
9271
8237
9240
10251
10277
11303
9236
9248
9195
10198
10208
8154
9162
9167
10173
9188
9206
9188
10201
7170
8173
7208
8219
9197
10239
8228
9276
8195
8218
9232
10243
9128
10147
10198
10190
9275
10206
8241
9247
10248
9280
10158
10200
9186
10204
10216
8207
7231
8272
9286
10202
9186
10200
10151
11157
8189
9200
8196
9220
9210
9249
9186
10224
11250
9235
10239
11261
10224
10181
11185
12202
9189
10206
8206
9225
9190
10194
11234
10240
10222
11254
10245
10275
10213
11184
10219
10218
11244
12268
12283
13306
8168
9178
8164
9176
9170
9245
9128
10153
9197
6130
7155
8205
8170
9184
10233
9228
10270
10185
7179
8188
9219
9191
10208
11250
9243
10251
11278
8199
9201
10243
8208
9224
10259
10280
10284
9248
7117
8158
9194
9189
9224
10253
9205
9234
10254
9202
10225
11248
7153
8163
9183
8155
9181
10187
9205
9229
9184
9263
10270
10206
9215
10237
11185
8156
7122
8170
9188
10236
10202
11226
11216
10223
9190
10202
11247
10271
11201
12205
9202
10246
7168
8214
8268
9314
9255
9209
10210
11241
9240
10247
7127
8143
8169
9208
10245
10283
8142
9192
10193
8168
8158
9208
10226
11265
10275
9246
10268
11299
9226
10260
9248
10264
9229
9201
10249
11270
10267
9145
10188
11197
8219
8153
9181
10218
10324
9234
10165
10205
10288
11304
9221
10258
10277
11287
11218
10225
11266
12316
10271
11299
9233
9234
10256
11282
7220
8247
9268
8176
9208
10240
8229
9274
10206
10212
11225
9256
8278
9303
10333
11322
9170
10208
8204
9211
9238
9277
10274
11314
9204
9223
10231
8186
9191
10224
10200
11235
9173
10222
10254
10214
7156
8206
9198
9180
9263
9262
9221
10257
10304
8190
8146
9173
10195
10217
11263
9282
10325
11222
9216
10234
9190
10190
11209
11240
9206
9269
10265
10270
11224
12257
8162
9178
10220
10232
11255
10258
8220
9227
10243
10256
10177
11208
9210
10260
11232
10207
10225
11240
9277
9282
10247
11268
10210
11241
11247
11338
12250
11193
12228
11279
9201
8153
9168
10180
10197
10257
10208
11247
9185
10186
10140
11185
7171
8201
9133
8193
9219
10264
9206
10245
9224
9176
10215
11243
9228
10230
10257
10288
10211
11248
8139
9146
9188
10176
10241
11247
10207
11243
11262
9165
7139
8180
9208
10227
9271
9233
10276
11307
8231
9272
8198
9219
10178
11203
8227
9233
10228
10205
11253
12256
9223
10244
10289
10182
6132
7178
8189
9200
7192
8199
9240
10280
8150
9151
10175
10190
9221
10271
11251
12261
7178
8207
9246
10250
9211
9224
10236
11286
9272
10275
9227
10252
10230
9190
10212
10284
7145
8153
9159
10208
9285
10318
10222
11265
9222
10271
10225
11243
11195
12231
11299
10296
9214
10257
11298
10245
11258
12264
9222
10237
8211
9258
10229
8193
9208
9319
9193
10238
7169
7174
8192
9228
8195
9233
10206
11230
9194
10196
9161
10179
8163
9182
9203
10206
8181
8216
9238
10166
10290
11319
9165
9183
10193
11220
12229
10352
9253
10272
11243
12231
9155
10156
8168
9190
10238
8215
9261
10212
10226
11238
9262
10273
11282
11225
9188
10235
10177
10286
11290
10209
9215
10213
11199
10213
10253
11253
11258
10259
10245
11266
10189
11194
8176
9212
9238
9159
7154
8173
9197
10219
8188
9169
10208
11234
9206
10240
11247
11185
9239
10273
9250
10294
10305
8181
9199
10202
8188
9214
10250
10272
10302
11324
9197
9253
9230
10236
11204
12210
9178
10227
8181
9213
10209
11241
11190
12232
10269
10173
11185
10212
8175
9212
10191
9240
10224
10177
10222
10181
10228
11229
8163
9176
10183
11187
11232
9184
9209
10242
10199
11226
9170
9184
10200
11206
8207
8180
9207
10248
9225
10237
10167
11185
10201
10271
11294
10248
11240
12272
12319
11283
10174
9254
9257
10257
11264
11327
12261
11210
9187
10226
7258
8287
8273
9282
9298
9298
10217
11231
10224
11250
9185
10206
10262
10233
11278
10219
10285
10262
11279
11232
10237
11206
10280
11295
10214
8294
9324
10337
11255
12293
7160
8182
9193
10242
9206
8185
9209
10211
9239
10271
9223
10231
9176
10219
11250
10197
6192
7242
8281
9276
8241
9288
8259
9305
9239
9219
10227
11264
9229
10208
10247
10263
9214
10221
9233
10243
10274
10317
11252
12267
9213
10241
11177
8204
9214
9285
9267
10314
10248
10267
10216
8131
7203
8214
9214
10250
10247
11278
9265
10269
11185
10279
9163
10202
9214
10221
11245
10279
10265
11309
9223
10244
8263
9311
9284
10331
10225
11265
11213
11235
8187
9236
10251
11278
10273
9235
10266
11287
8199
7218
8236
9281
8177
9178
10220
9209
9271
9186
9317
9179
10206
11224
11257
12171
11282
11318
9210
10244
11257
10271
11318
11328
10310
11206
10215
10244
11270
11241
11251
12271
10225
11247
11209
12223
9211
10255
8220
9244
10165
11193
10243
11252
11238
10233
11240
12276
10209
10263
11297
11190
11246
10248
10293
11331
11210
11232
11288
12312
10252
11300
10195
10306
11257
12273
12276
11227
12261
13269
14306
15312
9140
10171
10203
9243
8162
8171
9190
10214
10207
10204
9187
10188
9183
10207
11160
10171
10191
11225
7177
8177
8204
9143
9243
10193
9220
10260
10198
8226
9246
10278
9228
10246
10320
11224
10190
10304
8198
9235
9208
10232
10214
11249
9182
10214
10244
8170
9210
10219
10258
11274
11287
11229
11288
12337
9211
10256
10247
11267
11275
12321
9160
10164
10240
10227
10212
10237
10319
11324
11259
12272
10238
11266
8143
9159
9171
10199
10218
11225
9250
9253
10187
8168
9190
10212
10191
10260
10236
11231
11286
12218
9208
10237
11267
10311
10212
10281
8144
9150
9171
8196
9233
10234
9188
10221
9240
10240
11202
10244
9178
10196
10241
11225
9188
10221
9244
10294
11214
10217
9214
10250
9174
10188
11188
10287
11276
11258
9160
10164
8166
9183
9213
10215
10195
10204
11231
9183
10188
10272
11248
12260
11260
11286
10183
11208
9186
10213
11237
10157
11198
11318
10240
10260
11212
10276
11297
10251
9204
10226
11274
10179
7199
8231
9264
10287
8218
9189
10198
11213
9230
10267
9223
10267
10302
11335
12276
10245
9249
10223
11269
12287
8145
9194
9190
10215
9197
9216
10214
11263
11254
9172
9241
10281
9140
10158
10216
10170
11193
12236
9192
10240
8195
9231
10216
11233
10241
10268
11294
10199
10248
10173
10169
11211
10248
10205
11230
11253
10255
11257
11308
11296
10216
11225
11287
12295
9210
10235
10208
11221
10247
11258
11237
12272
10298
11325
10149
11193
11203
11191
12220
12235
8236
8168
9194
10196
9266
10263
11236
11233
10293
11316
10208
11254
11198
12241
11215
11236
10225
11268
12306
13316
9190
9185
10213
11224
10224
10288
11305
11260
10253
11303
9196
10246
11263
11199
12246
9251
10210
10230
11255
10253
10197
11210
9181
10224
11262
10235
11271
11228
7215
8254
9295
9273
9285
10328
9189
10234
10244
10223
11250
12275
8242
9251
10266
10309
10174
11213
10228
11256
11278
11230
10262
10221
9265
10299
10303
10195
11216
11340
11247
12250
9200
10248
11212
10193
7166
8168
9199
10204
9294
10295
9247
9250
10268
10221
11227
11324
9233
10271
10195
11231
10295
11322
9183
10209
10205
9314
10340
11373
10272
11288
11280
10146
9213
10206
11228
12236
11228
12271
11185
10223
8118
9151
9209
10184
10217
10211
8172
9179
10200
9196
9195
10201
10237
9215
10250
10237
11250
12253
9192
10223
9174
10214
10192
11199
10227
10283
11218
10236
11233
12248
9218
10263
11288
11279
12246
11331
10182
11219
11257
11226
10225
11233
11217
11243
11244
10234
11267
12289
9201
8153
9176
10220
10330
11225
11291
11271
11214
12262
13292
10239
9185
10188
10199
10189
11193
11322
11239
12272
12270
10271
10210
11221
8233
9249
10269
8243
9263
10292
9260
10302
10221
10205
11245
12276
9203
9244
10260
11211
11248
12258
9184
10224
9205
10221
11269
11302
10266
11244
10267
10252
9190
10224
11238
12270
10224
11230
12256
13269
10264
11290
10231
10212
11231
12256
11222
12271
13255
11224
11296
10237
9188
10206
9143
10185
10177
10261
10207
11220
10256
11262
11255
12303
10297
11313
12282
10252
8220
9267
10312
11341
10208
11250
12195
13200
7173
8215
9229
9221
10134
11151
8232
9262
10211
9235
10253
11253
9231
10278
10213
11234
10218
11237
8217
9257
10287
10309
11324
11282
10249
11274
11201
10223
11267
12304
11220
10307
10274
11297
11290
12311
9146
10180
10183
11183
10199
11222
10269
11300
11251
10189
10182
10187
11213
12247
12251
11230
12261
13275
9259
10277
7216
8251
9199
10203
9256
8234
9254
10304
10275
11260
9229
10271
11308
11219
12263
10301
9222
10256
10305
11254
8223
9270
10259
10197
10198
8203
9221
10268
8184
9223
10231
10266
10231
11276
10246
10276
11263
11222
12242
13260
9235
9205
10213
11248
10328
11292
11163
11233
7166
8215
8183
9212
8182
9219
10217
10199
8175
9221
8194
9238
9219
10257
11296
12343
8154
9195
10188
10283
10254
11275
9180
9230
10205
11212
11229
11284
11215
12212
13221
10202
8189
9215
9241
10277
9281
10274
11228
12240
9256
10294
10191
10252
11227
11203
11289
12339
9243
10257
11302
12321
8229
9265
10267
11228
10256
9303
10203
9190
10225
10251
10282
11297
8152
9166
9174
10216
9212
10235
11211
11247
9264
9278
10325
11283
11246
9224
10231
11248
9155
10201
10292
11300
11222
11278
12266
11306
11237
12281
13258
11231
10272
11297
10226
11276
9220
9246
10260
11301
11297
11295
10243
11273
11309
12352
12320
11334
10192
11223
11278
11255
9207
10217
10268
10220
11253
10300
8179
9196
10239
10205
10260
11271
9195
10218
11255
10272
8146
9146
8195
9220
9185
10221
10271
11303
9203
9198
10228
7128
8162
9197
8192
9203
9214
9169
10209
11227
8163
8252
9297
10197
9176
10193
10193
11203
10200
8240
9269
10271
9188
10231
9238
9226
10234
11264
8180
9186
10201
9200
10223
11256
10200
11200
10191
9221
10244
11259
9238
10276
11308
12300
11239
12268
10259
11253
11284
12265
11209
12226
11286
12329
9158
9219
10237
11261
9192
10236
10191
10291
10221
11245
9210
10260
10300
11235
11209
10235
10199
11223
12236
11310
10267
10186
11202
11315
12244
10241
11259
12265
8154
9202
10247
9172
10205
11246
10225
9208
10218
9204
10196
11222
9218
10260
10258
11290
12245
12304
9211
10258
11253
10273
11280
12287
11230
12265
11302
9205
9171
10220
11250
10174
10163
11193
12204
12317
7134
8160
9162
9204
9242
10278
9231
10232
8172
9174
9204
10216
9199
10243
11217
11193
9176
10184
10174
11197
10243
10249
11251
12293
9203
9233
10249
10250
10273
11296
11223
12264
9251
10271
11257
12289
9234
10278
11315
11199
10272
11241
9227
10263
10237
9172
10194
11202
8134
9177
10220
9180
10224
11258
10191
10236
10266
11269
12301
10197
10215
11263
9192
10192
9262
10297
11225
12237
11233
11213
12234
11269
9220
10229
10237
10192
9184
10192
10250
11276
10210
10289
11324
11271
11241
12244
13238
13230
11241
12283
9194
10207
11234
10207
11222
12229
8265
7196
8228
9241
10224
10265
9259
10272
9210
10221
10247
11247
10217
10255
10220
10208
10237
11241
11325
12328
9143
10187
10187
11203
10246
10193
11216
12241
11285
12312
8139
9154
10192
9166
10216
11214
9194
10226
11236
9200
9200
10211
10182
11231
11214
11232
12226
13246
9168
10188
8204
9213
10220
11256
11205
11231
10224
9194
10200
11216
9206
10225
11265
10256
10222
10194
10243
11275
11320
12272
10231
11249
11262
12269
13277
10261
11267
12297
12279
12269
10259
11291
10265
11288
10179
10180
11182
11301
12269
12287
10224
11274
11270
11270
11279
12317
9220
10262
11232
9288
7193
8217
9221
10231
8293
9245
10268
11296
9287
10246
9293
9175
10225
11231
11229
11327
10285
11286
12269
12291
9169
10174
11195
9188
10225
8265
9306
9210
10212
10228
10178
11202
11316
11298
10217
10237
11250
12250
11157
12176
10223
10236
10212
11241
10274
11224
10247
11247
9205
10253
8256
9298
10209
11221
11375
10292
11229
12274
13282
13235
8201
9229
9229
10242
10175
9251
10279
11235
9220
10257
9187
10196
10214
11238
11180
10263
9197
10223
11228
12249
10247
11227
11263
11219
10218
11229
11246
12217
11247
12287
11204
12228
7224
8240
8243
9284
9228
10241
9264
10309
8230
8187
9205
10210
9231
10268
10316
11241
10233
11242
9255
10295
11244
10318
11349
12281
10273
11278
10233
11206
10266
11275
11248
12270
9229
9211
9255
10273
8223
9254
10230
10326
10262
11302
10338
11235
11265
10287
11332
11209
9212
10251
11265
12209
11253
10229
8222
9265
10244
10224
10293
11226
9259
10285
11319
10296
10233
11236
10286
11327
10222
11228
9170
10171
8230
9235
9228
9233
10250
11262
10280
11313
10280
9173
10215
11260
10232
11245
11315
11230
11251
12273
10203
11251
10185
11188
11211
12237
9222
10236
11267
11180
11231
12253
10268
10266
10218
11232
12263
13289
8149
9174
10220
9209
8230
9252
10205
11231
9286
9198
9175
10199
10295
11343
12293
10265
11207
10257
10250
11277
9200
10207
10262
11300
11241
10193
11201
9176
10194
11199
9174
10209
11229
10206
11248
11238
9205
10203
8238
9288
9274
10287
10284
11319
8151
9151
10199
11203
10275
11305
9215
10223
10226
11240
10195
10204
9285
10316
9159
10200
10188
10313
11321
11177
11338
11217
12238
13250
11328
11309
11303
11258
9226
10238
10274
9294
10325
11355
10285
11283
11246
11227
11356
10175
11212
12244
11207
12237
11173
12218
9145
10183
11209
10210
10217
11258
11228
12259
13287
10220
9184
10218
11232
12247
11255
10264
11183
10293
9240
9240
10236
10251
9244
10277
10235
11237
9207
10218
11244
12244
10181
10175
11222
12221
11272
11271
10250
10200
10210
11247
12240
12303
10212
11236
10288
10240
11253
12261
11220
12258
11307
12254
10215
11247
10303
11346
12341
10282
11253
10232
10315
11325
11220
12265
13281
12273
11201
12226
12304
12286
10253
11270
10316
11317
12262
12293
13293
12357
12269
12281
11230
11172
12191
10227
11244
11234
12237
12294
13342
14342
8237
9244
10277
9188
10213
9296
10210
11252
9169
10199
9187
10189
10233
11264
11218
10235
10218
11225
10243
11280
10169
11188
11200
12219
9216
10264
11237
10186
11197
12199
10205
11229
10228
11253
10150
11162
7145
8180
9224
9205
9231
10236
9208
10224
10281
8162
9193
10228
10249
11259
11294
11273
11228
12233
8193
9217
10222
11259
11261
12268
9230
10258
11286
9179
10179
11195
11217
11252
11212
12261
11264
12305
9209
10256
10254
10244
10254
11272
10279
11313
10276
10255
11256
12303
10208
11215
11233
12261
11260
12300
8170
9203
10237
10159
11163
10203
10191
11194
12204
10179
10203
10218
11256
11286
12300
12227
13266
13337
10242
11258
11206
12225
10223
11249
11276
12292
12262
9236
10249
11298
8118
9145
10189
9198
10229
10249
10238
11206
11233
11230
9168
10204
11241
12280
11208
11243
11268
12276
12293
13306
10237
11272
12304
13317
9173
8183
9210
10239
10182
11187
9214
10262
11232
10246
10268
11260
10226
11265
10264
11272
10206
11206
9212
10228
10220
10234
11247
11330
10243
11255
10271
10189
10211
11218
11253
10259
11280
12296
11246
11237
10145
11162
11273
11260
12240
11273
10275
11292
11250
10195
11181
11304
8146
9171
10177
9197
9169
10184
8195
9214
9214
10241
11280
12308
9173
10220
11249
8192
9201
10240
10280
11231
11216
11330
9260
10305
9184
9216
10246
11205
9179
10216
11252
12282
9189
10197
11198
12227
9215
10251
10241
11279
11246
12281
10236
11248
10224
11229
11280
12320
9214
10228
11195
10230
11268
7210
8216
9223
10270
10246
8288
9326
10166
11214
11212
9300
8179
9219
10216
11243
10218
11244
11232
10277
10264
11270
10229
11277
12271
13294
8219
9240
10183
11222
11289
10245
11249
11279
12302
10191
11208
11270
11247
12261
10172
10280
11306
12315
9183
10228
11222
10184
11229
12232
10247
9217
10238
11286
11299
10198
11218
12255
11270
12308
11194
10243
11244
12266
12298
12312
11184
12227
9173
10211
11215
12258
11301
11258
11203
11273
8191
9207
9261
10287
9252
10197
11237
12261
9268
10309
10188
10252
10351
11275
12215
11215
10256
11302
11314
12225
9220
10237
11239
12286
11250
10255
11278
12320
12251
13281
11254
12269
10260
11297
9208
10211
11236
11243
12270
12295
8172
9179
10192
11197
10192
10290
10220
11243
10204
8153
8244
9282
10252
11257
12270
9266
10265
11306
9160
10204
10200
11201
11323
12355
9165
10165
11170
9140
9177
10189
10210
11212
11215
11231
12278
9242
9216
10255
10171
11177
9177
10226
10264
11247
10272
10258
11286
10214
11207
11198
11257
12215
12313
12320
10161
11163
11248
11220
11196
12211
9142
10148
10255
10218
11231
11247
9208
10209
11252
11255
10183
10173
10223
11241
12284
10205
11208
12258
11264
12294
10222
10168
11208
12244
12235
11219
12254
13272
9191
10206
10159
11165
10175
10219
11267
12239
11229
12278
12280
11229
11227
10206
11224
12241
10262
11302
12251
13284
11151
11180
11280
12239
12232
13256
11215
11320
12320
12238
11353
12370
9253
10294
9203
10250
9201
10225
10157
11177
10289
11164
11283
12332
11348
12380
11228
8219
9250
10292
10307
11321
8236
9253
10274
11304
11257
9282
10292
11323
9234
10264
9268
10297
11274
11209
12246
10210
11216
12251
13274
11211
10172
11176
9223
10227
11235
10277
9244
10265
10216
10196
10181
10275
11311
12357
11275
12302
11214
11282
12330
13273
9211
10245
10261
11235
12279
11241
12211
12308
13283
10226
10227
11269
10253
11265
11189
11294
12292
11253
10218
10235
10221
11211
12245
12261
10190
11206
11250
12264
11294
12317
10288
11305
12300
12291
12221
11356
8223
9232
9301
10234
10269
11281
9270
10292
10289
10254
11303
12336
9179
10209
11247
10208
10226
11253
11205
12249
11280
11267
12290
11227
9251
10250
10265
10197
11240
10261
11275
12302
11213
12223
12211
13245
10246
11248
12253
11258
11336
12350
11248
12296
10256
11261
10225
11234
10226
11276
11330
11318
11320
11205
9229
10249
11285
12251
12329
10248
11257
12263
13266
10205
10174
11179
11220
12248
11227
11211
11188
12212
8166
9201
9191
10191
10220
11264
10222
10204
10219
10287
11310
12322
10269
11302
10212
11216
11315
12300
10185
11187
12188
10248
11256
12263
10213
11227
11312
12214
11225
12251
11257
12263
11242
12252
11261
12240
9197
10224
11255
11240
11221
12259
9243
10266
11287
11227
12267
10196
11215
10302
11351
12351
12263
13284
10219
11269
9253
10261
11227
12257
11310
11256
12276
10244
10271
11285
12194
13203
12226
11215
11217
12257
8130
9159
10200
10252
9291
10217
10204
11218
10356
9239
9208
10234
9206
10243
10204
10238
10260
11265
10244
11265
9224
10267
11238
12263
10264
10269
10259
11281
11258
10245
9118
10127
11133
10220
11242
11276
10240
11289
11234
12235
10176
10201
11227
12269
11198
9182
10217
11251
10245
11287
10220
11229
11190
12209
10234
10250
11292
12227
13235
14267
9193
10228
11236
10179
11208
11316
11233
12271
11280
12221
11225
12274
10227
11227
11192
10159
11188
12211
11247
12257
11244
12218
12266
12251
11255
11292
12285
12252
12273
11276
10179
11223
12257
12196
13221
11277
10243
11262
9199
10236
10200
11219
11246
10226
11241
11312
12206
12237
11317
12364
11190
12196
11318
12346
12335
13289
13301
11292
11223
12224
9260
9181
10213
11224
10201
11230
10268
11281
11327
12194
12267
11186
12220
13270
13298
11296
12345
11308
11261
12279
10141
10215
11257
11231
9224
10256
10291
11271
11236
12258
8238
9269
10264
10307
11303
10239
9287
10221
11236
11324
11251
12265
10179
11183
12222
11314
12339
13349
10211
11220
10274
11310
11260
11231
11184
9252
10283
11301
12308
13344
9211
10247
10197
11217
10245
11223
11224
11274
12268
10263
11295
12313
11283
12290
11244
11306
11256
12266
11264
12310
10215
10211
11231
12238
12279
12328
12319
11223
11183
12207
11246
12290
13238
12182
13211
12212
11262
12308
12325
11273
11262
12304
10242
11285
12278
10245
11259
11282
11248
11243
12274
12369
13380
14397
11235
11309
12297
13318
11260
12282
9167
10214
11240
10231
9169
10204
11198
12208
10261
11300
11133
12177
11218
12242
12255
10187
10200
11210
11257
12283
11242
11191
12201
13229
11230
12228
12351
12302
12285
12369
11220
11289
9243
10258
10267
10229
11198
12214
12348
12262
11197
12215
12272
11250
12266
11277
12327
12241
7203
8222
9240
8273
9304
10335
9221
10260
11153
10204
11219
12224
9215
10218
10301
11264
10222
11229
9237
10240
11253
10335
11356
12393
10263
11254
11312
10210
10259
11284
11275
12275
9258
10273
11317
12365
8204
9219
10266
11294
11259
12278
10278
11281
12280
11303
11301
12311
10211
11260
12264
11270
11262
12282
10282
11312
12253
11259
12293
13334
10270
11315
11309
11344
11260
12290
12300
11241
12280
13293
13328
13366
9250
10285
11226
11254
11223
11311
11208
12237
10274
8215
9257
10177
10261
11265
12289
11248
10226
11262
10259
11301
11168
11326
11195
11284
11222
12245
13278
11293
12297
13343
10264
11287
12333
9153
10166
11166
8230
9273
10315
9259
8200
9238
9276
10298
9235
9216
10217
11217
10255
11292
9214
10244
10274
11284
10304
10336
10266
11273
10262
11308
9237
10284
11293
11260
11301
10258
10201
11236
12244
11232
11216
12219
9236
9260
10290
11251
11215
11211
11232
10273
9253
10273
10287
11296
10272
11310
11216
12217
11213
12214
9215
10253
10242
11266
11302
11238
9202
10208
10255
11185
10272
11290
10280
11312
11263
11277
12289
11289
10255
10259
10267
11302
12264
13307
11202
11302
12324
11295
12331
13350
10215
11259
10251
11288
11214
11273
12288
12269
11284
11300
11296
12332
11232
12243
12248
10268
6155
7170
8170
9212
8188
9229
10240
11280
8264
9306
10269
8244
9250
10273
9261
10273
7193
8229
9242
10282
9189
10214
10278
10225
10257
11269
10231
10264
11269
10233
11248
12270
8167
9198
10215
10158
10168
11193
11238
12273
10219
10206
11224
12248
10224
10258
10261
11269
9194
10230
11267
12290
11176
12199
11263
12237
12206
13249
13218
12310
13299
14345
10229
11247
7170
8189
9211
10246
9236
10283
11309
11293
9259
10280
11263
12225
11247
12216
13251
12286
9222
10237
11239
11235
11233
10233
11227
12249
11240
11229
11275
12291
12284
13296
12313
12243
10240
11266
11307
12339
11287
12308
13325
12246
9206
10242
10278
11281
11280
10230
11245
11229
11264
12296
10271
11317
9270
10306
10220
11225
11238
12270
9240
10254
10263
10260
11267
12267
8170
7195
8223
9240
9181
10191
10291
11322
10195
11245
11249
11145
11223
11360
11262
11264
10260
11268
10286
11298
11324
12326
12187
13194
11226
12244
10215
11244
11234
12279
12297
10252
9187
9205
10233
11269
11217
12254
12308
11226
11245
12295
11293
11304
12261
12365
11275
12320
11188
12227
13242
11265
12271
12310
11299
12321
11307
12309
12316
13339
11208
12248
12321
13263
9221
10253
8229
9252
10294
11297
11299
12310
11295
12325
12317
13355
10245
11292
12318
12237
11271
10212
11246
12251
13279
13320
11291
12315
10218
11267
12230
12286
12299
13347
12259
12272
9225
10265
11266
11220
10305
10282
10221
11249
11316
10236
11234
12246
9200
10236
10219
10185
11228
12278
10223
11236
10309
11349
12320
11321
10225
11270
11260
11210
11314
12363
10289
10247
7135
8151
9200
9214
8175
9178
10218
11246
9192
10205
11211
12243
10238
10172
11205
11238
8188
8194
9242
10242
10252
11268
8139
9189
9163
9188
10159
11193
9225
10226
10224
9174
9185
10229
9189
10205
11208
9192
10204
11228
9175
10224
9208
10215
10326
11348
11228
12260
9192
9180
10225
10242
10231
11227
12208
10255
11229
12269
9227
10228
10310
11254
11314
10271
9192
10229
11232
11239
9244
10287
9184
10185
10288
11267
12292
12313
9188
10220
10193
10238
10259
11275
10238
11259
11258
10236
11239
12243
10211
11258
12236
12285
10235
11274
10214
11231
11239
11241
11239
12242
10267
11277
11258
9217
10247
11247
10232
10231
11241
11232
12250
13284
10274
11237
11255
12277
11288
12236
11283
12267
11294
11225
12273
12367
11316
11252
12291
13300
10179
11198
10204
11219
11185
10276
11294
12217
9161
9203
10212
11258
10195
11195
11297
11284
11210
12212
12263
12258
8194
9213
10233
11171
10282
9316
10271
11272
11258
11254
10183
11220
11249
12290
12262
10219
11242
12272
12293
13338
10269
10245
10206
11235
11264
10290
11313
12332
12286
13271
9234
10255
11277
12310
13269
11286
9189
10223
10222
10161
11210
12216
10192
10245
11195
10160
11171
12218
11234
12235
10224
11227
11231
12241
10174
11189
10231
10294
11289
12324
10228
11274
11298
9214
10207
11249
10229
11237
12237
11249
12286
12289
10227
11237
11266
10307
11239
11187
10271
11261
11285
12260
13278
14319
11279
11334
12364
12261
11302
12291
10226
11250
10213
11217
11232
12260
12285
13324
11216
11262
11186
12214
10210
11257
12244
12228
12271
12222
8129
9141
9198
10181
10196
11238
10199
11245
9242
9164
10209
11257
10184
11222
11282
11273
7135
8172
9216
10231
9222
10254
11232
11260
9220
10224
11259
11286
10264
11292
12226
13242
8166
8185
9200
10242
10172
11179
12215
11231
11256
12294
9207
10212
11261
11230
12249
10270
9165
10174
9185
10224
11226
12271
10273
11275
11283
11336
12308
13319
11244
11302
12314
11220
9288
10301
10218
10251
11285
11281
12312
13327
9256
10236
11262
11214
11334
11327
11327
11275
10279
10291
11336
12382
8171
9184
10214
11264
10247
11278
10173
11191
11232
11174
12194
13198
9158
10186
10219
10217
11252
10292
10204
11227
11274
11233
12243
12212
11199
12233
11245
11192
11222
12223
12270
13292
12349
10220
11243
11251
11217
12228
11250
11287
10205
11220
11219
12263
10219
11226
11312
11292
11271
12301
13238
12209
11262
10322
11202
12247
13245
12243
11318
12366
10232
10184
11223
11251
11276
12285
11240
12284
9168
8183
9199
10213
10260
11273
12293
12303
11257
12267
11229
12241
12273
11245
11290
12339
12190
11251
12290
11268
12292
13302
12297
13332
11246
11258
12301
13327
10206
11212
11223
11245
12213
13256
10221
10243
11284
11213
12225
13258
9189
10228
8190
9211
9241
9264
10290
11283
10241
10241
10273
11291
10226
11227
11281
11205
10232
11252
11239
12245
10196
11218
12265
11251
10264
10266
11273
12295
10226
11272
9189
10213
11262
12299
12253
12269
10248
11262
12259
13268
9153
10201
11211
12222
10243
11275
12218
12354
11240
12284
10167
9253
10300
11344
12291
12245
12269
13278
11265
12218
9160
10164
10195
10212
9207
10248
10198
11220
11227
10204
10160
11202
10213
11250
11269
11222
12252
13259
10223
11256
10204
11231
11222
10261
10223
11237
12267
10181
11231
12272
10204
11240
12288
11320
12361
11277
8200
9232
10244
10215
9175
10186
10222
11251
10210
11167
12204
11240
11260
12283
11233
12246
9243
7152
8179
9190
10225
11263
12233
13278
10163
11191
11265
11218
12191
11240
11242
12247
10265
11286
8151
9176
10207
11232
12277
10228
11248
12266
13293
12288
11254
10203
11248
12278
11234
12254
13284
9219
10229
10295
10185
11201
12216
12247
13263
12246
11275
12314
12293
11210
10271
10185
11203
12206
10271
11294
12309
13321
10257
11291
10188
11222
11247
12291
12299
12282
12234
12287
12209
13227
11242
11264
12270
12245
12299
13294
11293
12303
12243
13254
12298
11284
10190
11214
11274
11229
11264
12287
10273
11304
8229
