1000
483 734
377 483
377 934
53 377
176 934
176 767
252 767
377 735
483 917
483 563
192 252
500 917
376 563
500 937
244 563
192 912
176 823
1 192
415 912
111 500
250 735
111 725
563 893
1 199
439 734
817 937
752 893
488 725
428 912
327 817
78 500
78 620
934 966
681 917
500 795
149 966
192 650
192 285
767 924
590 620
428 999
428 517
183 795
252 360
113 176
814 893
174 823
349 734
285 774
377 633
159 174
517 757
53 85
1 29
53 231
374 924
598 817
199 682
127 159
159 957
183 284
85 845
643 966
29 903
374 862
600 845
113 694
735 911
376 607
29 309
159 671
327 994
231 468
712 957
85 195
192 915
339 468
94 176
415 780
252 789
403 966
814 986
650 674
199 430
94 269
199 301
581 767
41 633
908 934
5 428
559 752
607 722
253 598
177 607
671 721
581 804
311 908
563 619
199 956
908 990
465 734
244 919
231 449
139 284
363 845
94 499
346 376
107 712
169 757
253 637
92 311
139 745
437 633
675 911
366 559
252 751
147 563
912 983
804 926
468 849
675 728
107 806
30 966
430 882
565 817
542 745
130 774
878 882
757 865
233 722
349 772
29 837
379 823
53 188
577 849
72 449
681 813
285 693
378 878
42 924
218 919
178 849
378 724
806 968
107 906
598 953
37 724
671 863
171 403
795 852
78 515
190 724
332 725
350 903
251 735
497 934
346 578
25 483
207 681
200 363
188 771
722 995
149 897
631 983
2 590
94 653
349 606
85 405
92 122
501 757
956 970
376 485
231 372
861 882
299 897
250 617
612 694
36 169
195 348
548 735
370 565
478 542
107 168
66 465
176 591
301 832
878 964
185 374
165 370
853 917
731 832
468 507
439 584
712 933
163 244
797 903
394 694
402 919
237 999
581 741
72 574
301 952
19 813
596 633
251 341
430 641
723 734
282 752
152 650
400 578
89 724
693 748
811 897
363 777
499 873
5 552
79 285
250 875
499 984
51 584
430 702
461 499
253 695
595 956
459 653
559 623
250 753
78 506
585 983
617 876
634 774
52 195
465 794
54 372
37 857
163 530
250 716
561 795
17 857
94 142
195 358
147 155
42 820
144 165
393 876
557 712
596 655
745 981
538 994
484 934
755 817
262 861
445 981
266 671
174 629
752 812
682 802
497 910
127 665
400 733
13 430
719 876
273 789
772 839
111 447
189 694
674 800
350 395
21 811
824 863
528 557
122 571
57 968
584 807
253 726
349 884
839 939
741 944
2 961
188 520
373 671
19 785
340 857
33 728
430 658
366 464
406 620
258 374
190 365
748 764
174 688
231 503
51 900
497 778
19 930
480 557
182 983
393 967
10 52
684 910
617 750
438 731
291 990
248 675
16 956
440 643
16 62
258 280
458 820
25 87
561 786
149 685
159 879
465 927
459 913
52 974
34 913
255 731
299 472
529 725
190 686
93 906
286 926
506 539
19 958
490 986
111 288
256 327
356 813
55 620
337 984
193 884
234 552
85 162
230 620
124 917
344 675
161 552
857 977
54 213
111 549
878 907
144 564
623 963
462 933
182 460
322 958
44 845
116 356
545 752
242 437
563 880
906 951
422 734
485 625
13 136
300 462
72 602
645 771
197 286
62 729
364 674
309 448
527 645
161 826
316 807
153 771
435 448
489 729
421 919
341 703
15 958
197 479
383 650
288 454
61 797
30 389
188 847
752 768
294 956
136 141
372 605
680 974
759 857
35 193
151 291
53 117
325 794
453 675
257 915
294 707
112 602
112 457
693 779
463 999
56 563
204 459
440 902
447 587
32 795
359 462
727 750
649 873
344 663
303 707
72 505
729 815
484 834
765 919
301 799
187 262
234 717
659 820
200 504
647 967
382 591
34 803
251 791
349 808
112 351
38 823
240 346
230 268
79 175
120 149
204 467
220 741
297 376
284 901
323 902
423 999
681 871
680 856
144 317
151 776
397 723
15 121
550 606
247 757
74 437
544 680
881 913
178 920
104 591
154 759
177 512
881 989
59 598
601 806
721 841
13 744
189 209
354 464
111 522
516 653
58 820
14 994
256 264
413 617
77 195
334 587
575 728
160 285
49 633
197 315
106 600
569 605
325 714
484 541
59 115
123 933
488 705
68 447
342 393
35 271
213 979
58 747
282 433
403 610
373 788
857 886
10 166
291 943
235 880
317 556
542 858
280 916
665 948
282 991
47 552
443 680
491 837
731 835
244 946
44 401
137 356
27 457
819 861
620 740
228 856
322 949
259 316
274 538
635 863
285 855
376 608
98 747
271 526
149 870
49 275
722 887
409 747
306 327
574 622
75 857
851 882
461 706
485 654
576 707
317 639
214 311
24 875
38 119
74 782
252 1000
72 687
656 837
302 596
351 551
414 865
364 519
101 237
3 747
184 764
839 874
349 523
773 849
369 488
241 811
495 565
570 815
9 659
9 215
470 507
317 962
572 575
481 650
794 868
686 762
8 984
59 660
329 479
101 399
319 903
116 925
4 961
713 900
327 432
673 953
342 697
23 79
451 779
97 714
295 893
518 665
627 794
367 518
248 932
146 717
468 494
812 864
711 951
114 631
123 125
237 630
594 619
690 852
115 263
161 905
53 201
306 743
181 886
77 842
30 70
558 957
78 352
59 429
133 472
403 770
403 514
160 931
223 467
324 341
390 693
23 26
478 775
437 730
757 828
615 776
498 966
426 939
524 871
457 973
80 878
342 353
101 664
114 156
35 701
873 914
726 959
264 739
93 632
114 749
65 242
792 897
560 795
335 585
207 582
527 938
315 540
670 893
607 822
298 468
328 849
452 515
499 809
576 790
293 913
318 856
620 971
689 876
212 291
172 518
191 294
134 882
562 939
348 651
97 217
155 441
60 759
163 885
228 336
423 616
352 391
565 998
323 417
12 447
508 785
361 675
135 233
125 371
402 718
571 982
506 825
300 692
63 724
158 402
6 263
223 935
350 922
575 895
28 217
259 667
416 538
436 545
276 714
122 599
11 617
31 879
75 597
437 446
138 682
168 810
118 723
940 968
142 816
649 909
309 833
191 798
670 677
136 942
169 418
262 992
410 673
355 364
108 765
98 652
40 944
614 916
199 513
729 978
294 960
257 636
400 904
237 787
246 734
525 790
732 908
264 398
73 649
297 624
308 415
573 908
209 638
428 442
83 403
21 292
18 800
592 616
333 973
713 918
236 520
579 788
554 780
550 691
500 860
269 854
227 734
93 678
396 759
116 888
781 977
180 902
268 384
588 739
210 317
34 872
399 969
760 992
632 666
14 450
424 983
610 896
166 404
144 420
296 907
36 477
95 234
348 628
84 504
724 843
382 894
303 380
65 475
67 833
267 977
255 469
74 412
690 892
796 944
166 708
167 576
837 976
53 331
75 850
128 154
305 962
22 931
313 882
859 912
567 602
392 926
947 998
618 716
34 827
720 951
568 615
658 921
216 947
96 144
99 396
320 949
36 531
43 331
537 568
78 408
98 221
92 736
211 658
54 769
76 133
57 867
705 891
218 784
881 955
40 898
658 754
87 972
39 659
234 547
505 758
210 425
126 576
109 526
335 683
573 586
560 589
613 722
179 732
102 106
142 202
272 924
172 883
110 255
455 528
642 687
226 713
375 516
96 486
367 661
521 706
145 594
176 260
283 570
249 339
55 261
468 890
67 830
2 186
340 509
101 456
131 713
285 980
170 221
104 239
206 703
648 989
907 923
407 422
521 566
81 460
312 807
304 740
917 945
431 513
229 751
184 609
270 915
452 553
67 662
763 901
622 793
278 847
466 752
129 960
403 761
285 756
265 991
621 726
320 474
91 312
546 722
603 781
427 459
567 738
191 836
88 843
206 993
376 699
105 633
196 907
254 286
783 957
476 947
37 869
86 850
290 940
216 487
48 486
108 357
223 281
209 877
299 611
291 941
555 732
105 866
362 902
257 672
245 476
194 254
343 892
287 792
330 523
387 797
90 786
179 289
519 644
123 157
328 502
198 282
100 625
281 676
132 166
819 954
511 1000
243 703
679 982
229 419
69 992
11 482
676 848
444 547
232 647
356 536
654 985
359 593
224 309
310 693
213 829
641 844
187 222
15 20
470 997
148 475
3 626
270 640
143 977
442 805
158 532
562 742
399 965
334 996
46 964
520 700
358 818
492 808
337 534
181 225
171 583
298 657
406 669
901 975
58 840
180 899
764 766
7 916
185 496
523 535
484 696
948 950
103 816
205 729
250 737
411 603
177 928
137 277
487 831
220 385
715 952
293 821
589 987
386 752
321 948
279 733
64 233
71 872
947 988
347 826
287 368
72 580
685 889
307 574
447 533
45 984
50 644
704 886
82 940
646 984
493 921
188 668
473 553
358 434
62 710
326 650
709 765
140 721
436 929
510 980
173 720
698 988
828 838
150 496
164 684
47 801
345 702
11 604
456 471
321 338
219 985
935 936
67 203
21 746
5 208
646 846
278 543
326 388
381 646
238 823
314 618
