1000
278 449
267 449
193 449
278 702
193 329
271 702
271 384
267 764
92 702
132 271
278 322
212 384
132 481
384 556
540 556
267 377
377 697
449 763
517 697
329 482
540 893
106 193
86 517
37 702
37 756
86 641
86 792
267 830
191 377
322 648
426 540
30 193
556 787
221 384
377 533
792 967
334 756
508 556
708 787
222 830
240 482
60 92
235 641
130 708
92 772
267 316
226 482
457 540
195 226
377 871
267 423
235 256
86 774
232 763
92 479
316 966
482 720
322 802
508 582
195 624
267 394
648 901
582 784
236 278
37 206
447 556
271 346
423 507
426 916
316 504
394 844
489 504
188 222
599 830
130 656
195 894
98 844
331 901
406 901
221 225
334 686
774 843
235 621
195 993
222 846
377 654
3 221
474 641
45 802
160 517
49 329
239 507
98 251
250 517
86 560
394 869
256 923
30 64
92 926
98 432
518 843
49 875
30 695
49 921
226 592
100 423
322 842
45 847
686 710
225 706
17 191
668 842
262 278
222 803
796 921
327 871
432 911
774 851
17 512
764 825
193 325
138 235
92 622
262 519
708 797
375 967
774 865
17 856
97 517
540 761
299 457
254 825
39 188
827 846
432 866
331 350
100 149
106 133
474 651
240 248
429 763
331 634
871 990
406 961
583 871
256 410
951 993
499 990
754 772
256 937
433 651
543 583
100 741
375 735
394 954
184 792
26 764
474 531
641 688
686 776
126 624
220 449
954 994
720 972
560 840
329 873
290 993
299 925
186 869
404 923
184 643
442 599
191 274
149 451
144 394
504 658
319 331
239 436
397 643
240 799
300 706
143 300
621 835
299 822
215 911
3 470
37 141
274 883
378 668
535 708
26 984
318 592
686 726
39 380
248 352
69 193
360 634
761 965
420 423
470 718
90 994
25 508
712 843
87 193
228 822
66 802
284 432
517 615
399 741
212 296
384 667
318 477
784 969
145 212
464 994
464 670
701 916
352 367
97 679
399 996
519 538
535 680
276 504
210 937
299 561
211 377
23 624
76 967
285 680
5 830
36 39
350 536
519 564
334 882
348 741
25 537
524 926
482 513
686 746
315 560
193 555
427 840
512 542
142 869
285 738
141 736
348 625
113 236
39 153
459 984
14 499
432 612
106 902
375 684
663 761
225 959
421 564
561 927
757 803
531 943
129 331
86 190
159 160
920 951
30 194
852 996
318 642
28 871
508 649
410 415
762 954
262 417
20 222
672 802
294 844
405 542
254 692
687 846
498 842
408 524
148 149
71 159
209 299
457 988
66 786
81 706
172 943
130 557
120 248
558 641
695 889
428 679
354 774
145 963
141 578
785 966
692 890
367 638
619 797
235 580
53 513
286 873
824 954
76 260
364 993
98 281
191 566
86 89
66 933
140 692
498 574
334 753
921 964
378 620
910 993
621 833
44 984
138 739
799 810
564 877
50 470
323 538
190 356
480 738
508 955
221 936
69 605
346 444
88 364
65 797
561 721
519 563
126 981
566 591
71 335
79 591
234 726
939 990
601 754
17 849
589 772
373 423
245 524
205 470
120 460
274 820
87 999
142 438
405 854
604 625
125 764
32 536
668 929
2 477
410 411
373 915
780 844
676 803
159 773
557 690
475 840
39 867
260 627
377 821
516 773
79 292
403 866
325 678
356 775
417 614
972 1000
851 868
566 858
173 380
441 840
493 686
323 466
845 873
268 604
394 414
407 433
94 507
404 919
403 565
840 892
266 999
306 397
685 844
301 824
605 729
8 670
749 792
168 517
304 844
310 951
569 840
169 364
418 965
306 492
227 436
508 532
551 865
533 806
96 668
625 958
352 647
3 357
768 772
175 619
493 618
304 769
25 832
283 972
209 976
296 816
335 977
153 337
377 897
13 106
164 702
95 763
299 340
259 969
604 974
155 643
405 918
445 786
548 592
389 445
248 934
620 758
137 605
71 134
540 585
490 726
66 313
9 464
627 798
100 698
202 667
154 776
23 730
480 909
437 712
295 892
118 394
240 593
25 257
341 720
144 456
443 445
25 983
522 676
492 703
212 804
133 379
186 938
175 626
314 589
661 726
98 732
819 939
40 470
30 766
57 267
205 826
620 801
141 321
414 975
230 959
402 938
384 935
294 562
93 442
323 837
240 930
257 496
167 624
148 439
80 566
83 806
434 849
685 747
70 415
625 914
274 783
44 598
152 647
532 597
47 668
9 960
203 517
357 425
56 889
71 940
494 825
897 906
76 238
139 474
383 877
382 939
368 775
269 300
331 744
148 932
267 505
719 747
372 651
750 824
389 608
459 577
48 939
679 829
328 803
26 146
72 938
935 948
441 636
216 672
426 529
261 865
223 580
315 487
638 931
67 327
154 435
513 956
219 498
399 836
206 986
709 865
514 651
489 815
46 482
40 823
573 712
882 944
691 889
109 268
244 519
447 771
779 829
421 898
17 525
306 584
21 259
203 424
544 883
819 962
299 398
71 270
137 900
50 848
152 887
339 513
539 589
139 208
466 903
464 659
545 901
743 844
104 152
228 855
138 646
224 620
52 994
581 773
575 972
50 161
709 817
105 612
514 922
215 809
63 482
253 519
4 551
626 664
24 205
8 510
72 588
75 743
50 182
416 504
753 912
461 934
807 903
233 918
99 999
45 904
132 639
2 196
394 905
163 259
614 655
760 959
734 912
349 779
1 743
528 761
464 586
520 902
279 487
197 959
501 912
518 590
841 910
107 466
336 578
5 18
559 667
12 990
498 745
212 811
85 560
117 909
44 617
508 891
502 690
229 531
9 174
700 762
284 488
243 854
211 288
274 674
221 293
247 847
683 975
347 783
742 919
401 797
385 708
10 240
212 781
101 856
337 669
305 826
478 977
163 534
218 383
588 795
42 194
260 452
375 681
385 391
37 527
586 908
191 570
573 682
297 490
52 713
603 779
376 425
249 749
303 956
116 399
2 31
179 290
249 995
556 607
161 881
628 763
174 550
54 983
521 582
557 863
422 712
155 509
298 674
175 705
225 472
199 592
398 711
98 166
544 673
866 968
230 838
576 811
777 984
484 539
710 834
790 921
168 546
152 942
3 723
814 968
405 486
388 695
90 971
152 287
345 626
24 800
361 906
278 707
395 903
58 154
853 964
422 878
217 927
302 984
449 523
326 673
147 253
16 753
298 657
67 332
89 491
396 517
204 766
734 980
161 355
546 623
516 989
446 501
705 740
770 804
153 198
675 678
257 358
602 692
541 958
277 514
258 996
338 622
591 650
68 464
640 702
29 815
341 511
418 759
73 496
311 681
639 917
122 726
224 885
50 450
357 941
267 431
47 987
106 879
55 710
177 754
448 474
579 942
253 471
569 694
210 886
631 757
171 790
150 854
362 436
213 943
108 854
200 326
476 622
284 351
708 722
365 531
33 80
73 308
781 913
97 717
553 675
374 439
11 951
178 577
480 714
323 895
154 413
679 880
59 334
149 458
750 755
370 759
282 396
946 981
270 662
131 332
587 736
552 593
497 533
8 353
630 726
231 385
289 487
60 857
19 585
183 840
263 617
414 716
597 979
274 818
430 667
327 483
84 212
34 293
304 727
755 876
731 823
245 594
7 775
187 524
616 710
80 111
65 242
3 6
649 992
115 678
78 590
201 204
33 957
223 778
237 713
156 543
665 702
136 262
199 808
366 680
386 636
194 945
856 899
748 956
74 804
468 588
110 172
38 461
860 961
600 899
460 495
165 591
864 951
413 629
412 605
405 652
5 469
768 978
99 660
185 464
952 962
463 604
246 619
654 896
611 843
633 829
207 629
21 112
180 406
367 752
344 700
351 515
464 874
51 245
547 902
534 568
158 876
103 432
613 954
241 512
602 728
479 831
151 965
121 551
114 228
722 793
235 947
24 324
189 930
387 568
652 828
359 913
3 571
236 982
89 192
92 595
8 526
564 862
473 779
567 754
15 220
407 666
43 736
170 302
351 767
356 455
606 623
291 514
392 918
214 678
68 264
583 812
91 756
307 876
166 333
317 331
7 162
137 419
220 465
162 506
272 711
432 928
215 765
127 972
295 610
819 973
61 416
279 970
782 891
540 872
454 899
568 805
943 997
38 725
611 689
100 671
487 794
77 692
472 635
119 534
845 953
637 941
35 80
135 504
275 289
82 657
248 644
549 951
62 738
641 645
465 503
559 733
724 903
342 553
123 939
415 485
102 759
381 681
395 839
551 859
83 632
314 788
850 855
41 491
281 369
157 436
846 888
158 312
119 393
343 885
480 737
128 509
476 693
137 273
508 715
446 462
453 472
265 769
86 950
27 519
699 860
309 905
704 869
500 564
256 400
176 810
22 688
167 252
697 907
400 998
550 884
55 371
103 985
234 813
172 409
377 861
609 719
430 991
696 988
637 791
215 554
298 530
534 949
181 532
440 555
609 870
124 175
60 320
255 538
153 280
195 390
201 467
168 596
172 677
330 616
325 924
174 653
572 845
363 594
477 751
278 789
