1000
224 950
197 1000
28 613
133 760
647 836
556 615
470 688
2 60
8 817
317 324
669 957
613 890
817 935
675 994
145 534
6 909
29 533
625 754
81 742
310 766
115 198
573 764
243 815
329 441
161 644
333 536
908 951
404 479
287 548
541 865
420 958
760 925
61 156
620 789
83 86
63 218
708 844
402 476
242 489
86 755
668 810
64 887
186 852
79 345
167 218
167 262
128 382
178 396
318 336
80 667
500 529
47 374
109 580
862 927
189 413
430 791
228 514
333 889
192 852
495 784
65 732
374 392
61 896
50 809
324 911
227 696
179 751
113 434
644 934
257 620
30 880
566 1000
552 621
484 959
325 690
427 952
37 654
703 961
98 408
523 611
91 779
101 558
812 986
518 575
34 464
110 598
686 724
27 795
262 906
88 706
944 981
12 961
340 608
794 980
303 874
670 928
476 549
274 487
865 943
440 555
206 461
167 923
436 647
581 810
217 1000
145 255
246 323
337 386
190 623
896 934
227 852
559 770
220 848
712 863
358 501
923 983
42 733
329 592
507 942
156 373
320 437
71 137
930 986
34 560
781 950
607 910
202 464
14 736
241 522
816 950
48 311
24 675
65 700
428 633
140 604
370 846
377 985
120 674
96 769
591 727
528 875
583 623
845 879
143 594
95 535
48 511
300 427
168 623
106 140
166 975
293 723
588 997
446 959
409 627
3 907
412 826
471 893
267 804
498 611
198 998
588 671
576 858
524 651
34 580
74 170
279 557
431 735
37 942
288 950
408 854
362 962
151 728
587 886
49 260
291 464
506 850
748 922
800 915
260 967
49 915
677 784
806 910
112 303
436 524
610 850
211 624
34 132
15 651
29 673
227 825
36 57
305 661
571 845
404 705
203 234
77 230
114 461
240 415
7 385
102 445
205 696
100 430
228 909
386 772
410 924
55 104
367 605
875 904
126 670
258 570
152 233
178 385
230 862
741 829
303 833
647 933
260 618
149 962
236 569
408 468
279 547
198 579
646 927
526 669
915 935
521 911
843 927
25 264
348 866
117 403
13 871
596 720
652 974
701 744
429 894
599 839
11 380
17 856
666 886
677 790
153 798
703 780
275 461
200 459
72 570
474 535
33 59
333 544
117 525
359 808
283 814
113 568
647 699
120 819
77 270
497 737
313 314
61 624
64 306
245 916
777 876
61 287
259 723
215 637
145 407
743 986
132 684
102 851
82 621
238 919
8 410
88 565
683 873
30 987
411 485
341 686
208 287
136 798
413 895
142 426
336 403
241 853
388 584
237 832
107 920
215 394
346 744
404 429
472 664
347 518
283 449
299 575
243 926
644 711
585 883
243 589
662 926
330 796
444 690
835 850
478 661
25 687
472 502
651 759
247 652
73 761
697 780
105 363
795 960
92 824
18 576
366 780
402 813
201 815
108 804
11 822
675 822
152 378
404 819
811 951
149 403
185 529
878 981
338 518
104 968
355 431
306 505
71 244
384 988
683 842
10 777
220 619
347 593
677 826
751 989
25 678
358 662
324 833
886 903
41 941
121 290
402 457
603 673
122 329
181 338
635 696
337 389
139 509
625 698
79 851
42 995
166 209
804 882
179 385
679 824
323 622
242 617
313 586
364 624
225 268
550 594
479 841
176 362
1 251
521 881
420 590
178 477
72 855
23 258
2 3
476 875
599 866
385 497
317 926
348 543
225 869
409 765
677 945
329 570
8 777
151 819
137 626
230 703
893 911
49 225
559 920
142 322
72 740
510 633
324 327
626 978
331 766
218 830
498 825
454 597
158 738
234 295
94 497
36 146
139 356
48 821
430 595
65 503
380 667
416 670
544 829
218 475
573 673
360 466
796 938
467 643
630 645
226 909
131 691
615 984
832 892
406 440
351 780
450 945
317 641
59 183
6 408
638 945
302 912
3 597
75 193
529 730
502 951
424 674
513 695
65 250
482 716
617 686
104 566
800 867
92 669
595 868
155 887
584 662
274 970
651 681
247 530
149 407
700 825
284 860
77 313
240 969
139 296
227 461
76 389
856 947
219 675
89 514
621 964
263 479
767 784
42 230
142 492
542 713
367 802
605 919
775 923
409 937
556 843
180 313
605 625
584 949
332 499
137 844
660 782
107 577
32 358
793 809
415 716
367 731
693 723
110 570
466 993
6 36
691 982
515 644
283 421
389 762
152 249
7 601
87 748
790 895
660 776
43 413
270 567
152 700
90 989
600 779
954 981
480 868
566 790
286 582
175 429
120 760
589 609
309 784
667 752
225 797
259 941
575 834
363 948
643 996
380 832
294 529
340 405
110 239
278 860
172 705
796 970
328 472
549 932
140 694
241 438
498 690
521 774
714 974
648 980
54 888
704 888
485 554
491 769
449 817
561 888
354 377
371 691
307 961
510 641
682 883
36 859
16 860
71 357
118 660
458 602
350 362
527 769
486 871
242 849
190 641
550 599
838 988
578 705
37 564
606 744
751 863
226 907
132 160
124 962
282 883
166 452
556 587
64 316
322 588
254 365
273 713
97 504
150 178
576 818
513 659
620 932
663 761
338 562
259 603
379 798
520 856
37 689
713 911
93 560
123 535
614 738
326 837
26 339
333 801
82 140
833 959
483 779
809 929
524 928
538 867
549 646
723 898
710 786
427 666
808 946
236 895
369 761
119 999
391 867
508 951
753 928
902 999
436 761
451 621
339 872
597 840
871 921
198 243
642 995
422 504
765 856
403 977
449 768
190 916
107 481
321 597
680 796
632 729
182 733
232 558
715 941
301 916
66 72
377 984
316 726
79 184
365 453
718 808
179 203
696 991
229 383
306 955
29 154
844 918
513 965
845 990
294 865
261 374
633 739
817 851
200 963
2 828
639 829
82 499
14 210
347 722
336 725
271 389
42 645
393 989
200 805
67 733
102 512
82 580
259 691
14 38
302 700
51 121
829 976
580 862
344 661
193 672
447 868
370 942
215 652
287 353
560 657
117 253
419 777
347 721
455 690
407 980
465 995
88 827
207 266
377 717
203 374
334 582
656 688
113 222
128 803
279 617
4 928
763 824
124 734
151 163
343 410
910 932
707 716
214 479
132 745
340 510
903 999
262 917
240 749
437 786
641 652
646 790
320 862
207 439
84 863
241 327
532 893
14 970
563 893
166 984
164 786
157 623
203 339
194 573
860 866
7 9
519 1000
469 713
643 992
248 686
545 575
113 800
193 490
437 660
423 645
430 448
646 825
29 187
125 919
625 640
415 886
322 819
46 594
40 645
633 634
587 599
348 861
358 628
5 974
546 768
169 171
703 883
52 156
420 517
229 666
70 553
363 971
582 756
193 962
129 742
285 504
320 920
316 612
319 733
85 283
23 524
204 826
375 521
518 549
135 499
372 632
323 864
476 769
443 507
727 785
440 903
386 631
68 977
92 907
159 553
399 410
327 602
62 742
669 899
418 941
386 395
269 274
1 144
544 728
496 674
111 624
595 742
338 891
215 901
306 401
6 504
337 596
514 747
493 594
103 507
799 945
792 867
128 288
771 868
768 953
615 970
162 977
387 497
611 650
49 582
688 903
588 655
167 603
270 298
170 435
494 923
539 589
199 977
449 766
117 807
58 919
589 897
11 23
502 728
25 839
653 961
1 544
765 907
617 728
156 847
7 276
559 757
86 352
109 779
326 783
323 822
280 596
69 863
78 705
71 574
220 851
145 463
402 488
171 765
751 798
436 804
674 788
121 636
758 916
361 558
258 605
171 857
367 685
667 778
226 896
270 398
833 871
349 910
472 702
31 499
120 207
139 934
274 456
191 560
432 632
104 750
466 831
510 810
48 294
662 986
425 760
397 626
195 236
165 340
229 281
303 376
498 683
297 815
738 966
795 934
109 576
626 820
616 753
368 514
170 231
86 322
339 649
88 673
587 603
148 620
99 260
234 265
550 988
460 959
865 870
288 466
380 809
316 936
177 824
277 670
134 810
8 513
931 988
304 336
415 661
121 920
473 553
342 727
844 939
327 808
658 887
59 437
786 914
188 485
315 768
632 984
433 596
326 972
128 252
20 431
852 877
92 981
141 989
429 462
2 417
537 753
216 716
19 370
312 832
190 558
213 683
535 895
440 746
77 365
228 613
35 688
665 795
147 236
30 56
400 584
53 850
553 835
235 302
507 885
124 414
845 866
229 272
766 823
39 220
302 390
420 666
21 875
124 629
348 692
256 753
485 835
279 516
79 540
502 643
174 573
149 935
335 427
839 888
773 999
926 942
337 915
409 719
59 973
289 602
551 559
247 905
137 258
109 170
566 748
127 262
212 980
163 935
288 896
317 927
884 995
151 179
464 676
23 556
173 365
242 709
196 815
431 839
363 800
107 900
413 531
44 207
130 362
171 572
116 613
163 843
110 292
11 835
407 738
550 727
240 940
308 748
595 615
247 979
200 932
64 909
3 30
138 826
744 822
442 974
22 142
294 320
228 326
1 381
163 226
611 913
370 787
45 602
221 234
102 956
223 887
