999
267 668
388 633
175 743
98 622
125 660
409 839
235 936
316 617
862 901
732 878
409 817
59 760
574 947
374 620
88 838
97 901
243 946
73 160
95 803
50 109
198 303
479 635
163 737
266 821
124 529
919 957
176 289
264 388
148 906
454 713
719 843
291 434
151 254
951 952
835 849
146 931
686 967
469 571
113 738
429 499
199 627
242 278
373 822
381 857
37 974
390 970
388 649
280 283
160 916
288 305
742 950
224 859
230 843
129 334
616 990
323 966
70 355
290 313
598 864
739 767
366 924
595 948
4 889
413 503
159 526
95 109
137 283
421 748
586 973
183 504
304 852
75 468
345 742
76 109
252 457
328 637
506 752
803 811
379 746
393 725
294 414
80 470
29 501
69 784
227 378
50 426
179 826
230 953
667 719
952 964
671 929
68 893
768 775
129 473
496 778
267 817
418 446
151 738
581 701
346 477
597 895
41 742
359 588
488 906
283 890
173 437
231 357
648 981
81 85
201 276
39 887
404 411
383 979
130 298
151 823
58 927
628 672
70 903
732 888
276 823
620 902
281 554
83 989
307 313
425 893
68 790
432 885
808 813
196 704
361 946
196 537
612 854
658 670
98 215
203 432
177 984
134 904
527 867
223 919
39 334
248 673
838 940
119 743
112 950
563 853
578 973
80 459
36 277
821 941
140 232
253 473
123 948
629 771
331 683
467 762
345 346
215 715
552 631
518 851
38 926
436 952
238 530
148 664
413 471
557 987
104 816
755 995
242 421
173 554
150 833
430 662
492 792
163 606
518 961
837 943
691 710
423 572
317 629
53 930
84 342
136 841
482 852
153 680
484 612
322 927
31 497
489 760
797 849
729 807
134 512
544 927
41 181
236 574
435 732
76 740
217 522
356 732
820 836
31 409
315 498
187 899
193 257
86 940
65 625
223 822
886 896
620 924
95 733
192 297
90 817
250 324
282 430
136 814
414 793
131 573
497 502
125 487
10 168
153 271
134 937
572 766
524 743
39 631
542 989
126 738
524 649
121 756
712 891
404 812
145 954
542 736
271 329
264 958
212 557
329 336
99 178
40 887
706 970
285 510
4 538
145 517
73 804
49 840
241 469
328 786
31 153
284 393
554 948
479 805
223 696
191 654
131 331
191 370
296 898
700 756
99 225
7 751
79 418
36 311
366 836
281 909
678 751
753 798
621 942
5 102
604 794
699 987
164 463
501 939
201 594
445 503
521 638
80 180
405 999
297 443
864 894
446 630
254 466
804 940
103 750
6 867
703 756
503 513
812 903
20 976
391 985
142 573
455 886
86 547
190 332
737 853
136 935
609 999
698 745
187 644
109 995
279 421
252 883
256 381
494 821
250 940
564 614
265 499
785 988
546 673
157 331
232 320
517 649
35 608
191 384
418 730
869 949
702 816
820 998
349 845
963 992
639 669
221 635
115 588
689 696
325 761
105 370
564 977
681 869
105 248
278 774
545 714
326 456
629 983
381 704
168 271
141 747
220 731
499 640
250 934
99 758
477 520
661 672
140 698
370 508
367 910
125 544
73 81
44 441
634 895
458 852
773 815
230 569
198 727
71 442
756 878
208 850
631 872
57 871
216 448
118 754
810 907
376 450
548 954
507 576
90 560
306 988
251 283
169 790
395 532
612 968
173 892
765 985
161 869
259 604
233 445
218 997
698 782
102 491
846 850
378 830
19 943
15 129
48 381
354 393
101 655
526 764
690 910
967 989
242 409
285 742
416 926
643 991
70 825
371 414
154 378
57 270
296 715
564 903
626 832
96 622
383 688
1 196
65 682
230 914
428 899
212 584
404 753
543 780
523 859
518 903
585 695
178 672
450 713
276 974
221 646
260 918
286 477
811 932
432 453
177 585
502 824
441 625
890 930
847 849
57 978
469 951
513 904
434 651
396 488
380 428
70 844
506 744
784 906
245 296
105 502
115 932
518 783
383 652
332 450
129 532
75 190
17 948
344 428
76 675
298 339
50 787
152 970
57 115
667 858
71 793
327 677
232 274
567 750
285 580
337 441
714 996
328 809
412 576
143 479
807 941
20 272
141 651
140 760
734 928
534 833
633 874
582 966
13 610
543 591
588 592
153 786
216 862
365 491
554 901
257 725
74 78
102 488
944 984
575 984
714 789
52 139
813 980
21 984
120 812
669 989
149 862
408 573
543 641
792 899
50 122
643 835
211 835
271 739
329 555
235 733
541 704
254 795
134 462
415 915
645 751
480 761
541 721
821 905
497 517
292 659
215 793
76 155
376 632
386 750
530 716
101 649
550 929
81 618
84 219
582 833
56 986
36 971
24 218
643 899
180 824
187 364
483 927
190 929
228 273
350 564
98 915
146 219
111 532
62 285
84 268
449 840
536 749
332 502
199 258
83 140
125 866
92 633
247 691
176 248
219 345
313 924
582 812
719 991
353 411
439 493
66 784
465 630
521 839
691 951
505 532
189 434
491 972
811 930
4 817
556 816
501 924
596 832
490 508
23 248
394 622
573 579
36 667
148 427
528 873
312 541
456 461
9 281
676 853
244 751
946 969
445 911
495 988
352 528
382 581
185 925
562 574
559 926
41 204
160 945
335 691
419 915
171 508
199 318
114 887
477 884
211 920
493 827
981 993
298 450
138 473
316 446
23 362
697 999
622 800
562 932
264 403
165 790
357 604
521 653
120 513
557 824
68 761
891 930
562 910
107 183
262 705
420 445
242 970
843 864
804 951
397 864
566 778
216 481
178 366
246 376
982 987
237 973
94 943
596 992
249 790
360 460
45 820
183 657
298 348
430 921
393 475
338 753
463 891
345 396
720 773
168 975
43 893
576 839
31 366
64 441
174 526
400 698
310 631
801 995
252 485
346 714
141 240
469 540
410 985
330 479
655 861
51 733
670 715
83 752
212 781
80 994
811 823
269 327
16 146
327 524
42 987
5 478
314 822
14 434
759 820
377 840
713 881
768 922
172 221
799 838
693 813
581 650
497 754
651 823
179 385
198 722
752 810
536 704
309 585
97 925
170 493
543 733
297 912
288 741
98 218
54 918
151 768
252 725
601 966
108 376
163 802
296 791
886 904
173 549
67 673
530 656
97 629
836 943
89 506
231 737
491 726
23 709
278 913
187 214
156 620
383 843
180 182
273 878
93 146
287 992
56 357
678 926
180 973
378 582
145 223
5 464
124 711
47 51
273 965
568 859
264 451
581 836
198 667
810 819
86 955
182 570
414 624
3 875
71 162
642 784
734 956
239 705
207 610
110 273
147 476
372 574
572 862
565 915
218 865
316 870
2 542
25 74
329 602
607 739
124 197
52 737
41 295
735 942
199 219
521 856
53 213
232 960
680 869
131 288
68 536
194 893
500 588
117 761
177 932
75 127
87 418
226 858
163 779
728 919
33 267
724 792
149 879
61 853
211 535
23 539
422 428
392 995
596 643
528 562
334 544
167 411
211 962
147 674
257 275
53 186
396 901
51 882
234 990
680 773
12 630
235 877
191 321
447 950
217 757
328 406
238 824
553 950
670 818
72 807
717 845
26 669
102 432
793 852
8 762
404 526
446 719
15 619
513 635
83 749
231 991
411 897
332 662
131 145
27 182
615 974
60 696
516 919
438 858
456 954
750 835
30 670
132 731
46 849
250 770
196 848
238 859
195 762
56 200
506 679
524 850
35 647
128 541
832 842
28 792
596 778
141 514
65 389
118 396
460 831
4 369
548 589
22 832
754 803
659 788
135 925
118 749
665 910
202 216
263 316
680 813
238 297
118 991
65 474
77 585
363 696
73 659
106 822
257 623
315 666
402 838
561 743
511 773
177 867
97 985
147 625
56 687
3 503
261 508
515 850
179 593
188 845
166 267
463 829
35 115
120 803
229 235
39 918
398 548
315 431
276 895
387 734
315 752
868 886
51 772
399 753
100 147
293 918
136 662
182 255
413 777
149 351
630 723
718 974
611 738
300 713
201 834
346 731
509 655
168 531
633 636
288 525
178 379
35 577
460 551
941 999
662 762
74 533
933 967
327 587
536 725
600 990
576 776
20 407
705 763
440 768
417 548
610 839
158 278
148 663
75 694
86 692
858 959
542 908
341 895
281 613
201 605
786 816
544 988
401 731
90 144
52 472
63 430
340 952
190 499
517 804
179 891
3 707
231 941
357 493
5 319
890 981
84 860
149 452
558 739
833 855
331 603
184 217
71 880
205 473
91 221
302 501
120 215
18 212
301 610
124 370
176 299
421 917
734 904
206 413
488 625
672 828
90 347
599 992
217 651
209 966
15 590
101 990
424 887
11 981
308 942
101 460
55 99
669 684
612 715
433 760
343 528
358 379
82 778
176 923
74 678
942 954
95 678
334 749
133 313
32 572
254 333
15 900
635 840
368 867
81 876
105 878
557 705
486 659
183 388
53 519
444 673
456 583
34 967
604 938
708 925
210 929
845 906
379 769
806 810
890 946
3 796
20 786
222 807
116 655
160 375
530 685
52 863
