1000
136 715
79 491
419 963
383 926
202 512
743 800
738 754
43 963
714 963
203 512
655 926
136 774
172 451
22 512
172 845
512 562
172 437
228 743
172 395
669 738
512 818
316 491
159 670
273 512
466 840
172 502
613 743
466 626
3 963
542 926
919 963
571 926
56 466
172 854
136 450
878 963
136 415
381 670
512 633
963 992
349 743
622 963
512 926
136 251
172 721
39 738
512 836
337 963
194 512
365 512
172 564
172 425
498 963
136 651
16 512
565 963
218 491
439 926
286 466
136 829
512 937
670 893
728 743
136 569
743 757
297 466
746 963
172 579
743 926
491 947
172 688
382 743
136 769
136 510
396 512
512 817
172 309
389 743
62 512
466 725
783 926
640 926
590 670
466 692
172 321
512 740
548 738
677 963
55 172
512 526
172 793
738 968
247 670
172 306
122 512
466 643
136 779
172 413
886 926
491 944
670 785
378 512
287 466
918 926
512 869
616 963
649 926
302 738
491 846
179 926
293 466
398 491
136 492
136 855
566 670
904 963
49 963
491 875
152 466
172 577
357 670
136 529
366 512
466 593
246 743
326 926
294 466
558 670
69 136
862 963
446 926
136 282
175 670
201 466
47 491
512 764
172 411
136 960
743 896
484 743
136 826
136 278
403 466
222 738
575 963
515 926
136 578
743 771
512 580
172 834
221 670
646 926
806 926
172 838
466 632
926 952
364 491
163 466
269 926
458 743
512 661
798 963
136 659
193 963
209 670
172 391
136 192
670 872
136 922
666 926
520 743
63 491
129 512
136 939
27 491
136 815
136 426
161 466
449 512
172 737
400 491
335 670
397 512
600 926
109 512
369 926
512 961
512 735
347 466
213 743
926 954
239 466
743 863
370 743
136 650
243 466
115 466
512 731
312 738
491 809
762 963
491 742
284 670
165 926
587 743
628 963
245 466
670 751
136 792
775 963
421 743
172 668
280 738
136 490
367 738
64 172
362 963
491 664
136 158
744 963
743 942
155 466
512 899
58 512
136 483
136 816
670 923
172 787
65 738
136 198
172 930
252 926
442 466
19 466
66 743
248 670
191 743
14 512
491 652
102 926
136 931
354 963
172 353
926 946
512 940
518 743
459 491
557 670
541 670
963 993
491 989
33 738
512 987
136 729
172 844
24 670
136 573
231 738
466 799
178 743
240 670
654 963
807 963
607 926
660 963
136 766
172 985
328 670
491 543
532 738
136 603
466 606
670 906
82 491
75 738
211 926
172 707
136 926
172 750
172 576
172 254
393 670
512 592
491 635
491 998
285 926
262 738
491 926
136 523
465 670
670 703
26 743
436 926
51 136
142 963
172 994
172 833
233 926
428 743
156 670
121 670
372 738
743 776
467 491
136 197
324 491
469 743
466 756
153 738
738 843
445 743
512 982
491 500
429 491
31 512
363 491
926 978
420 512
958 963
702 926
244 466
491 943
119 963
412 738
323 670
172 905
1 172
144 491
479 738
136 717
76 963
443 670
394 670
552 743
435 466
512 876
32 491
466 852
98 466
528 738
136 216
385 466
2 136
172 753
491 594
53 466
60 512
384 738
496 926
130 963
438 670
553 963
320 466
879 926
670 953
466 471
136 488
524 670
110 926
517 738
351 743
18 743
54 491
670 719
21 172
491 662
373 963
926 963
149 466
136 835
695 963
743 1000
466 745
46 466
72 512
670 857
513 738
491 808
288 466
127 738
195 512
491 521
512 841
172 623
670 926
466 763
299 963
447 926
185 491
890 926
491 608
477 491
172 478
470 491
85 491
210 963
104 670
738 797
743 980
34 136
830 926
491 933
283 491
126 466
136 182
491 789
87 172
466 962
45 743
227 670
466 511
301 743
441 738
691 743
534 743
226 512
454 743
670 752
241 466
687 738
97 743
86 926
250 963
136 736
512 546
172 497
20 512
348 738
172 604
374 743
36 743
307 670
491 761
177 738
404 963
433 512
136 292
132 136
136 537
561 670
670 908
136 296
629 670
30 491
136 864
670 932
172 402
7 491
386 491
581 670
242 466
330 926
642 743
136 176
101 963
169 172
466 887
512 786
673 963
738 874
172 401
136 749
466 881
118 738
136 407
160 670
223 466
136 910
406 963
338 466
512 583
225 491
491 674
491 975
657 738
136 805
768 926
665 738
313 743
545 926
172 434
455 466
738 901
670 861
705 743
743 860
138 466
253 466
258 466
259 670
567 670
136 531
683 738
512 621
460 512
15 136
123 743
512 699
8 926
466 898
491 948
146 963
491 690
549 670
491 494
712 738
945 963
491 770
136 281
554 743
113 743
164 738
136 894
417 743
466 723
249 670
5 136
184 512
512 915
512 865
466 550
136 462
390 926
379 738
682 963
108 926
466 711
512 516
310 491
802 926
739 963
743 801
339 466
172 782
466 730
620 670
325 512
206 466
172 291
491 827
274 926
738 882
476 963
183 670
319 491
111 963
670 700
131 491
12 926
591 738
136 327
295 466
530 963
466 611
73 738
205 738
743 765
512 821
556 743
180 738
136 503
670 988
168 738
466 570
136 598
670 995
154 466
336 926
136 371
466 880
738 760
303 743
99 172
743 842
708 738
136 803
172 897
491 722
314 926
42 926
506 926
463 738
509 743
627 738
136 162
377 926
738 917
670 720
172 734
94 512
743 972
512 704
512 974
738 920
491 959
466 710
172 187
93 136
290 670
491 911
743 784
136 819
136 563
536 743
466 596
925 926
355 512
481 491
229 512
264 491
173 963
486 926
637 743
172 215
741 926
167 926
889 963
638 963
963 969
92 136
172 507
172 345
172 895
304 670
743 859
491 949
172 331
508 670
271 963
106 491
743 871
172 208
172 631
491 839
136 599
136 272
41 963
738 759
172 214
88 743
559 670
136 951
172 356
13 512
738 850
136 238
224 491
624 926
166 963
10 743
466 928
186 466
560 670
491 689
78 172
512 909
270 466
466 847
512 551
136 795
738 891
452 743
189 963
618 670
512 555
738 828
405 491
738 748
670 877
38 172
743 848
140 963
713 743
329 512
489 491
263 491
491 781
738 778
133 491
525 963
311 963
491 916
466 733
266 491
519 670
136 468
107 512
136 888
172 927
670 706
200 466
151 738
584 963
466 813
174 743
955 963
112 512
814 963
346 738
414 512
116 136
430 491
681 743
680 963
235 743
424 466
342 738
35 172
147 172
670 903
333 491
40 738
466 514
675 926
70 926
172 568
495 926
199 743
491 979
277 512
172 276
487 512
512 804
738 966
6 491
409 926
172 907
512 976
172 701
234 738
332 963
81 738
408 743
686 963
533 743
670 788
512 645
350 466
368 466
89 136
172 572
743 856
694 963
50 172
670 935
491 535
473 512
440 466
172 196
181 670
172 612
670 831
670 956
172 794
457 926
466 538
410 670
432 512
114 491
212 743
204 491
28 926
512 921
343 466
512 602
738 991
74 738
466 772
318 738
448 491
289 670
670 997
512 883
172 950
90 172
718 743
957 963
172 334
300 670
873 963
91 466
902 926
812 963
136 601
630 926
105 743
145 466
220 743
884 963
582 963
656 743
743 996
466 480
670 866
716 963
738 837
743 892
100 466
136 936
738 796
693 738
605 926
128 491
37 512
298 738
678 743
172 388
491 698
472 963
444 670
172 609
392 963
67 512
743 983
963 981
172 964
232 512
491 726
663 670
738 773
825 963
466 697
685 743
588 738
504 738
103 466
474 743
172 493
57 670
84 926
464 738
491 914
172 257
23 136
61 136
4 512
738 885
512 758
512 973
279 466
120 743
738 777
755 963
136 139
512 929
172 610
617 926
136 375
171 963
135 926
172 851
172 597
217 963
172 823
670 900
615 670
172 614
679 743
738 790
172 684
743 912
924 963
361 491
172 358
453 963
670 970
387 670
512 527
172 641
80 466
136 619
482 670
870 926
267 670
491 540
423 512
136 275
59 963
268 963
466 709
670 811
9 512
926 999
230 926
422 743
501 738
261 963
352 926
256 926
491 791
172 380
738 977
143 670
475 670
137 926
512 913
172 653
485 491
491 634
466 589
255 963
340 670
648 926
670 938
77 172
219 738
188 738
170 491
647 670
416 926
172 359
743 747
743 867
265 512
237 926
539 926
17 926
499 738
658 738
491 505
963 967
124 136
743 822
322 512
466 547
858 926
317 466
491 780
360 738
260 963
305 738
341 491
136 376
117 491
44 670
136 315
491 639
767 926
491 625
431 738
671 738
738 934
926 971
732 963
136 308
96 738
71 738
11 738
636 738
820 963
512 727
399 926
52 963
148 963
456 466
512 522
172 724
849 963
586 926
29 963
676 743
574 670
418 512
544 670
136 990
670 672
68 136
95 926
136 644
48 136
670 824
134 738
172 984
810 926
667 926
670 941
344 466
141 738
738 853
157 738
190 512
150 743
83 743
832 926
427 743
670 696
125 743
743 868
236 963
585 738
461 963
595 743
738 965
738 926
466 926
25 743
207 466
963 986
172 926
