50 50 0 1000000000
-929405805 -1096501
-590638646 -856552912
875588765 -222410459
157490234 -235422208
830143148 412624845
-703630977 -151249145
-642808888 -196683976
871674599 573406178
-248447624 80247784
-643993818 279311572
982755173 790130732
560659641 173240542
-586581095 283377018
-306924414 -484462201
-918354651 681409232
-514144854 855449680
379441163 969170443
225300671 -822302493
479573394 -72675426
-242755393 -740268612
451763847 -53650620
-152875235 -574265179
-929469454 -151114442
791171668 -485097453
504564975 497292396
408925628 -348051532
-284239296 607092458
-825187075 -531665864
887330114 902658938
-912105304 327372421
599045673 911393827
-644381143 -928669592
680527974 773573862
429182821 84929674
-357704055 -291093988
-929809965 606877685
95294924 303326526
948579536 -54872225
-36381772 810416746
157543416 -159602929
652328138 978751173
483552236 -373037389
-735538197 -221845547
-580256567 -144023624
-417155644 885922151
-684785048 312049156
860489045 -838912462
287391890 -759302445
734312683 -828224002
-320500739 801208685
