50 50 0 3
49638070 0
-526169 0
36358384 0
96149265 0
25863118 0
6493363 0
-735999 0
-45011107 0
48912966 0
-14421712 0
6099615 0
-1636303 0
2427806 0
61619014 0
22686754 0
-14018835 0
9578678 0
89352941 0
34474354 0
50331772 0
-19320513 0
60232383 0
-1387044 0
-11082509 0
-31790349 0
-80000090 0
29791440 0
-45533724 0
44554010 0
71367041 0
-83849633 0
18869463 0
6702311 0
42884122 0
-58734842 0
-39902562 0
-65619011 0
-26856132 0
10440520 0
3809138 0
-17222185 0
64585567 0
90248998 0
-39525548 0
-14845739 0
50150745 0
75991302 0
-75238998 0
-27140338 0
65970364 0
