25 50 0 10
894247111 -940639593
-962385423 473831711
660236553 82720610
-151762198 -964726393
509767717 909183573
709849537 631361313
-933898377 832789419
741042134 883414447
-891700642 592824318
-214933574 -499072827
734108883 -204240193
491983693 439303682
-74146402 -128472338
-936307328 -731042158
310704612 -75432334
-672866726 889671735
419541559 703629003
278536594 -19554453
-134408758 -517783572
885591224 381541475
-770545785 -753411251
-234345688 356669052
204127618 832002905
-290199809 -604595026
209777293 -668511575
694865543 -185936571
173015695 235532435
836222084 392392934
477900939 -443912418
-200013013 -694603936
713852279 316100405
889277009 900244616
-504984487 -428252515
624978527 -189041352
-980905478 -499309182
879947793 664445391
-487191138 158975624
-726785667 62918427
93529006 814592492
348525923 269772362
-894515445 -766499025
-37296628 -255027324
43678383 -667381256
838079886 -746025631
-786959367 429805063
-262807390 850386043
-640980502 364111581
-658348 -287987955
-70778778 -298378564
-388218092 -369388048
