10 50 0 27
8833823 -8833623
-3516431 3516631
-1022564 1022764
-244536 244736
6040834 -6040634
-7914062 7914262
9927079 -9926879
-3185055 3185255
-1867959 1868159
8892774 -8892574
-8008875 8009075
-7312401 7312601
-7246070 7246270
-7182663 7182863
-7410705 7410905
-8140194 8140394
3369170 -3368970
-6731794 6731994
8231953 -8231753
6677595 -6677395
7405408 -7405208
-5285782 5285982
3062677 -3062477
7194147 -7193947
1679266 -1679066
5914387 -5914187
5862403 -5862203
3331114 -3330914
-2169238 2169438
-8817944 8818144
-3954294 3954494
-5588167 5588367
9116648 -9116448
74141 -73941
-932933 933133
7668628 -7668428
381256 -381056
4810313 -4810113
8869337 -8869137
9339151 -9338951
-178259 178459
-1619864 1620064
4076360 -4076160
2647926 -2647726
-254410 254610
4187596 -4187396
-2847300 2847500
5892983 -5892783
7908732 -7908532
-4017284 4017484
