10 50 0 1
5444242 5444242
1679613 1679613
-7595462 -7595462
-2329548 -2329548
-7145966 -7145966
1835166 1835166
-7950294 -7950294
-6924447 -6924447
-5399161 -5399161
1021117 1021117
3922212 3922212
2048718 2048718
7171012 7171012
-8308445 -8308445
-8280052 -8280052
-1962385 -1962385
9346455 9346455
7608905 7608905
9741565 9741565
-8544632 -8544632
-8148522 -8148522
-6889379 -6889379
1535689 1535689
8882309 8882309
9251027 9251027
9762124 9762124
7675997 7675997
-3596060 -3596060
-4937303 -4937303
-5185310 -5185310
-5951207 -5951207
9689751 9689751
-4222676 -4222676
-9748782 -9748782
-5075955 -5075955
-2577318 -2577318
389698 389698
9320671 9320671
2747324 2747324
-1840461 -1840461
6221434 6221434
-9605480 -9605480
-6301835 -6301835
-9467406 -9467406
5236621 5236621
-9369388 -9369388
-6838043 -6838043
-6698041 -6698041
1699703 1699703
-8860857 -8860857
