1000000 100 8 1000
39
1562
1649
2355
4738
4889
5142
5261
5649
6214
8152
8899
11790
11870
12496
12920
13274
13996
14469
14584
18250
18558
18721
21209
26066
26370
26467
27204
28674
28739
30820
31931
32616
36035
36273
38274
39402
39478
41017
41088
43831
43989
45860
46628
46890
49500
51612
52134
52298
53326
53959
54060
55979
56109
56417
57206
57292
57530
57744
58105
59215
59606
59631
59670
59756
60449
60709
61051
62729
62800
63382
65244
72033
73074
73961
74326
74712
75247
76743
79115
79628
79678
79982
81287
81700
83070
84014
85082
85795
85883
87901
88084
88111
88745
89364
90916
92887
94385
94578
95029
97519
98584
99281
99372
102048
102123
102262
102703
104253
105574
106224
106547
109405
109951
118707
119560
119592
120871
121345
123266
123347
127119
127479
127712
128298
129639
130275
130377
131088
132089
132671
132976
136780
137645
138494
138629
138741
140602
141249
142534
142840
144329
144549
147703
149763
151364
152298
153262
153551
155523
157996
161438
162409
164340
164587
164698
165199
165744
165811
168165
171088
171225
171762
172021
173535
177311
178687
180913
185253
185724
185761
186157
186195
186585
187137
187777
189364
191802
192065
192411
193220
195120
195793
195970
196104
197345
199648
199995
201413
205147
205156
207791
208535
210056
210190
210376
210941
211499
213646
213965
214858
215999
216374
216403
216429
218299
219393
220932
221427
222123
222247
222818
223035
223132
223312
225085
225148
225393
225534
228092
229951
231205
231357
234213
235577
235700
236735
238077
239327
239346
240539
241793
242523
244128
245490
245572
246233
246251
246427
248680
250297
250797
251129
253528
255738
255940
256080
256768
259408
260513
260558
260953
262417
263895
265572
265989
267992
270175
272605
273754
273994
275868
276187
278140
278924
280113
280343
280570
280727
281799
281829
281996
281998
282635
282847
284601
285055
285487
285922
289709
292178
292762
293540
293977
294086
294470
295447
295823
295824
297625
299998
299999
300886
301286
302369
302686
302798
303621
303653
303717
304515
304523
304892
305157
305536
305754
306379
307090
308822
310715
311606
314619
315335
316386
316543
316593
316650
317958
318103
319244
322274
322899
325938
326397
327695
328933
329291
330980
331375
335705
335962
336682
336904
338026
338210
338609
342500
344641
346242
347056
351160
351565
351930
352446
355024
355121
356024
356167
356515
358342
359223
359262
359466
359904
360151
361350
366299
367185
368957
370051
372487
373326
375217
375486
375685
379487
380341
380909
383139
384939
385836
385903
387267
387268
387556
388033
388926
388977
389283
389922
390812
392434
392511
393474
394377
395959
396705
398012
398596
401362
402089
403510
404229
405159
406319
406441
407130
407532
407622
408748
409353
409668
411445
411996
413778
414935
416528
418189
419124
420015
420093
420273
420327
421340
421550
421569
421998
422595
423923
424702
425284
425673
427510
429542
429705
430318
431263
432378
432630
432847
433125
434985
435690
436675
437321
438381
440925
441743
442372
443683
443781
445134
445160
449296
449829
450090
450242
451326
452437
453041
454352
454440
454515
454637
458002
458491
458543
459133
459325
461042
462022
462661
463116
464605
465758
466183
466517
467284
467560
470818
470826
471424
472238
472946
473228
473459
475154
475266
475438
476243
476494
476507
477950
478151
478338
479033
479383
480181
481761
481956
482429
483020
487611
487644
488032
489606
489799
493182
493623
495193
495308
499228
499824
501039
502012
502092
504203
504857
506663
506810
507343
509196
509771
509788
511172
512169
512913
513659
513703
514001
514045
514232
514835
515128
515151
518101
518494
519128
520192
520279
520608
521321
521404
521753
521840
523487
524388
524495
524819
524867
526609
526839
527650
528129
530516
531466
536287
536774
538813
538922
539133
540250
542297
542842
543488
544355
544613
546417
547065
547549
550556
550831
552333
552391
553857
553995
554079
554423
554758
554786
554877
554969
556642
557158
557303
557343
558483
559770
559812
561049
562040
563140
564327
564418
566994
567737
567916
568234
568269
568475
568898
570913
571148
572065
573095
573932
574173
575473
575940
575961
576095
578013
578366
578512
578799
580203
580267
581764
581992
582375
583120
584888
589524
590414
593584
593797
594460
595077
595938
596411
597675
597761
598641
602276
602689
604162
604475
604580
605798
608239
609747
610693
611743
613477
614000
614047
614304
615236
617337
618532
622344
623447
623998
624901
625432
625908
627210
627828
627973
628085
628093
628153
628262
628899
632548
632644
632935
634826
635994
637512
637643
638217
639263
640810
642444
643172
643824
644395
646618
646832
648323
648420
648639
651385
653050
653267
655813
658019
660343
661262
661442
662193
662370
662439
664583
665926
666003
667353
668905
669074
669254
669279
669738
670416
670476
670793
670905
672466
674543
676687
677970
678970
680115
680687
680884
682576
682800
683627
685159
685333
685375
685992
686224
687373
688498
688596
688598
689422
689477
689690
691344
692330
693187
693843
694281
694865
695351
695808
697281
697531
699002
700061
700466
702201
702302
702510
704288
704301
704376
705823
706778
710127
710440
711175
711518
712356
713109
713663
714198
715855
717268
718197
719666
721996
725640
725802
726494
726812
728563
729878
729911
731896
732608
732706
732812
736365
738913
739461
739951
742794
742996
743491
745820
746897
749801
750491
751288
752773
754867
758534
758669
758699
758855
759216
759599
759947
762077
767347
767937
768292
769844
769917
770263
771848
772898
774341
775412
778101
778246
780787
780805
781921
782408
783123
783273
783466
784035
784539
784979
786736
787008
787220
788005
788312
790148
790364
791062
791364
792089
792939
793812
794363
794990
798881
799586
800366
800725
801223
801989
802510
804562
804865
805356
807847
808426
810031
810187
810431
811474
812003
812043
815220
816108
816621
818152
819118
819225
820374
820911
821177
822025
822124
822808
825660
826466
826701
828067
828158
828305
829957
832910
834901
835151
835974
836674
838125
838857
839655
841085
841722
842523
843843
844843
845036
845045
847702
848161
848279
848849
849775
850060
850288
850978
851070
852102
853502
853937
854465
854557
854800
856055
856936
860021
860150
860608
861364
865544
865761
866571
867316
867432
867593
868094
871032
872165
872710
873706
874223
874679
875084
875155
875325
876843
876988
878183
879283
880531
880997
882069
882529
883481
886479
886496
887356
888261
889160
889212
889994
890066
890305
891063
892569
893084
894345
894942
897161
897171
899812
900321
905618
908440
909117
914115
916498
921384
921462
922377
923912
924262
928132
928821
932546
934277
934762
936404
938470
941399
942386
943603
945120
946211
946767
948627
948807
950328
950535
954127
954355
956862
962751
963100
963690
963969
966687
968245
968903
973658
974164
975726
975825
976015
977336
979022
979407
979624
981462
983635
985229
986827
988714
989197
989472
991199
992153
993294
995568
996596
997319
997825
999625
