1000000 100 25 1000
358
1131
1624
2168
2197
3061
3352
3720
3724
3827
4886
5151
5211
8470
10498
11335
13236
13844
14420
15046
15327
16217
17619
18234
18244
19212
20943
21464
21836
22292
23847
24140
25412
27162
27692
30075
32753
33232
35108
35629
35995
38608
39475
40188
40294
40988
41281
41464
41849
41942
42073
42217
44323
45256
45719
47026
47520
47710
47894
49251
49755
49930
50144
51221
52701
52957
53271
53898
54321
59799
62244
63010
63092
63423
63831
64705
66680
66742
66833
67976
71307
72258
72741
72780
73688
73818
75163
75984
76910
77025
77898
78588
79011
79565
79951
83616
85712
86795
88528
90315
90540
90841
91223
92410
92704
95613
97736
98996
99963
101798
103116
104615
104714
104751
106703
107064
108090
108342
108670
108771
108919
112235
112244
112790
114713
115332
117908
118383
119925
120060
120685
121388
122657
123808
124772
124947
126994
127294
127634
128465
128816
132421
132792
133545
134811
135410
135942
136202
137353
138646
138979
139314
139490
139801
140425
140450
142492
143762
145286
146421
147838
148362
148397
148864
149585
150178
150671
150784
151874
158631
159695
161029
161045
161173
161272
162794
166841
168630
169433
169783
171753
172939
173440
173870
174770
174821
175300
176232
177103
178341
179608
179933
180601
182435
183944
184167
184404
184639
186040
186076
186165
186604
188010
189867
190891
191421
192798
192833
192872
195007
196725
197148
199305
199620
200339
200731
201464
203291
203817
206065
207152
207221
209127
209761
213080
213310
215785
216548
220459
221645
222462
223242
223369
224770
225309
226626
227461
229270
229516
229956
230633
231038
233811
236616
237349
238743
238802
238959
239291
243461
244747
244941
245271
245319
246015
246227
246452
247240
248499
248565
248846
249929
251606
251747
252262
253493
253765
253822
253930
254292
254337
255882
256779
258898
259232
262110
263528
263886
264868
266213
267069
270823
274788
275750
276041
277006
278488
282581
283531
284541
285491
285822
286132
286930
287409
287577
287767
287793
288594
288616
290354
290533
290755
292234
292584
292785
294926
297482
297580
298213
302394
302420
302470
302840
303614
304087
307313
308479
310462
312289
312755
314185
314422
315719
317186
317453
317459
317653
319928
322008
322849
323562
326404
326805
328311
329130
332108
332937
337363
337727
338691
339175
339911
340663
341195
341326
345946
346447
346896
348453
348842
348891
350084
350555
352241
352619
353798
354416
354835
355411
355486
356227
365508
366529
366925
366962
367795
368327
369564
372330
372378
372862
373950
374149
377190
377267
379005
379169
379666
381067
382074
382926
383418
388678
389266
389829
390529
392024
392397
392666
393565
393846
394441
394711
396872
397619
397927
398025
398491
400084
400300
401256
401911
402055
403993
405594
405904
406012
406425
407201
407472
407992
408334
408994
409109
411945
413837
416226
417265
417603
419027
419963
419988
420266
420967
421393
421477
421603
422088
423019
423929
424758
427325
427561
427800
428084
431723
432014
432135
437717
439507
440168
443018
443880
445069
445759
445936
448378
448697
448750
448988
449254
450121
450462
450547
451128
453012
454231
456502
457610
458370
460807
461275
461635
462789
463353
463587
463904
465720
467504
467520
468059
468285
470202
470649
472585
472916
473059
473193
473857
474511
477599
477907
478886
480153
480892
482056
483793
484778
484809
485935
487996
490075
490628
491992
492455
494560
496512
496779
497105
498925
500815
502953
504213
504808
506423
507707
508486
508901
509932
510532
512287
512338
512627
513683
514192
514907
514960
515362
515691
517104
522050
522294
524057
526340
528484
530297
531038
532135
532848
535225
535382
536427
536522
537594
540049
540514
540808
543595
544956
546460
546634
546799
547438
547665
548485
549990
550239
550564
553738
555248
557512
557929
559116
561363
561733
561812
562159
562596
563397
564889
566465
568320
568474
568903
570105
572834
574039
574474
575217
578304
579596
580713
580889
581636
581918
585840
585969
586509
587049
588687
589548
590707
591131
591182
592499
593550
594668
597730
598897
599423
599786
599890
600766
602471
602818
603401
604486
605254
608529
608958
610101
610249
612252
612810
614355
614898
616238
616323
617882
618664
618695
621189
622101
622707
623455
627298
629562
630480
633387
634803
635686
635699
635896
636189
636630
637208
639518
639592
640392
640667
640747
643221
644352
644581
644623
647393
649072
650924
651293
652309
652778
653227
653741
657326
658497
659611
660277
661814
661850
662871
663440
664814
664956
665826
665957
666598
667848
668336
670584
671285
671301
673076
675875
676288
679570
680638
680937
683716
684149
684480
685546
687037
688069
688926
691935
692263
693521
693753
695547
695953
696027
697314
699705
701583
702278
702746
703805
704332
705872
706068
706947
709423
710685
710819
710823
710995
711465
711851
712257
712372
712751
713302
713724
714612
714893
715248
715475
715948
716268
717877
721013
721064
721406
721844
721889
723094
724332
726455
726908
729789
731438
731644
731888
735250
736874
740396
743303
743440
744431
744643
744673
744800
745828
750875
751158
752155
758672
759871
764557
765376
765488
768588
769812
770789
772105
773419
774259
777848
777953
778289
778804
779055
779079
779590
779616
779992
780420
780433
781266
783214
783622
783623
783682
783835
785040
785041
786124
787249
787490
787794
788068
791793
791827
793707
793995
797044
797204
797528
797568
797834
798242
799435
799964
800320
801188
801284
801705
802143
802370
803411
804579
805533
806933
808127
808222
808448
811747
814526
815679
815970
816836
817376
817604
817802
818723
819204
819225
819270
820508
821104
822036
822576
823565
823579
823742
825104
828022
828716
829031
829602
829933
831086
832114
832498
834252
834544
835131
835392
835424
836347
836509
837619
838514
839382
839391
839910
840357
840994
841138
841258
841889
842347
843788
844915
845284
845350
845787
846536
846730
848380
850235
851701
852035
852482
853498
855262
855422
856214
859082
861803
863788
864241
864630
865712
865856
867351
869356
870296
872110
872374
872951
873825
874397
874830
875070
876135
877005
877056
877222
877642
878163
878569
879792
880161
881606
882204
883031
883282
884762
885416
885729
890847
891560
892419
892929
893491
893590
894510
895267
895790
896607
897753
899663
901346
901826
902342
902395
902607
903127
903643
904115
904208
904312
904867
907240
907967
908313
911359
911748
912705
912984
913386
914134
914695
915385
915396
916135
916809
919204
919205
919284
919784
919879
919880
920042
920176
921846
923224
925999
926514
927041
927550
927811
928246
934171
935715
937479
937573
938190
942998
946051
947204
949022
950567
950569
953085
953106
956806
957027
957117
957260
958005
960907
962110
962665
963196
965194
965461
968698
968712
969709
970783
973869
975782
975976
977028
978975
980220
980739
981611
981684
982824
983876
983895
986022
986064
987668
988819
989337
989722
989757
989804
989949
990393
990828
991904
992781
994495
995702
