1000
659 781
659 979
659 943
273 659
659 894
659 969
659 749
659 864
620 659
589 659
193 659
268 659
659 920
59 659
103 659
427 659
283 659
362 659
609 659
659 858
192 659
146 659
659 770
648 659
659 852
659 940
403 659
29 659
500 659
659 959
72 659
155 659
145 659
278 659
510 659
49 659
324 659
64 659
195 659
68 659
647 659
168 659
659 881
659 878
33 659
659 870
462 659
214 659
554 659
55 659
659 876
330 659
26 659
138 659
348 659
160 659
463 659
359 659
659 859
443 659
659 674
282 659
199 659
236 659
301 659
503 659
44 659
590 659
659 671
241 659
518 659
659 804
588 659
280 659
659 750
432 659
659 798
659 779
659 836
376 659
88 659
659 776
437 659
470 659
20 659
539 659
491 659
659 978
419 659
659 997
522 659
659 808
371 659
408 659
114 659
615 659
8 659
184 659
659 811
1 659
659 772
659 812
632 659
108 659
659 937
659 726
650 659
61 659
266 659
281 659
489 659
91 659
659 891
659 862
567 659
229 659
652 659
113 659
659 769
659 777
659 727
482 659
239 659
279 659
659 996
112 659
396 659
659 786
582 659
659 711
244 659
659 846
659 783
461 659
269 659
627 659
249 659
349 659
659 829
566 659
101 659
659 696
126 659
329 659
659 866
86 659
659 941
659 805
659 843
385 659
469 659
659 788
116 659
474 659
555 659
366 659
286 659
659 989
659 938
659 827
493 659
644 659
43 659
188 659
185 659
659 768
659 747
533 659
328 659
534 659
659 799
387 659
659 850
659 838
659 731
405 659
135 659
659 855
228 659
659 746
659 974
659 990
659 875
190 659
340 659
659 942
659 884
659 960
659 775
110 659
303 659
640 659
505 659
157 659
519 659
659 703
289 659
659 754
612 659
430 659
659 921
659 793
294 659
321 659
659 765
457 659
659 733
492 659
122 659
305 659
181 659
659 722
207 659
659 963
659 794
302 659
211 659
659 917
659 691
571 659
438 659
659 908
635 659
331 659
40 659
659 833
360 659
659 692
659 718
599 659
275 659
659 975
659 673
624 659
659 755
439 659
613 659
642 659
413 659
659 761
506 659
123 659
486 659
208 659
621 659
95 659
299 659
659 834
291 659
390 659
117 659
365 659
659 809
382 659
98 659
614 659
659 700
659 867
263 659
334 659
28 659
109 659
629 659
659 680
494 659
322 659
603 659
380 659
659 872
58 659
448 659
487 659
659 948
659 914
659 944
4 659
320 659
659 840
177 659
18 659
201 659
655 659
659 995
659 993
36 659
204 659
15 659
659 817
659 986
307 659
458 659
659 860
659 904
659 1000
277 659
565 659
218 659
659 800
219 659
579 659
158 659
69 659
42 659
76 659
106 659
659 842
604 659
659 682
212 659
659 885
659 693
383 659
659 847
659 861
416 659
659 707
358 659
659 905
659 667
436 659
659 863
646 659
530 659
598 659
651 659
152 659
659 752
274 659
136 659
319 659
66 659
170 659
538 659
659 797
637 659
183 659
342 659
659 756
659 782
576 659
659 679
659 837
38 659
659 774
37 659
659 678
475 659
659 877
344 659
659 796
250 659
558 659
326 659
548 659
258 659
24 659
205 659
345 659
338 659
659 890
128 659
93 659
520 659
449 659
659 906
284 659
658 659
659 675
409 659
659 950
460 659
434 659
574 659
659 949
659 823
659 739
659 780
659 803
659 666
12 659
515 659
316 659
186 659
74 659
84 659
450 659
235 659
616 659
659 802
317 659
169 659
175 659
130 659
659 660
254 659
659 980
379 659
659 766
544 659
659 973
259 659
213 659
232 659
659 791
659 795
318 659
453 659
62 659
148 659
656 659
412 659
659 701
562 659
545 659
659 763
498 659
511 659
423 659
313 659
581 659
402 659
2 659
100 659
659 719
327 659
659 932
127 659
465 659
659 956
7 659
659 721
659 930
504 659
137 659
478 659
659 728
39 659
594 659
659 896
601 659
467 659
659 966
297 659
312 659
569 659
659 762
654 659
97 659
336 659
659 946
10 659
659 705
659 753
525 659
659 685
659 907
355 659
659 689
659 977
586 659
310 659
610 659
73 659
659 821
56 659
659 972
659 708
659 732
65 659
179 659
173 659
507 659
524 659
215 659
596 659
659 868
659 810
659 743
424 659
659 927
315 659
659 903
238 659
335 659
659 994
293 659
472 659
659 661
659 982
659 968
221 659
54 659
172 659
659 936
142 659
406 659
659 886
659 818
659 778
288 659
118 659
476 659
659 684
659 704
325 659
120 659
306 659
659 757
444 659
341 659
233 659
197 659
659 954
485 659
587 659
633 659
659 737
570 659
139 659
659 897
564 659
659 694
659 730
337 659
631 659
298 659
464 659
67 659
182 659
659 706
392 659
659 672
659 929
659 879
479 659
659 901
32 659
440 659
25 659
513 659
372 659
466 659
94 659
415 659
659 771
659 911
659 992
151 659
557 659
381 659
435 659
30 659
149 659
659 710
262 659
659 717
659 725
256 659
608 659
159 659
194 659
552 659
659 670
659 663
659 724
222 659
456 659
634 659
659 957
659 695
129 659
508 659
659 806
659 687
659 922
643 659
264 659
202 659
75 659
659 789
659 828
60 659
618 659
85 659
659 915
125 659
659 851
354 659
377 659
333 659
659 882
309 659
659 767
659 709
659 825
353 659
395 659
639 659
71 659
121 659
497 659
80 659
659 928
246 659
659 912
245 659
296 659
659 988
260 659
659 714
659 939
595 659
659 792
659 953
119 659
659 690
140 659
529 659
659 683
659 849
659 925
115 659
19 659
180 659
532 659
659 880
659 676
483 659
234 659
659 784
217 659
343 659
659 835
48 659
451 659
167 659
304 659
455 659
659 856
659 987
189 659
659 983
659 735
57 659
659 801
22 659
446 659
659 702
5 659
433 659
659 787
78 659
597 659
659 815
659 910
147 659
659 919
209 659
659 883
295 659
659 729
659 824
653 659
361 659
332 659
351 659
83 659
252 659
659 848
659 712
248 659
659 697
287 659
659 740
659 874
422 659
77 659
659 981
659 716
659 934
454 659
153 659
584 659
659 926
659 865
285 659
378 659
375 659
404 659
488 659
622 659
659 899
659 681
659 854
156 659
540 659
528 659
223 659
13 659
611 659
659 738
3 659
659 984
659 844
107 659
659 902
481 659
17 659
431 659
659 889
659 773
386 659
99 659
659 924
53 659
398 659
549 659
490 659
393 659
90 659
659 923
659 853
165 659
257 659
191 659
178 659
638 659
196 659
459 659
550 659
636 659
166 659
388 659
428 659
659 831
356 659
9 659
659 688
659 871
370 659
150 659
226 659
471 659
659 888
659 998
410 659
553 659
63 659
625 659
659 967
154 659
659 760
607 659
418 659
659 945
560 659
659 745
659 900
143 659
659 677
527 659
52 659
645 659
659 933
659 961
541 659
659 952
45 659
364 659
230 659
445 659
426 659
144 659
568 659
657 659
659 813
124 659
373 659
659 807
551 659
495 659
200 659
271 659
484 659
176 659
171 659
242 659
537 659
659 665
417 659
247 659
517 659
659 751
630 659
314 659
105 659
659 816
580 659
89 659
394 659
659 918
87 659
659 947
659 736
134 659
659 830
35 659
14 659
477 659
243 659
659 873
659 758
352 659
6 659
659 748
21 659
605 659
163 659
237 659
659 764
659 734
602 659
339 659
265 659
509 659
659 819
499 659
420 659
659 898
164 659
323 659
441 659
473 659
659 841
559 659
357 659
187 659
591 659
384 659
267 659
203 659
577 659
573 659
659 832
659 970
600 659
649 659
367 659
543 659
70 659
141 659
659 931
659 723
561 659
227 659
399 659
659 699
407 659
79 659
272 659
659 822
659 985
23 659
16 659
659 964
41 659
659 893
411 659
133 659
414 659
526 659
585 659
452 659
659 909
659 913
546 659
659 686
480 659
659 839
536 659
659 826
593 659
659 814
641 659
104 659
132 659
659 741
363 659
659 935
292 659
501 659
542 659
659 759
547 659
659 869
225 659
578 659
659 962
290 659
659 820
659 958
92 659
34 659
556 659
659 668
447 659
346 659
623 659
311 659
659 999
531 659
606 659
96 659
563 659
374 659
659 976
231 659
659 857
659 669
514 659
51 659
421 659
255 659
347 659
659 895
308 659
659 790
276 659
659 955
521 659
27 659
659 698
659 742
659 892
216 659
523 659
659 662
240 659
368 659
50 659
659 991
46 659
516 659
425 659
659 720
397 659
659 951
111 659
659 887
400 659
659 845
210 659
659 785
468 659
512 659
11 659
102 659
220 659
619 659
496 659
300 659
206 659
162 659
617 659
583 659
659 713
82 659
659 965
429 659
442 659
47 659
198 659
174 659
401 659
659 715
161 659
251 659
31 659
659 971
131 659
391 659
369 659
659 744
350 659
253 659
628 659
659 664
389 659
270 659
224 659
626 659
81 659
575 659
592 659
572 659
502 659
535 659
659 916
261 659
