100
83 88
62 75
34 74
57 68
8 59
43 81
72 96
26 94
7 99
3 19
55 76
38 45
53 71
32 79
25 30
66 82
20 73
6 56
25 52
29 72
32 55
10 22
28 41
54 100
27 80
26 58
59 86
11 49
25 64
23 29
91 97
25 56
22 70
8 60
40 98
10 39
17 84
47 91
28 36
85 95
13 52
7 19
2 92
25 69
51 80
48 79
23 25
78 82
84 100
3 25
4 36
40 81
25 33
2 46
38 44
15 97
42 93
69 75
87 88
58 90
12 98
1 53
15 65
34 89
18 60
4 30
63 87
21 25
50 77
42 44
16 83
46 63
50 70
54 64
17 67
9 51
65 78
20 94
37 67
11 14
18 45
74 96
24 31
61 90
5 39
25 73
16 21
24 95
31 61
6 66
47 48
1 57
43 99
49 89
9 93
35 37
86 92
35 77
33 68
