1000
139 885
144 178
880 990
684 860
294 917
301 522
719 940
116 706
105 739
617 899
453 582
640 810
599 948
716 848
785 860
755 873
407 781
509 972
688 955
451 517
522 975
259 477
34 630
295 776
281 904
699 751
236 690
94 860
227 319
299 378
597 860
695 936
540 735
79 517
891 999
245 377
500 800
172 824
568 965
176 588
243 474
229 898
265 860
495 677
48 463
258 860
277 650
42 590
297 860
326 834
580 585
562 725
142 379
655 831
398 534
540 683
604 941
55 746
433 713
439 754
358 722
149 235
527 974
116 432
31 573
40 979
40 915
225 486
458 612
860 950
443 561
54 860
114 327
475 742
846 956
180 945
285 769
138 731
121 421
507 860
393 925
202 795
760 768
247 602
108 957
555 556
6 860
852 860
797 820
158 940
462 942
807 819
816 868
476 512
181 967
506 992
141 867
127 986
140 860
677 917
609 811
5 325
424 845
64 467
767 926
373 882
860 930
427 925
615 736
132 939
81 733
448 606
162 529
518 541
202 860
77 578
860 982
860 928
588 935
615 791
361 954
173 860
943 961
654 816
581 602
549 866
446 689
423 839
429 512
368 441
495 641
174 340
358 859
521 993
558 914
836 860
206 613
143 154
465 673
9 632
552 580
29 395
207 302
297 447
208 330
419 432
553 852
38 80
237 994
25 159
321 423
10 494
232 451
741 860
365 405
232 709
444 545
498 526
23 788
154 843
657 875
280 533
275 476
177 334
5 86
748 888
4 714
6 976
361 728
85 987
119 489
106 238
147 860
10 543
100 271
355 574
291 598
357 919
502 604
296 610
284 774
92 860
414 890
587 672
871 932
210 290
174 546
704 710
312 394
487 927
356 711
91 959
96 499
303 347
464 878
571 689
860 938
153 913
408 860
439 870
695 860
422 969
619 931
387 888
381 756
226 790
568 850
60 762
811 844
168 491
272 567
356 983
342 860
354 779
76 273
165 469
212 860
326 497
58 975
309 901
860 907
115 770
2 119
313 626
428 679
576 822
168 647
707 961
106 479
372 769
153 958
551 625
530 830
188 837
128 566
467 557
447 676
425 959
61 262
482 738
33 408
142 952
344 763
167 510
201 268
156 596
260 508
324 565
215 412
217 776
807 838
163 858
511 633
416 608
460 583
596 782
446 608
248 436
132 201
275 344
242 651
164 734
69 431
589 946
112 318
125 211
256 787
255 415
586 860
203 531
636 860
287 897
265 799
607 972
409 991
205 338
44 833
88 992
761 934
123 134
308 314
674 757
652 860
220 234
250 676
362 860
289 614
651 860
4 564
130 565
391 693
474 995
343 998
129 896
25 927
741 947
373 784
830 924
22 796
148 161
457 471
114 424
59 644
270 330
435 595
897 991
316 728
276 649
293 379
693 886
239 805
76 962
204 752
525 821
282 649
123 919
280 311
157 305
229 860
691 951
131 865
249 450
176 273
221 960
223 965
773 808
363 849
32 322
190 590
155 967
700 766
71 364
191 877
593 775
211 860
136 860
435 895
860 988
183 653
635 971
160 173
216 984
614 674
549 743
753 802
108 455
192 814
13 564
574 685
639 844
278 892
382 619
298 824
208 847
238 487
497 922
778 823
867 960
90 936
547 671
263 398
104 694
271 351
293 692
135 860
189 926
690 745
291 980
327 634
63 622
703 910
315 329
161 598
151 948
156 754
850 860
278 504
93 780
332 464
214 860
460 860
213 276
223 613
1 860
105 905
135 139
625 865
313 860
124 383
185 224
60 554
401 461
75 829
267 559
475 659
145 587
58 404
350 610
471 575
51 550
199 501
523 537
324 579
117 855
401 627
42 289
131 872
282 386
417 912
310 566
456 717
837 860
538 763
342 683
351 375
736 790
43 893
350 845
442 721
592 949
242 777
239 340
82 514
795 817
194 839
269 740
354 899
136 438
204 981
547 789
450 637
241 575
252 375
582 738
664 687
254 257
214 729
863 997
230 349
468 814
306 978
437 665
14 196
787 902
320 593
705 756
227 305
366 758
315 860
97 336
426 813
198 977
780 982
739 781
8 359
737 1000
147 612
638 749
20 146
666 750
496 605
27 822
406 428
15 935
353 861
448 901
37 911
490 753
723 863
237 708
87 639
286 759
777 946
622 860
572 757
71 678
500 514
410 640
304 726
300 968
311 636
49 748
416 955
480 529
686 895
513 860
253 860
133 402
36 647
303 310
30 594
18 130
286 778
66 126
661 922
170 912
801 928
86 668
376 643
472 970
77 455
178 860
743 854
118 143
321 489
317 347
336 908
480 862
370 733
80 171
16 364
388 643
270 562
594 806
11 249
515 607
352 421
203 860
186 860
528 881
12 815
151 198
881 924
30 193
288 723
620 989
45 947
860 989
34 333
230 348
21 525
860 969
35 563
932 945
101 429
274 786
504 641
96 731
442 883
386 962
815 831
87 385
85 348
374 860
685 836
62 410
570 809
461 860
333 944
488 724
127 152
67 720
376 929
73 507
331 800
194 427
346 782
166 317
220 851
503 913
137 267
52 539
449 907
209 884
266 477
3 49
798 916
341 679
860 983
215 646
82 981
325 718
262 765
264 544
92 629
78 465
121 860
95 231
652 670
189 245
158 244
631 906
762 860
631 876
407 750
860 864
453 670
501 892
258 842
193 431
166 997
445 618
548 648
732 916
187 236
231 365
860 911
715 860
433 889
150 209
569 698
520 871
226 369
169 611
603 747
635 862
583 771
597 773
26 170
576 705
550 818
642 874
434 551
47 393
555 664
856 860
128 542
133 910
726 828
634 720
933 957
233 786
48 668
126 443
110 744
1 697
91 835
341 920
43 552
210 860
804 921
559 688
18 462
243 534
832 876
371 835
314 934
621 825
784 909
438 847
660 861
860 954
73 730
266 352
860 993
20 792
234 740
655 860
390 633
13 436
46 956
21 84
95 399
600 675
72 963
468 755
396 669
17 300
544 860
160 481
155 394
183 363
478 766
660 864
47 65
558 665
63 492
50 712
53 923
107 163
441 884
698 760
14 843
493 509
179 680
470 860
102 288
171 180
46 260
120 458
322 397
284 819
207 752
389 510
949 976
111 724
591 616
191 482
32 222
167 841
611 860
263 519
192 996
535 646
157 714
337 666
426 745
268 974
367 891
302 751
103 624
390 459
483 629
188 299
16 820
134 860
493 813
228 542
796 849
370 853
100 213
45 536
466 902
508 860
414 802
15 889
531 567
216 717
502 860
533 903
349 681
84 272
420 943
28 609
26 99
29 732
617 638
385 403
38 445
66 860
19 169
224 970
589 702
137 486
775 938
240 860
473 711
332 704
536 621
159 600
7 918
860 999
184 860
412 860
360 478
663 890
197 372
19 205
469 868
218 388
255 794
519 930
59 616
485 686
120 274
68 577
367 923
681 797
309 869
259 696
149 742
413 599
449 505
362 506
285 369
184 848
68 764
783 914
383 430
586 708
851 873
384 642
225 391
177 860
70 456
701 941
312 516
246 921
783 952
287 578
896 933
3 860
9 35
513 853
730 900
579 694
860 918
252 357
251 411
247 323
2 420
295 860
67 307
79 985
378 827
31 484
219 417
165 920
381 637
840 894
400 792
472 860
12 64
320 520
346 470
368 645
200 879
729 942
212 691
75 737
54 179
41 682
623 860
28 898
195 444
246 626
122 692
57 113
678 870
484 527
353 452
834 860
360 793
98 292
62 727
99 129
411 709
107 380
181 699
228 656
306 963
36 584
560 687
860 964
377 648
491 518
404 789
190 855
140 182
658 832
554 858
175 663
81 146
418 971
758 829
98 419
516 701
359 857
83 860
304 463
141 535
261 798
541 998
810 990
61 329
261 380
111 296
74 860
560 987
585 860
548 601
499 528
672 734
251 887
70 454
83 335
57 801
241 887
56 929
277 682
72 966
39 570
339 988
112 719
89 292
172 980
200 605
24 696
403 658
195 973
93 466
700 860
697 761
572 840
52 771
206 459
69 124
254 707
104 415
56 747
33 866
644 808
595 973
37 878
860 915
199 345
402 860
511 880
553 841
498 632
627 826
532 543
764 842
803 854
50 490
425 877
437 788
345 488
217 744
539 671
197 826
526 996
860 879
164 343
257 950
41 581
556 937
538 966
524 545
17 818
323 645
628 684
454 718
162 793
328 944
656 931
857 860
115 650
860 978
337 662
339 524
440 452
774 860
569 809
399 894
175 374
675 827
244 860
281 812
53 667
680 882
405 823
406 900
24 563
537 584
630 885
279 673
152 392
669 746
22 418
125 953
39 422
196 713
102 335
294 481
144 904
89 148
328 779
150 662
78 805
712 986
55 561
94 235
874 985
218 318
530 620
860 968
269 908
434 860
186 1000
109 485
253 883
319 794
603 886
657 812
397 859
523 765
298 557
103 473
703 722
606 716
187 283
706 977
113 117
505 573
577 828
23 893
806 860
283 759
334 503
532 856
279 860
11 667
250 772
118 409
222 767
44 185
571 905
88 384
