50 50 0 4
56635639 54321
91216242 54321
-33750459 54321
20057642 54321
59177729 54321
-68542496 54321
-39618754 54321
54306772 54321
62620107 54321
-49803082 54321
28527141 54321
-44531251 54321
61490295 54321
15526972 54321
66125519 54321
5329936 54321
80522082 54321
-36075407 54321
-58249932 54321
-67118633 54321
-67312739 54321
61717212 54321
34929923 54321
19719766 54321
40934087 54321
-57746196 54321
-84447433 54321
42126724 54321
-63138624 54321
-99689574 54321
-44797511 54321
-51353806 54321
55195478 54321
26422464 54321
-48622705 54321
34576051 54321
-38122219 54321
-94766088 54321
-29940385 54321
-55891543 54321
73683234 54321
-34810675 54321
20130909 54321
-47766638 54321
-44085158 54321
7437111 54321
-53083520 54321
30777739 54321
23453451 54321
93005946 54321
