50 50 0 27
5659465 -5659265
4355057 -4354857
1926691 -1926491
9196659 -9196459
-5120687 5120887
8209739 -8209539
5834906 -5834706
-3992273 3992473
840378 -840178
-5234539 5234739
-1146047 1146247
7360117 -7359917
9566722 -9566522
7398742 -7398542
5776782 -5776582
1691806 -1691606
-8228590 8228790
2489576 -2489376
8887977 -8887777
1076334 -1076134
4179826 -4179626
-2582099 2582299
-1208010 1208210
-6750408 6750608
-4318811 4319011
6295174 -6294974
-3645692 3645892
7641144 -7640944
816870 -816670
-9359115 9359315
6103288 -6103088
4337876 -4337676
5220646 -5220446
9517002 -9516802
-7038717 7038917
3748341 -3748141
-5161876 5162076
1638926 -1638726
3335053 -3334853
-2349542 2349742
1867994 -1867794
809094 -808894
3586566 -3586366
-6666249 6666449
1243334 -1243134
907437 -907237
-189928 190128
-508192 508392
-6973603 6973803
1308273 -1308073
