10 50 0 100
-222285553 -571951868
236047560 -819906819
853272222 -568449145
-823328821 -768902399
485767832 338537816
944446083 -233063604
-430711925 -947389421
533571673 11511286
-108740827 86860117
999150321 343089333
443617019 -219595193
-758856996 -225675622
-381877392 75165695
-145765181 849875467
-386554066 978792033
-4610600 -556613503
836434638 -532438958
918058408 -316216755
-314887833 -255401614
207974418 -288916707
-746621171 -551180325
-745923771 792278000
93719166 -633740518
980560486 419063039
-851752528 -776568265
-123924946 486217941
-63580948 -757214447
-98542360 -818089783
873516942 58388016
105645923 -97234473
359685606 -693256863
-549546362 690268275
-189666405 -417888738
-428049655 875915081
202776408 -482230746
642600201 558667386
998939504 378323484
585060219 -845716082
158839360 -323879867
-694888255 441243456
16839624 680702438
-529757786 -974286034
233536145 -841770023
-296263392 209325484
114265633 115339015
235749590 -201893273
375118629 -436594818
26259120 694011257
862420035 -971119976
-866143176 -42421777
