31 50 0 1000000000
-689527449 137534568
983936167 -952253448
688684937 -143891103
167265774 519608941
579776295 -880920584
-616065580 -421250532
552884348 598066322
-846110162 711575243
-228386137 -275653313
405372991 875883787
-220003688 -768871476
518237661 -184053364
-639373569 -327715756
48572244 -626430474
425249799 -841253940
-540666302 -356254596
-976549586 232598960
-795229966 132415728
323489165 682599062
755469204 446498210
-841909156 127649232
518178935 -916165471
-75486698 657026345
-550194787 -415646418
-725489296 704790931
-79031437 485777995
889076046 386512628
272179438 -731017490
112054567 -758055150
240284285 -600829907
-858615246 -832736372
359623953 -288266519
-629269022 553804090
-665242768 -55932265
384302575 639357379
302479078 826637826
-531288654 378310004
-352823589 -12601369
163879869 -819960501
-810181744 -327144938
-289310181 -843914903
888938540 -489661612
-221767025 -586232610
-821759126 279644741
109575676 759280854
221697093 -691295185
-888465052 618520323
-935509811 -650698572
632629597 -660471427
-320926087 755161250
