5 50 0 100
151652527 8682415
681776376 -433300417
-46970997 85052752
90898047 -164611216
-162153747 -104588949
-127563388 -569543221
-209912512 -442019097
565324510 -465754174
954155029 -589645730
385779215 -32047296
-602395767 219054820
-133265782 115312659
-68726638 923877145
515908805 -158856837
952078706 -421151490
515908806 -158856838
189237322 -632426399
-203177492 -766417973
744048567 -279152719
743757537 -473591591
-693367063 -760322852
-12993850 738631115
-193328387 -114017936
-613609665 -474517387
19071856 -323703809
116507996 -381142222
347276342 -65990819
362143080 294453977
-133325566 15758381
241618110 -887898710
-336389050 -295975203
515908805 -158856838
466891683 24850508
-286286844 984427453
539773222 173190736
-271224356 324108462
720475658 -821533217
171851100 -289776840
774869142 114705435
689420815 138107593
599326294 465980400
722831069 408992839
-759340636 -645957590
55606873 550978662
-764842443 -275347938
-156168374 -454381172
-266081261 -701796687
515908806 -158856837
-258747905 -624854025
-6818520 99998266
