10 50 100 10
-397897546 -102333464
-925896946 613916384
705407998 -330134246
-993702181 -202599257
207828637 -620224275
-701488649 -280351385
409019604 -731633524
-959972074 143554193
17186809 310571926
92209530 636587575
74243717 -221827726
611472597 981018993
-23322711 585865303
353071052 -623036810
978832623 -691028223
452044549 460560018
-586869122 -935262376
152545586 765162272
337523846 266251516
193783393 849364252
-578215756 149893973
-767891395 23598938
387386632 511883490
380764156 423425690
768609795 -860634085
823713755 -467737477
-89210131 798407179
-69585874 379323628
725825408 839222530
-984952055 -650020190
-86528062 -745422311
-719777852 -263739460
987273406 988893815
484551337 303147331
-313487569 -799561290
-908956420 140377562
-599482259 -453460429
-821936258 397312380
667930518 662221065
-452513980 -99550729
809020658 -364470431
-850057315 652128287
-335597711 -198654179
-797031962 5840940
940535723 -382770464
786280644 491202055
-471841896 903936942
19002302 413379030
-578467728 541901864
-446839495 -213578296
