10 50 1 8
12345 -2155849
12345 -66999579
12345 -41874479
12345 25578170
12345 -76295769
12345 -35003330
12345 55201377
12345 -77286361
12345 22687736
12345 -69955213
12345 -60384919
12345 -43914444
12345 -41165988
12345 37376541
12345 -86415053
12345 -50217902
12345 -12329539
12345 -15635646
12345 25121459
12345 8939467
12345 78767559
12345 28088103
12345 88108880
12345 -50295931
12345 -22639953
12345 17805266
12345 9563324
12345 17415107
12345 90132821
12345 13983143
12345 62020450
12345 -35031033
12345 84115948
12345 -77346797
12345 86579283
12345 94236290
12345 13567457
12345 27123430
12345 -69415143
12345 -43590936
12345 -51625560
12345 91665787
12345 -25726128
12345 63912453
12345 -14425742
12345 -26543883
12345 -9242376
12345 -8193467
12345 -3926075
12345 -60482906
