10 50 1 4
43637308 54321
-23015068 54321
1703464 54321
15398940 54321
80492608 54321
-53065860 54321
86126775 54321
-30129740 54321
-34661772 54321
47043767 54321
92184820 54321
-19356718 54321
-37699046 54321
66379392 54321
-48620895 54321
28850560 54321
745916 54321
63912483 54321
-69423606 54321
-66558801 54321
-46176185 54321
-63807269 54321
-79726071 54321
62509772 54321
38662832 54321
41578793 54321
21909587 54321
68809016 54321
4648538 54321
90382451 54321
-49262871 54321
56436672 54321
34908327 54321
-5684938 54321
-46657704 54321
85795200 54321
44392140 54321
50767611 54321
-78263117 54321
-83894086 54321
82033036 54321
-75566936 54321
-74669014 54321
90907272 54321
7175826 54321
-55284244 54321
-83388195 54321
61983805 54321
-23504514 54321
97190661 54321
