20 50 9 30
-915278960 -23790054
756369637 348604406
-450876667 -124286908
-399095836 -300312567
169873001 -268324906
16939253 12431229
-915278962 -23790052
-93167231 3269481
-915278961 -23790053
-915278962 -23790055
559890030 501006952
-62654273 -26364320
-156725241 -526430350
94385769 -974493696
77275570 96116422
-915278963 -23790054
-694935696 941077970
-915278960 -23790055
371430828 491662103
-915278960 -23790052
-26198939 -964770738
-631408247 -274940349
828437821 -383836931
-269758708 178134409
-915278962 -23790053
-915278961 -23790054
155079369 -479455349
458585167 258387568
-448285320 323092725
-357578167 170037270
421579963 618251083
-915278963 -23790055
-430834348 -220677268
-915278963 -23790052
-915278960 -23790053
587420624 444143344
570012221 -271217599
-955692510 -69346645
52549763 -363576915
-915278962 -23790054
-7508437 1378261
-915278961 -23790055
-716541660 -810413878
-145443537 3187591
-915278961 -23790052
766194316 -259492787
252494128 -201677992
183274250 175039828
-993493967 589956045
-915278963 -23790053
