50 50 0 100
-636373727 151906670
-436420422 -967929931
-946894101 -648810265
-318412226 -368156635
608567780 -787997497
40618170 966479708
-451370311 -406325088
830840722 -678655131
-89071166 -21371001
60891837 -615893965
785687617 -623669416
-513873386 -653229486
-555272924 350850129
-901712781 -32975535
-74752987 -189962470
-464347511 844254594
-767328942 -616143625
685784502 974129303
913136512 985616144
186797332 -538631998
-976589752 488880170
831388316 -274371266
-847409042 832372844
489531247 -54220046
-961675203 72834693
526430858 -872376829
-788261254 949380617
264739058 295217861
264370303 -931170105
393466763 843125399
-958245708 589355743
-680836385 910594395
-204363087 -449896418
-707371957 909439884
-771779460 -432597651
-774536179 -955057921
762994008 17137235
313125135 -134510537
-557694021 -212300346
285699699 373009337
697751946 479415933
-103495708 -449601748
-957765094 -568414750
778423540 78212690
-741308370 588423292
331517440 -857303247
997428243 -480270773
529562549 -578728901
451029570 -273096214
951231955 -152207382
