50 50 0 10
13328494 39038248
-554456314 609093086
369852928 -372339215
165892056 768625583
294273788 904888183
-494279905 -720924839
241356071 -753484597
-877352522 663261124
690942800 -852479432
426347566 -381783277
-59808929 -279431596
906503102 112199917
-109743903 -701106141
717966296 -728674526
-961309676 -630926529
-493493730 -156384307
-994399410 -307704987
-885440586 128783216
434679531 619881348
317371383 -580784454
-648182626 -785880306
684900027 -615433755
-676659638 473728756
-301782897 700822991
874095834 911564299
-670461248 -712603243
-621023674 768381321
-678202902 -728365064
-71021691 138051772
-594871518 189746212
-238771213 582513182
-970259746 -169730945
739237685 243616047
-479744891 -145373307
-706724849 358504015
493734084 595783070
474310571 404421358
-129869601 -801686124
404672952 900699449
-640378210 204007276
72262058 27084421
466523786 574288865
975693202 -84295878
313679130 240944131
488603460 -608921234
-579027440 480469937
128259302 -952643066
643313780 -120465758
672442130 256362517
260326076 188915861
