50 50 0 100
818353651 426069138
783546058 -787452456
590000951 -341867194
-660111503 -971706090
-861022666 -190425709
-524129330 242862802
-396453042 985871254
152158681 347688488
517182181 145923337
-119201923 -244725234
-424300110 345262868
522375286 -234016584
-394061788 -427361483
785883759 -790484246
112279033 -13590215
-765853352 748865096
845285606 761574901
-248470478 -247719828
374322648 -751660559
858579182 -209438481
738674337 -578710816
735336986 115933944
-293911976 311072834
-332461249 339187609
-478449208 114157789
-787637060 -678338652
966824067 -287208591
690153574 -56693986
5695153 131125988
471789311 -905317203
936982919 985089114
-195083459 -444565153
-129243529 -114470600
-924448013 148661059
-110689665 442188147
-601461855 665904263
4938099 368563260
3355188 -385054609
429064545 76956235
684902460 -997768578
-97996674 988201008
-612217081 276653950
-70224428 852163459
-334697157 556737650
-487966537 369911299
-386176985 -396168601
390624144 -529581691
97726014 -332625170
-852521630 -258852715
-867946709 350228437
