45 45 0 1
896298 896298
2583359 2583359
-6999745 -6999745
-2118958 -2118958
5463860 5463860
-708259 -708259
-252935 -252935
5789419 5789419
-7305644 -7305644
5386961 5386961
3465011 3465011
-7150610 -7150610
-3939429 -3939429
-2449949 -2449949
-2402508 -2402508
-732374 -732374
-5534164 -5534164
160636 160636
-1540208 -1540208
6549703 6549703
-1037153 -1037153
-5143616 -5143616
5640409 5640409
-5229672 -5229672
3670691 3670691
-3457642 -3457642
4558033 4558033
-160611 -160611
-1626411 -1626411
-2803514 -2803514
-8775063 -8775063
4171162 4171162
-6593378 -6593378
9679525 9679525
-2448116 -2448116
-1216581 -1216581
3811345 3811345
260326 260326
4550079 4550079
6795949 6795949
6730672 6730672
8217122 8217122
-6608561 -6608561
1123512 1123512
6406036 6406036
