5 50 0 1
-774708218 -224515921
-678483878 -509443435
512238540 -496443672
47318378 -582071369
585213517 -548867480
-154867182 -169634363
-961699571 -445427539
-835307233 -76527352
8968609 -230976663
-287790912 -982348346
489447395 228101323
515908805 -158856837
-280991788 -510699726
515908806 -158856838
589515071 206580068
688192941 274000229
582169461 -308416939
621709738 -983130218
-666125144 -750520248
174905584 307927657
-744932401 -470279225
571403792 678795340
645550150 728311283
-138537789 -732973400
138410422 376442390
211249163 -131614149
515908805 -158856838
-83723270 630954867
-921348459 660191595
959954230 659428704
-574739883 751658372
-146340011 -874476071
-971333316 447706762
-944491212 845544449
435509180 546183518
38664206 -166374278
-776742081 854869530
95354051 256513263
123835276 65873995
336056067 -745858341
810046147 -315432792
-30076486 6002864
621233231 -197009876
691995000 560779776
149427213 -545883880
-23257918 -564093744
-604057742 203215366
515908806 -158856837
-871074631 -347589669
129763391 -11423195
