10 50 10 100
-59103873 519801506
574778217 -257347879
871591982 314594865
580113028 -554527182
141279173 -373226069
-63630273 126989534
687755181 -535255856
-722788005 75050351
-392014437 872383194
130874932 -327419203
55851791 736296823
-976559671 334623097
133645186 705445658
79005040 -812603223
-952079172 543185527
576147362 890207583
877876148 953003062
-585413933 -314507247
-401450061 -856760826
-264642777 419913289
-456698507 -94536182
-96032563 -840404359
743152716 -668475427
380218244 -136632434
565594055 -481334053
-312439739 -688237932
237579711 -608772134
132127088 756989682
-177328053 -973098102
-306383962 317904687
24973727 -157028955
-86398615 691066761
135521712 838576937
-226244870 702225493
-932586251 -350596372
-397087321 -172596492
19807483 763098703
941261187 754148145
-379894680 225875809
-5273849 945526633
108294655 56085894
-72925758 -317033897
-99641769 176732096
-203083689 742310971
-720504177 250679472
107101790 734619735
266290887 -397246490
-521958204 96263171
-163589430 -947337494
436203123 -76320994
