20 50 100 100
483190023 462462363
-223295548 -524937453
24288496 521522501
-54285079 986010412
-505780066 132092103
-401977703 23426581
-164625367 321360658
972191890 -396508139
-780304233 12973493
-619982932 -172052497
942061313 356719713
-328316215 701596186
-786435196 -703417934
-842010149 830051038
672405018 118217248
-948293281 960903598
505306977 -279245767
295091350 -692675122
256073090 754677143
-882234004 -562698826
340258994 779603196
793035588 856036011
-93372729 -552268829
-203229719 -156617030
-296475247 317935952
-508165285 -765874840
146117464 346811311
917503014 -203445297
212122004 822238991
-828801766 -603568136
471328665 780624168
803843193 973702891
-912709505 -904257515
-821292499 -859420254
-229569465 -959282004
-141116994 -664558681
-641477255 -482439717
46511428 -924180959
-209803030 576327890
259610245 -211881258
-441250720 309033628
-23606590 405457063
-728880134 782044181
510875757 925448714
-839207188 982799765
-230733255 -424821230
-899945544 -446668865
141552425 -20331143
-571476948 -278646829
315292263 574303794
