10 50 1 2
0 -81422981
0 19067022
0 85572862
0 27515638
0 11030952
0 -4665899
0 -19928073
0 -99467726
0 -17213616
0 96761623
0 90817071
0 -11838531
0 44136602
0 62474238
0 -97723277
0 -32585841
0 81592939
0 79732859
0 35276759
0 -85384950
0 26270451
0 -56000155
0 82027951
0 78375105
0 87572084
0 77753926
0 71748241
0 7244834
0 -14267713
0 -22637321
0 10998782
0 71901949
0 39739428
0 -81420579
0 37271660
0 71852110
0 63775518
0 -72299109
0 -96048117
0 -84596320
0 65598567
0 69833675
0 29692123
0 65047814
0 5441798
0 48097256
0 79356296
0 53005209
0 -95360244
0 -97533827
