10 50 5 27
7367671 7367671
-2160120 -2160120
-4061035 -4061035
5179138 5179138
3632083 3632083
7646514 7646514
9768700 9768700
-7522518 -7522518
4372263 4372263
2628887 2628887
-4939555 -4939555
-9370947 -9370947
-3617098 -3617098
1725330 1725330
-6976840 -6976840
7337590 7337590
8469969 8469969
4052539 4052539
-4887472 -4887472
-372203 -372203
-3355536 -3355536
607359 607359
159415 159415
-911982 -911982
-1414344 -1414344
8241148 8241148
1995898 1995898
8276606 8276606
4857442 4857442
-9362124 -9362124
-9595305 -9595305
8699067 8699067
4410485 4410485
2505632 2505632
9760417 9760417
1888512 1888512
4853454 4853454
-7695202 -7695202
-6592589 -6592589
9563859 9563859
2755512 2755512
-4376984 -4376984
-2910023 -2910023
-1322315 -1322315
-5672764 -5672764
3794514 3794514
7176665 7176665
-4378512 -4378512
-2967942 -2967942
4140406 4140406
