5 50 9 30
-11815242 337330864
377585083 126811603
781081273 -816568132
-388763841 111087201
-156890440 -595119648
271239671 79291748
254627072 -95981268
-82199152 109079358
-237425859 72606417
-145916458 -595429243
240973902 -200372933
-177889307 742338878
-596402881 348281681
-6089057 -14465345
-186557503 -505770694
560409439 297879656
85323333 282474311
-222145237 -25927460
240973901 -200372932
761708949 302417201
115764966 605426973
21044798 68186310
227393275 112789838
60564074 -953064066
-137681063 -933773028
-722132256 -763219127
-662016390 -317610070
247177051 -371058717
723236666 -223039122
50025339 271385369
-381742065 726527926
223686894 628943856
-852539041 115274962
556309698 -205852826
311157704 19357839
240973901 -200372933
593098003 -375128905
-2364249 17381626
-726289978 140030697
-574194965 114405518
632785465 17807745
509095521 538494553
240973902 -200372932
522886431 -194289184
-260986672 450549194
16313762 -490353841
166392004 -434352389
-550611867 758989982
277791880 -66178156
-272961705 145862379
