5 350 10 100
-641589525 880076676
-121672654 -661084135
-303281013 -766577054
901023258 227622628
305250510 -255878854
-427568232 452649085
-590179876 118114651
576684483 -622624552
-272392473 539271668
806897556 102755878
-429358771 -612406389
989348968 -554441206
-88721851 -860879690
499753697 -449751970
-151892391 292150890
-660914719 495441452
-792383975 282762999
662143401 -655391597
-136746855 317100357
554577252 -234333699
986083597 -844772056
60593517 -25629438
567590987 -431265529
-935403811 645871938
29365809 938801364
-619964775 917498789
-969427182 -466707327
66232869 -116259551
-844078545 -762707783
-911357764 272557722
20528066 -533687435
-453432887 -178331188
418803002 717446986
572311312 245688499
418558163 -289596337
235363129 829682312
318876304 48200090
46832941 474559687
41283116 -979444022
658499716 458015102
-574131874 684946118
-913044790 359246207
-375490690 979482689
686980357 -49367973
-987973923 -494373770
141787150 -211617459
-553014333 -178549890
189062588 -8926973
589436375 -536450092
-142791298 279032101
-887292616 529578442
-347543539 -408736600
603909418 499078571
-504145348 629665562
492739623 -312230776
383780404 657921373
-281393004 -175982711
-201486241 -787517726
-222885611 -872884016
-734473323 604244072
651541544 -668868037
-356280113 -153405968
352799702 749950733
-362619657 -997083316
-378157983 -761016601
-630438938 409779321
867506291 105580348
903714727 193941272
110973298 160952837
157604969 229603320
693658647 -715930009
-181648570 563337730
-38423746 -928677276
-547185688 -375973704
225329402 979361717
807396943 143584246
727700623 -356117160
-232890569 159963310
807387825 -761824252
868265943 -868844016
342719387 -542219479
-490400896 22532628
90753166 736847608
187164321 687495343
-667844775 841094182
-582659492 -774730071
638357764 -3666559
-519786328 50834212
-627887753 -977882122
741901903 477013042
803859646 -144114237
952794879 351611723
396263694 722652395
572986706 -240159665
-17878133 366546171
-621560495 989854450
294977933 665745886
-479405585 484586648
-378203911 -129546758
431331823 405319974
-769919563 -19083021
985159791 -766152584
-192901146 -159691468
-357481920 -809960156
139265499 675554322
614231869 -744729346
823943718 -78501306
827854057 639498772
-421025979 132655838
342641841 -972892828
524802829 -494633795
-414778629 -465896391
-686555088 957033034
36531067 573182504
-683918186 742614698
-304884065 376092930
-59579945 652776963
396022182 366846854
557050355 500497583
537191695 54589456
-821967065 -732926141
-189082436 896636572
13553636 388099575
-317437022 95028318
-617420130 -960496804
-12476360 212926457
942839142 -142862051
-552781953 756273799
18270634 859655483
-366963392 985528324
409455526 854914939
588585512 428229353
-838908657 663713366
573838731 900661954
-276921730 -398798683
-21573304 -182720442
-837872071 -716957739
-621205436 196815419
-255946477 -836122521
-52487424 820159152
816689614 -653251305
974686873 -950659941
-878819842 -173205601
-482232038 549164923
-838097313 -758926363
701799396 -446630635
-178249928 -554046781
-259050715 977538601
580720586 414842921
-747058769 522729204
-810403099 -754880370
-472529724 -955580827
-446193220 -50196175
-900250059 -774893027
15837743 -743403905
504480984 -365995313
-847790259 -932517744
-993357510 -470436129
-653721669 905685568
262173634 -249776623
828512532 -781019339
573386676 -460313632
-490005212 488502177
-485462124 -29243427
152670004 315682743
-530244404 580091882
395913506 -970392985
-384052093 -862538467
-845905561 -903998198
-998519923 -269201258
-365184116 729807674
-424312127 -717875303
-773186987 611934996
601375019 604884972
-512091486 -877069121
845453145 855419302
-41057735 -877868886
-178429440 384868263
-217205221 159277848
-277229028 193463172
-368724973 -636896540
614679206 -348246915
-967016488 -693406110
-658999945 -872703666
393569213 -674350108
309872886 -803874611
-858003633 363095676
-870485147 150689780
-613016234 -564755063
-962392468 581768917
-346640974 860756808
719929118 -885220250
594467585 330389489
-317883928 -507997812
285019235 -395236461
585337677 746616112
368115378 -624893577
-673753390 -459399920
-643991683 -910314892
-435400740 933674455
625794167 -241176626
-928791929 -824030487
-234706481 980780858
503119720 443381271
104449932 573087839
-822955314 314136779
-544825937 118768047
625692805 759278401
588515735 77726103
662068839 -921350021
564483925 417615201
789050591 -845444413
-222028363 852183737
-62287271 -630482966
585969143 978543195
-416231497 856383503
244383926 531590470
723690836 -233168207
49357689 -587323816
-169791062 29451237
-31245762 499376157
340324351 594770365
785537958 638132343
92067277 -887224611
109924478 -573707428
-695454443 641455874
70706562 -940901026
76111516 981419646
616973051 300611899
618192573 556417981
406876498 -371178311
666616843 145540923
-726883277 388060097
-241228255 -686834228
-391512946 270852280
-176405192 661981925
-484208169 235466075
285061123 -784000839
-567297741 325773070
900475896 -745483055
12829330 -98490786
908994132 60712238
350401285 -828946762
-283528362 517340141
-806672103 463594043
246189506 -598035973
-760550914 -663349981
-379142896 99165112
547894559 -546354659
-671530014 -228182030
-255567590 -584757702
-212605532 -564711573
-419409636 -5206311
801440216 759101816
-384976005 -66614086
-260333677 41518610
-927623974 334852363
471678978 -182279364
888051 -361931391
-768779305 289897270
-14277406 335283069
-893257825 246558471
-337096173 -301760134
-765728568 780213600
-844571990 -892822522
-386656946 -653304866
-793987186 67551389
578833385 -292440747
907963283 180236806
128454770 607611277
352375907 -430072618
322883560 825160551
653742282 -975357351
-355493538 -931782603
-295871218 -776088899
228926245 -878925426
703469083 -741601625
-181982364 263227330
197818809 368431098
-494404420 -965164110
-516439734 320328668
770953666 156117354
-586331963 395435275
937529690 -309596011
520405649 -239585101
-810219487 630775329
652101235 324681468
625751878 -613174709
-608033423 -985913947
-96858766 78547096
512302198 -264038817
-225524685 581847768
-135794030 998070321
181344338 221251040
810757861 -243105973
419648640 248367497
-377141555 -788703190
-750981892 331017828
-758439772 833228779
-824850491 867631068
669240264 507738799
455150880 -291524383
180751329 518770720
378970807 172085624
-390998553 455361329
-577555338 -555277825
-914307485 780513365
862000639 -165711258
-733189936 545029056
-211556117 264191937
281073699 -122539477
-182311313 759478629
248457715 275156708
-45882407 607527695
-969682227 -66748276
-248053634 734611406
126442281 543132767
-914571627 144358853
-762033923 -746356516
78708092 -279231623
-112725218 -956150122
498387448 927300664
-397186190 636119285
-11244218 377047141
-330853009 -741152042
874730378 89574697
-670453576 189362302
-709888082 219865775
-783717260 -61539267
-603713365 -320852579
-622465945 104116916
-353661667 464734546
365700037 -470388157
37823012 256269248
-671944656 -837762625
-731578359 -580537560
-572396224 -330300487
571158027 867132793
-943654069 990643200
-741028774 -186708758
-191014695 849152435
-282040911 -849923745
-613264979 -33913306
828612020 145959026
-513216423 351259633
206673965 856197462
406158630 444823371
-56681949 270463680
-631632385 -162187699
-446334095 141589053
