5 350 100 10
-556748279 228542097
-594794592 953563417
308582544 -241133082
968590961 512048793
721785601 -65539315
-357687073 -688697522
147283670 364202550
498926414 -625656771
123351022 366766584
247157630 437534335
-985909296 -55873713
-625087049 370557478
701108290 -362313587
148114702 -338614565
-585586368 -530559356
-397293709 864972721
404672602 977411118
950285133 -552475539
241230068 -168217954
799233914 998742112
-628047700 400317308
83115042 582588022
-66959605 737051954
723654507 -288587978
-76256487 875841810
-626029410 824198861
-721105684 -193544138
-192169219 -768207723
-288779683 -618114492
-814410667 -247851425
646241363 734781217
196313531 -141653270
966416253 463691762
-24318981 -369980836
625148664 859423784
301915079 85395247
603995670 -677626307
-200394826 -887209051
-444142086 -866409850
135565419 613376937
753888067 687829276
-957300574 -991491373
413063290 -394137536
-976586198 812398146
-355291296 -173907056
-679481308 526423371
-961364974 626910088
470335431 508751239
-113532373 611615020
-343887821 -212755427
401738432 191776702
290570869 49103131
-888318571 -690406830
943814071 -407351133
-998440347 -930624539
-955239496 -664126971
375842454 230645593
752492351 793781762
-317836190 309122943
483376857 -611654362
91728460 44511545
-2262634 691203155
-190656909 81822758
651861567 936233805
-581340746 -692363922
-435907313 150456882
-438795200 102186829
-700197217 -383874551
24451105 -574817611
850944520 339020932
-955498339 82659079
645597862 299286099
-53781223 470180284
703660829 -478401140
170249017 841589057
-526510248 251950298
180764878 -735691882
-823924565 234490783
-895555242 -24512954
-296589132 370835652
-206879624 -493424429
448396948 603634565
-588447579 381246198
96537671 353733603
719753931 -554445886
845614526 -556399972
-282752711 -924063405
182705352 577191375
-775552329 -880949161
149648179 515546172
238121074 127342358
-428758498 -110101019
466211252 -455548370
-771713419 -173955755
797857946 -606453362
-641564055 751965022
-805492949 -698432808
-303582057 71198420
84817928 433970602
451701203 829282100
-640361919 -624755460
616665111 -477553581
-145967384 -763562445
429018188 -685525328
65244947 -39931516
-415183925 691217449
353014167 -441598355
321631705 -35257894
-965591724 311386842
344746655 -375810528
848500834 -548359433
-374239474 150533753
430864234 976555830
-633097142 862187045
273993938 -384031401
-605447722 6350671
633760504 -524175011
-35479140 -472414531
997046622 -141929129
460084009 205017567
953825766 666084720
-334218290 -349343438
691724682 -686372928
795113545 -840917918
-58031369 -978035210
-438511804 38263356
115383358 -439557705
931375033 619213966
241326166 5630095
-693055850 -701111661
-567369251 -71853950
-540710754 -95088159
663570051 247210819
615035897 335980423
-634643310 894550186
-203654704 743298689
406809989 893914533
575454852 160225320
-791786561 483172217
669272628 -408129579
859423334 -857843733
-775072228 -219357321
602059670 169702155
6545508 893601633
32045323 431822861
170532412 -46558627
170812742 -284811999
84918968 999534181
384943156 994957876
-436400723 -556577685
-585797154 -298118512
331479776 274689035
-28724199 -869358414
412346585 -901424604
678132217 -635476353
-13322741 -477672247
942116512 -281177277
651580604 -707278028
-190340499 191074923
571743857 85729289
910759826 583394368
-641325352 -309306805
420893516 902832914
934452469 -126797584
-214885995 623533879
760775477 837247147
358871251 -80464679
-378512593 141285697
-617833709 928713470
-504794512 -844282963
428352171 392685667
747766657 -482004881
423076144 422984363
-275923881 -44369610
875666150 -417100486
-203221412 -951268124
734607850 269020667
-911353382 420814440
540067963 336081321
632239188 550858051
-554689648 904266985
-123904239 657760559
-114592964 -57242088
887444061 -836331064
217472133 -33206297
-583393438 368714057
28320463 -826387819
74217944 -985917643
114449238 -184870537
-360004200 882721120
-587951700 -112141760
674773506 279010865
-759503193 303418680
-314598140 585702402
341422487 446771907
156994266 -377702853
-761177972 -411212388
-170740335 -890985730
43090509 162762400
413715200 -499736775
29468103 -938435542
-371909043 799833058
191090556 885471542
-280517140 405713043
412374915 -416547494
-119725223 763191956
776605342 -58898414
937020793 978713522
27177611 401529707
-343132239 412279106
-934852697 -282148335
805801833 734929618
349816306 -464169087
-905813972 665112497
928215958 719375941
916388733 -662059589
-538961814 -329797342
-466279258 545854569
910688163 -761721057
-577510703 -457695598
-311533653 165367599
-772501108 -414809267
873431659 181376894
-267607946 -627146325
209175610 766782841
356214176 287434009
728964326 -647402420
913161675 353748908
68900494 143755630
-17211690 683487513
-993023456 -119756252
-78749681 -14803306
998152253 727207231
-381463325 132923824
-108114286 618951437
-808200259 430119905
774133601 -158824715
971930948 -145596977
17277940 202227406
-861487302 668424991
502308827 124701676
165629751 617856167
48921246 936140619
-549474583 -337719546
-344159183 31492099
-995539253 241591776
-744187112 996869153
230405572 276014925
-480920545 -421802821
62314213 132853764
-395700022 748348939
89133671 444959075
380731644 645099205
510874267 710419969
163615785 702364321
-708108945 462500782
929025920 -532020722
-725536574 8559948
-64034546 -694562356
236971814 363488826
-878053452 294791358
-753957152 -526422048
-647732896 796489631
-634987546 70978441
842839642 511618591
-780029543 -839295865
230224072 104638817
533580254 138548878
457892466 23207053
364245932 -86341223
-189081905 859415257
225051633 147640741
-680287607 68741914
-169235067 -437376352
396994445 -454264408
-30348291 391520026
518910031 -340350
-469851621 854771448
-350786302 -296894281
209283182 35816024
427708666 711557230
-387506165 -570938785
111380731 313053091
376238177 -129805664
338376048 776637513
-816226070 -476279054
669851041 -925822037
-286991395 471080003
31621169 -535435345
-567717816 175551694
-337565797 685224491
-63457421 -577213707
-369301016 -298623828
-737512742 121375309
-198870937 503891628
-366825458 -411654818
171643374 -822831279
-653532440 610250610
-721967856 318810245
533351425 41877685
-993205805 -788510989
-91734677 609134951
-914400444 -869915409
281621198 -787488770
-710516598 -515160149
-509917745 875313014
900132389 699169146
799336222 127589616
261547986 499001861
442429788 293558787
850189052 725218243
844851425 222442201
-583991344 277116857
881175254 279769425
-817198905 905822708
538425373 -35432746
-956761112 -180900815
705136330 -744679482
-697011816 -21457239
-544344684 -80664899
-278793756 -391918186
981904843 248566686
271850092 510454876
507644422 -515579543
-189310246 -768497553
671638246 342536622
-574216643 -316756179
-777636684 28416214
946885045 -955615153
-553349156 -316526954
291148035 939504593
342021998 899480852
-787992424 254400075
-984192125 -905386167
-199192017 766759662
945674499 -958944215
652418669 -527689794
21464511 901733250
-220227208 397286334
330452402 -18505048
-893321731 -741111515
-383257962 -946207514
944476408 -678238393
337561204 231491889
-601641794 281815075
785791697 -448456501
273687476 432061233
-344792791 -818779529
-25859800 -747997104
-673108986 -452889378
