10 350 100 10
-570303549 -230288262
-269778103 -846097131
-932243690 -291860142
833235052 -940125766
-698669645 -781339677
518065927 400698636
223695217 743471302
-390380456 386613926
753103776 161587123
782352709 7476760
686284301 584803633
939083404 -660252574
3003725 -249211512
-339602815 -108149567
-328653661 410924585
748502942 -70262250
-206309912 651324603
-327591474 881133497
33843157 75864592
439261844 -478340083
-288469456 65611349
988811787 -409434717
-219045259 -637820166
-884632365 -646076582
-378201674 738813436
-44460568 861661637
557436016 -328885017
987887719 -500783068
-736552085 731055644
-539214756 -42514406
618245960 103469526
-769535980 556225477
-915921485 597438995
354315578 186616230
-151710793 -477368036
-878237879 895387121
332539787 483475733
-77172465 691148990
47192403 -8036614
183517514 -643513120
-505833663 -355064269
-521482963 167975887
691259766 723655627
-959425687 677169622
-744591835 -604159336
-535711656 -801732277
374489010 644356167
290401707 -264100266
-716129081 794096561
879148487 -779474950
-980725308 173448324
-448483541 529565459
-289540142 -875108670
-990341801 -541356852
-920340402 230186797
-554855358 449161584
945577029 203269809
-462150959 -220703198
-767296815 923485145
-69022636 -499970635
133100944 672482587
208767768 -701334863
-445633374 813038657
-293360077 642077355
172472549 178961510
519394244 -260847238
-546770202 209241571
153481879 -309549412
208351985 583469324
775267268 -692323419
-407660980 602852324
-114517360 -131994847
-133623600 -618099702
139667959 -470574615
594052530 595638454
-165159599 -996968268
112515653 -141918024
160318343 237112780
535814798 697367082
-229119044 478926957
645690393 868262419
867270885 -108768239
721042687 -776847828
-260811312 -517257405
491949168 -120360171
-276871891 -390586650
869333189 406507370
-450527742 348706593
-519469963 -660091285
40348749 769379145
373071416 -780058457
-871588057 -941022959
59605336 509112795
-600055511 258112785
192060344 -671873495
885471005 491478812
426303862 -615877100
4341371 -653918155
924581500 318621184
-540861848 138460422
370169845 371063153
963387557 984795364
661894895 840023766
370446025 526423471
22250824 -982522176
398063044 966347838
-18090057 -146429172
-388964350 182061100
457501193 232607500
14826613 -229043810
-196485055 453488333
443129442 3059707
-103720613 -750045120
264942967 -367474142
998576976 -62170546
120088780 -757622291
-793727708 90168789
-922498411 -469505007
216395890 92481531
794007204 -500342740
-656695285 -869921549
-235149683 -483916380
640377226 -181575533
559623885 -868445389
-656567062 689475735
590013284 -437937135
-816150019 -583374955
-653523241 381299744
-266040447 135616077
921099289 -773925617
469617136 717572277
411757441 408064614
-743865389 -963210516
-684161489 334271646
835916988 -560263018
342621336 -333630929
169471487 -823817179
204473759 830290103
550624108 -467311413
-504655618 -720124812
222114602 -159262697
703889604 -531965296
423088807 -644274748
-174087312 842089423
-431752798 -572239718
-207452569 -783227551
205360165 -795550216
14964312 -266006441
197756422 6591225
525276962 611222565
-690799162 203432062
355279640 420927958
403643200 225156785
390569859 -985846217
219375597 -723589922
-118989171 106199068
126593854 765672115
-422775541 -972314797
615125001 -156903336
-342263556 393655387
-348616827 -923825117
-368531526 998788001
516172723 -897606564
-878792706 -401405064
744010670 -351804327
233331104 -889954002
534050489 318618382
890660494 -475515919
-749226080 -84216127
333744281 -549946869
742254746 -788114972
-330103785 210113865
76495678 591446513
57258673 997686165
-857618909 -691322736
-869321797 730706731
-102555992 859654598
-4666832 751153350
690775376 348675909
-780710456 -35636519
147675633 -338297470
-33878325 -24076411
485134606 319707571
802436061 -493275964
749127797 -530132540
-252733996 924148027
322096054 855956813
613941098 -869192679
695532311 -436590835
396172838 -554163437
-536883339 611753647
-820153993 -831983446
-454277379 -371780990
-784489456 69223425
-738569299 196262930
939462504 -822894739
55404660 515461129
-295647442 -268163964
-779781235 -325356243
-741370529 -963169876
762825680 70648920
-40222458 570459575
-984233090 -278269424
161011746 836566275
-204558975 147348776
557803936 -719474621
253086420 764414595
686020743 -877784715
364200960 -550481686
-265712237 128429496
125900327 319331741
-388464726 -219594671
469227816 87853803
653903039 -585154858
-400019312 -619985067
-293690554 912494945
-808593412 -524084701
930570007 -80937288
15214346 -437335771
-90657834 645879286
-800086508 378689033
359864701 491904090
-830399054 -241893651
-922945573 -490687309
-891815573 -281600649
-483381644 677143998
803823949 193619549
-186904982 774805951
489232982 -78364561
-44190902 19372885
-830872960 626387345
-561553938 62229314
-166062241 -337925226
-812629193 805095753
962914202 -751742312
15519023 -817399030
21672537 956661622
752889388 -113766088
-739011715 105955567
-300807192 519771922
-365719762 887328096
258120565 434479802
479867365 -825130444
-366490353 91317538
589955171 452212546
-200500743 153228599
342972031 -80426143
481829768 -819982123
-194766476 222512025
605817941 -774154602
-737174115 988581664
-404742576 333015482
774074243 12028145
-304796334 947605770
267870478 397557700
-184556391 185149882
-731762583 -587918156
973499151 -994726982
591371935 916441522
418763643 855926703
-961628001 569786485
91513757 875057413
-276724918 -799064917
-496565452 973376780
45076911 204304977
-458227400 -392219822
-723627252 -14716525
-109764931 637212858
477493462 694255417
137009569 -883535853
615333753 491854680
-97776345 633344765
732901574 497799376
773567012 -875079195
17666881 -350642220
-66292384 -446347712
420557362 901667575
-482636616 -982693962
973078057 879509037
920904138 -970846430
534463636 -879825399
-321193036 -994799817
-80228659 221905477
-726717883 637139637
-66678961 28344773
493046044 -549632321
-807986697 151557566
262485323 259656753
725096241 -635388042
-659386025 845146585
-968467674 -733882745
277560119 439550227
617158155 -305464663
-572660281 -139194276
299117624 392880783
608337063 -39416343
-683807691 248157754
165500785 763576227
-24570737 19131862
351160848 692551923
-278475830 -696234827
-697347432 176306251
-187456969 977470331
-68664808 -293251066
814941328 -352716907
-237195831 223634356
87126254 -135481249
328126996 453700726
592985131 -187570785
-118208439 873103511
-918938841 -52504874
-451100093 -363914411
426313813 902964583
114385606 189039845
-585057443 889019363
852501902 -361078706
247238745 765649847
-281609036 -314484031
820206796 -303411314
-737815353 -942481146
-144402130 912705441
-637338086 -504685845
817005033 -285246707
-371348684 111112877
-377676723 -505995752
-730148562 -719114395
-858568774 -40616555
-931493635 378345668
-145556490 759391917
461021581 474149537
-61266072 -927638299
-793908525 -647454859
-851060648 294824422
-951088046 -955683312
-620794787 -653216242
622349939 -499328889
-82287549 -909559415
672515018 -120912644
202727155 -13950851
9755619 -876301891
12295368 186681054
319344159 -597517226
616395352 557769713
-895187275 756239004
688140596 788078786
-497678524 204325864
-143869905 426632486
-776121992 -977087975
-571398319 911240935
658115633 237159939
