50 350 1 3
-61864342 0
-75579206 0
-53669910 0
-9216978 0
79542971 0
46270444 0
-80322353 0
39309040 0
47982609 0
10630212 0
-26163797 0
-38127808 0
84827439 0
97563937 0
-29933867 0
-64393668 0
30235001 0
75363645 0
-88443427 0
31887281 0
-98019818 0
19615044 0
3125729 0
-15248244 0
-3410082 0
27074149 0
-95564962 0
-1630641 0
-56349119 0
-85248352 0
-57314485 0
74615715 0
-90019856 0
-51794392 0
81439662 0
-91285089 0
-16348910 0
34558077 0
99736450 0
-69653352 0
26530860 0
5561354 0
42330235 0
8692766 0
7878485 0
-63131110 0
75691448 0
93829574 0
73264706 0
33355726 0
-52681382 0
-8955603 0
-90516638 0
48471414 0
24853093 0
15441569 0
-25933592 0
-38733030 0
25281934 0
59510129 0
-81786498 0
55302883 0
-78685395 0
-37853537 0
-78743319 0
-17314948 0
-87805085 0
-92129821 0
88716355 0
19924350 0
-98807834 0
-32402173 0
-79328711 0
-17549499 0
-18945057 0
-3105000 0
75639705 0
-78705449 0
2578507 0
-99440268 0
-66451352 0
-26940881 0
93269593 0
41683068 0
-69181877 0
-32644069 0
-43214173 0
26029673 0
-42303675 0
-54498640 0
60629628 0
11813726 0
61614381 0
-4069456 0
-32161095 0
-54091258 0
16700987 0
-42990223 0
-81347296 0
-20419294 0
75220039 0
-19217783 0
68693419 0
-90481026 0
55286590 0
53259943 0
67286011 0
96916763 0
83638857 0
20467316 0
34747201 0
37875074 0
71530859 0
28004140 0
66490704 0
-12918839 0
80336558 0
30629942 0
21192903 0
-95791328 0
8033935 0
-97876843 0
75657656 0
14212749 0
-34904790 0
-31308063 0
61648277 0
20139797 0
90270336 0
-56463226 0
-69006558 0
-42548846 0
93698756 0
50497197 0
-62637595 0
1356405 0
90670490 0
-23398953 0
-78097676 0
76741863 0
-65816605 0
75856525 0
80677188 0
-69931573 0
60448498 0
-62010650 0
81732716 0
-52950537 0
-49365475 0
-54835165 0
-12113247 0
92370731 0
1838258 0
-40166891 0
-41779419 0
34793046 0
54936633 0
81810086 0
-29575369 0
19552340 0
79689380 0
-74422815 0
70842730 0
-91256284 0
36696629 0
86567588 0
-4373350 0
-54255587 0
59623289 0
-91285491 0
75862684 0
-22433130 0
-17287848 0
-64034027 0
-16001428 0
63874522 0
-92894878 0
-95820453 0
-33700036 0
-70725765 0
-67943570 0
40718223 0
93101236 0
-47194894 0
-54618818 0
-74521813 0
-99553889 0
-20580162 0
90459400 0
-3934186 0
-68737508 0
-51490673 0
-22721244 0
27730605 0
62339230 0
32784659 0
92980686 0
-64905930 0
-17209152 0
-82034906 0
-88181488 0
84071116 0
-32021019 0
-6013381 0
-65243191 0
-12067931 0
46542176 0
-51066657 0
16713851 0
58517561 0
33700513 0
-77841082 0
19360560 0
58734550 0
42040974 0
-74638836 0
-50829629 0
-45762249 0
17045818 0
-11288123 0
16448731 0
-57489562 0
8043888 0
20582109 0
-25711329 0
-87303733 0
-75246282 0
83717638 0
-1772864 0
-13214930 0
53951199 0
-54896830 0
34369682 0
-51779744 0
-9331837 0
-68236320 0
39361830 0
-89367737 0
10599283 0
49839105 0
60626237 0
29206435 0
-31864220 0
58047968 0
82528411 0
76962961 0
60987131 0
5012532 0
85592921 0
20938828 0
-46890777 0
22460197 0
-11535913 0
55975383 0
35493703 0
64052290 0
81674706 0
85945726 0
9223512 0
-38225596 0
79847364 0
86675167 0
64639278 0
-12809855 0
37343199 0
-95173506 0
-58580734 0
-28166059 0
-17312756 0
94194749 0
55233320 0
-80779459 0
-3293676 0
-90725220 0
-69737902 0
-80414264 0
-75876239 0
-1124016 0
-31481201 0
-35798698 0
-31936696 0
17778898 0
96409391 0
74793863 0
-8058230 0
-11032778 0
18740891 0
4028313 0
42161879 0
27896533 0
-53559027 0
48497432 0
79484946 0
-61672534 0
-53969927 0
-33761488 0
-97255909 0
88742583 0
-41757419 0
77082000 0
50488359 0
67458734 0
-14090647 0
-77502025 0
-23544882 0
-97252835 0
33566919 0
90826303 0
-70096319 0
-28179033 0
47138817 0
-8189509 0
61152650 0
32389551 0
72431079 0
-27154160 0
6324482 0
-69623832 0
8554597 0
97393654 0
-6501438 0
58187053 0
-89693103 0
-67566963 0
85416521 0
-94917029 0
60461842 0
89646830 0
-93560683 0
-59397426 0
66248051 0
77047537 0
-85485361 0
92852973 0
83196004 0
-41791544 0
-27289121 0
38004721 0
-31083064 0
-81466949 0
-27235269 0
-47137034 0
84438139 0
-91666204 0
-18809155 0
92567998 0
-54324070 0
47200300 0
-63789574 0
80252772 0
