10 350 1 8
12345 52404492
12345 -56657214
12345 61432426
12345 -17715915
12345 7751540
12345 -31780399
12345 36553670
12345 9280373
12345 33594894
12345 59742754
12345 -57321130
12345 -331700
12345 2525589
12345 95474008
12345 90456288
12345 19111859
12345 77180844
12345 3385155
12345 15517702
12345 -36517341
12345 27831122
12345 -99089620
12345 -3478938
12345 -70767491
12345 -857206
12345 -80810915
12345 98133795
12345 54013645
12345 8128696
12345 -59253207
12345 -71783116
12345 92196851
12345 15294316
12345 -6811174
12345 12599317
12345 -69983645
12345 -62137436
12345 -22029895
12345 22797712
12345 -83775465
12345 -5078163
12345 14746543
12345 -24281187
12345 -95485795
12345 7722195
12345 -81764789
12345 -40163698
12345 -92435875
12345 -63629117
12345 69070048
12345 69058528
12345 15769729
12345 -36918240
12345 -1646948
12345 -39945938
12345 -24537448
12345 92642826
12345 -99538149
12345 37380629
12345 39870915
12345 58049351
12345 24369834
12345 -57119344
12345 35869206
12345 74292561
12345 -96826976
12345 97496768
12345 47420494
12345 -68397420
12345 52637926
12345 -89565638
12345 -42937275
12345 70535790
12345 -55283431
12345 6680290
12345 -78621614
12345 -19771393
12345 -9062099
12345 -89820798
12345 -84727255
12345 24515513
12345 19683761
12345 26682881
12345 49549267
12345 -11913534
12345 -26294520
12345 21085623
12345 3585197
12345 -29288494
12345 94558012
12345 -62332374
12345 -85826831
12345 -24646808
12345 1144648
12345 -49293970
12345 -13826520
12345 -96215777
12345 -38881045
12345 -71873521
12345 -71387486
12345 -81890369
12345 38132547
12345 -35097766
12345 65677614
12345 -68145173
12345 -96312048
12345 77653990
12345 -70007249
12345 2213334
12345 87452552
12345 -50440475
12345 10667737
12345 -17189982
12345 -52464383
12345 49960327
12345 346810
12345 -4841764
12345 -2799417
12345 -7175740
12345 35699514
12345 63803613
12345 -59035113
12345 -45207516
12345 -86019369
12345 -17560526
12345 -35399411
12345 16312058
12345 51310618
12345 -8163464
12345 -17122629
12345 82387228
12345 21325819
12345 -25353512
12345 -38386974
12345 -61232715
12345 -73392970
12345 -12495087
12345 -66086900
12345 -61100186
12345 57015612
12345 -34050279
12345 45652143
12345 -95957654
12345 -67563808
12345 30195385
12345 7653058
12345 13599019
12345 24648493
12345 -91394959
12345 -30542302
12345 -58803381
12345 53393724
12345 -4085259
12345 -16194281
12345 -5330802
12345 44465583
12345 -52892865
12345 6253460
12345 20768116
12345 -16638590
12345 -15403228
12345 82115277
12345 82736959
12345 47636112
12345 -62660718
12345 -59648305
12345 3779528
12345 -80019036
12345 -4879997
12345 48686085
12345 3656569
12345 30904912
12345 -62936667
12345 8585337
12345 -56383860
12345 87103837
12345 60157479
12345 65000342
12345 6744571
12345 -47542465
12345 31328382
12345 82978239
12345 -4481463
12345 -61681195
12345 97088232
12345 -87810360
12345 -11754438
12345 34641886
12345 39456843
12345 37339194
12345 -51536307
12345 -41692757
12345 10846971
12345 93062454
12345 64052048
12345 -64934966
12345 6866716
12345 29511024
12345 16433657
12345 -498068
12345 4175024
12345 90777743
12345 -89457309
12345 -69117930
12345 80034891
12345 82447588
12345 -98161557
12345 33693372
12345 14594306
12345 -95468252
12345 32962502
12345 10743093
12345 -83576528
12345 45189985
12345 1547230
12345 44444203
12345 86177387
12345 -3178398
12345 67010720
12345 7882825
12345 3867098
12345 34671008
12345 44180794
12345 9020312
12345 -5470801
12345 -39369287
12345 -81273554
12345 -49351081
12345 78025117
12345 1367929
12345 -59123894
12345 -25403801
12345 37969474
12345 -52149782
12345 93727761
12345 80985973
12345 -11473940
12345 -53012992
12345 -39403034
12345 -7426448
12345 8551417
12345 19640110
12345 -75509536
12345 -46461870
12345 32657442
12345 23879730
12345 -25773195
12345 36225315
12345 99863450
12345 -12764732
12345 74964943
12345 -91197403
12345 -99268085
12345 35203436
12345 -55261845
12345 90264883
12345 99396793
12345 79006284
12345 88122882
12345 -11594388
12345 3696638
12345 -48626098
12345 5916960
12345 40170547
12345 6840762
12345 28109402
12345 -96962725
12345 68704964
12345 -78405690
12345 38491806
12345 55584927
12345 -76330019
12345 45048014
12345 34706024
12345 81112803
12345 -98800234
12345 -50185592
12345 -51848486
12345 -20850691
12345 -56066787
12345 -53636145
12345 -49011586
12345 19693031
12345 -49827193
12345 -22036846
12345 -85288874
12345 20049862
12345 -71280413
12345 -16496002
12345 69308143
12345 73722638
12345 -71050486
12345 -10342992
12345 25062846
12345 -82094308
12345 33525471
12345 15859246
12345 30529273
12345 44679330
12345 21837781
12345 -64804746
12345 -53108142
12345 -94672220
12345 -82493117
12345 -76374761
12345 -83211820
12345 26213133
12345 63297595
12345 33349441
12345 -16366008
12345 88219398
12345 46057846
12345 87267088
12345 25889833
12345 -62359754
12345 74742566
12345 -37971162
12345 -27191652
12345 -5859612
12345 10713759
12345 -90177688
12345 -78666378
12345 75790562
12345 55429738
12345 -77468600
12345 57307256
12345 -77742720
12345 729197
12345 83685843
12345 -14488868
12345 -95886264
12345 92632279
12345 22009222
12345 99470515
12345 -87519195
12345 -16661601
12345 15165109
12345 -12487376
12345 15316297
12345 23129456
12345 48593366
12345 92519164
12345 -17237091
12345 -16686317
12345 66902421
12345 75484658
12345 68886045
12345 27269898
12345 -94866722
12345 -78129111
