10 350 1 4
-68525672 54321
-33895456 54321
-14580938 54321
7150222 54321
-31959873 54321
-58708118 54321
90327574 54321
-72935663 54321
61391819 54321
3121264 54321
-61957801 54321
-89453163 54321
-95707907 54321
99165895 54321
11604336 54321
80268056 54321
-82353143 54321
-41569811 54321
51000634 54321
-74709046 54321
36379865 54321
-96778891 54321
9679840 54321
31132211 54321
77055431 54321
36829947 54321
-6769260 54321
78387111 54321
-15021962 54321
-50087259 54321
-75104076 54321
-74503345 54321
-66817254 54321
-31279075 54321
-18924103 54321
-33356066 54321
-18691679 54321
83320555 54321
-72162649 54321
87094760 54321
-73291732 54321
-31546477 54321
-85849522 54321
-37191847 54321
67478314 54321
-50541912 54321
-30313013 54321
64721367 54321
39220467 54321
84706467 54321
-86340787 54321
-6044406 54321
36552524 54321
-15922772 54321
46089619 54321
-40573349 54321
-75152882 54321
-89166870 54321
-22966425 54321
82637150 54321
-5616765 54321
84912798 54321
68185568 54321
-11270727 54321
93476968 54321
43764090 54321
59007976 54321
-56503938 54321
58435678 54321
-34191888 54321
1796675 54321
-33011629 54321
76904583 54321
64005421 54321
-16827700 54321
-99049468 54321
-83036843 54321
-1853227 54321
86681891 54321
88742579 54321
-83666233 54321
55306510 54321
-87883020 54321
-30636923 54321
54014437 54321
51492254 54321
-30959852 54321
9971277 54321
2897604 54321
77019705 54321
-39876584 54321
51170544 54321
24564327 54321
-94891615 54321
41661110 54321
-87894955 54321
99702786 54321
-52495023 54321
-84352380 54321
99007280 54321
-17712776 54321
44982247 54321
63273837 54321
-30418897 54321
68075757 54321
-79281637 54321
-1734946 54321
95855311 54321
14327301 54321
76976455 54321
-46065806 54321
48393957 54321
14160222 54321
38068136 54321
-88878682 54321
41737370 54321
55261427 54321
-23870993 54321
-78346164 54321
63062239 54321
51589932 54321
61771579 54321
-89175158 54321
44126660 54321
29395640 54321
6146817 54321
39687538 54321
68953722 54321
-74024453 54321
-39599726 54321
40274313 54321
33188500 54321
-84679735 54321
73219842 54321
-778228 54321
-60642356 54321
60302355 54321
7425087 54321
-57580892 54321
-8258500 54321
-57987306 54321
49939169 54321
552574 54321
6863712 54321
87357996 54321
-61987839 54321
71364015 54321
69818127 54321
-51310034 54321
-89078148 54321
-54593730 54321
-98486868 54321
29021837 54321
41439225 54321
38012130 54321
-76001786 54321
22407999 54321
-4139394 54321
14549040 54321
90583760 54321
74629424 54321
78819692 54321
57592051 54321
-28817346 54321
-58699272 54321
-18618358 54321
-12494809 54321
-65300554 54321
60251762 54321
-42642013 54321
-9576976 54321
16058858 54321
-53118309 54321
73649457 54321
-17479244 54321
79038441 54321
75383416 54321
18107234 54321
56897840 54321
-61473075 54321
-28245964 54321
-29314117 54321
24308877 54321
4587778 54321
94695674 54321
-10332753 54321
-90235361 54321
-26956877 54321
13387439 54321
-46600141 54321
59190790 54321
-96039006 54321
-81615200 54321
-16499329 54321
99519341 54321
210320 54321
-29983343 54321
-54647308 54321
-25871604 54321
-41798191 54321
-82349231 54321
-26371569 54321
20727876 54321
31369562 54321
94448211 54321
-42980788 54321
-2788371 54321
-77431455 54321
-98518508 54321
-32741673 54321
-65937575 54321
-55714764 54321
-1364503 54321
-72419765 54321
-48490073 54321
-95114598 54321
-92645293 54321
-77001523 54321
-44554675 54321
-72370443 54321
-78727889 54321
-44692323 54321
-62146937 54321
-92234614 54321
-9966928 54321
-73374681 54321
92459647 54321
17145882 54321
4894406 54321
80650907 54321
35070595 54321
60783952 54321
-44359430 54321
57341327 54321
8144476 54321
-35360738 54321
-47938536 54321
-70584658 54321
16517376 54321
82869106 54321
-68881704 54321
35998867 54321
-87217837 54321
86938716 54321
-76831079 54321
-41356853 54321
57390523 54321
34690672 54321
-53963646 54321
-45982994 54321
26971569 54321
-51915349 54321
-9353280 54321
70037687 54321
21274035 54321
64508898 54321
-20754803 54321
40820099 54321
-74339330 54321
-69102637 54321
16628688 54321
-64708773 54321
-86141360 54321
-16497401 54321
76451268 54321
-75962304 54321
90121935 54321
-9174939 54321
9205181 54321
-13387755 54321
31061184 54321
-94485707 54321
1397755 54321
-49595995 54321
-11562093 54321
50059482 54321
89301225 54321
-97084960 54321
46859643 54321
28339128 54321
56033416 54321
52371423 54321
-94047009 54321
1769283 54321
87206219 54321
36259672 54321
99441740 54321
-95740502 54321
-70920910 54321
-96692598 54321
28135920 54321
20346909 54321
16015685 54321
-42301173 54321
-50188955 54321
26282840 54321
-4631683 54321
-61439391 54321
11939090 54321
-44358999 54321
39851694 54321
10564768 54321
-96324880 54321
1434564 54321
-33479129 54321
78696416 54321
52207746 54321
-75478206 54321
28040585 54321
-76994104 54321
68839130 54321
-3978633 54321
-35523133 54321
-10144350 54321
-28878249 54321
-18889799 54321
22536201 54321
-73616049 54321
40856117 54321
-81615248 54321
-50195937 54321
-26485578 54321
17395162 54321
-46767636 54321
-90542516 54321
-46044727 54321
-41661942 54321
-84608786 54321
82493927 54321
-59520758 54321
25767250 54321
-74812138 54321
-32678675 54321
16499136 54321
24150538 54321
-1403626 54321
65935003 54321
48091662 54321
75477422 54321
-60437913 54321
23985913 54321
-28111132 54321
-67097187 54321
-7054448 54321
-82861526 54321
5505712 54321
-76523297 54321
-73106650 54321
-27843430 54321
25764323 54321
