10 350 5 27
1815691 -1815491
9561841 -9561641
4075568 -4075368
-3900008 3900208
6420923 -6420723
-4009830 4010030
6776191 -6775991
3058174 -3057974
-8875926 8876126
3338183 -3337983
-3210979 3211179
-7392908 7393108
2597452 -2597252
-9537614 9537814
-7438470 7438670
-2593179 2593379
-1541580 1541780
-8099456 8099656
1375062 -1374862
820304 -820104
8809072 -8808872
289452 -289252
2080058 -2079858
-9858986 9859186
7215226 -7215026
7365584 -7365384
7554867 -7554667
4705542 -4705342
-6316170 6316370
1348228 -1348028
1397539 -1397339
4090414 -4090214
4415170 -4414970
3968685 -3968485
-1169083 1169283
3087417 -3087217
7663561 -7663361
-8597848 8598048
-8384651 8384851
6024772 -6024572
-1592966 1593166
6358235 -6358035
-8326774 8326974
9265697 -9265497
-3914766 3914966
-500010 500210
-7135721 7135921
5481151 -5480951
4680512 -4680312
-6015571 6015771
4558998 -4558798
4911714 -4911514
-5789869 5790069
-2424933 2425133
-8515216 8515416
6387478 -6387278
-4550094 4550294
-3845279 3845479
6822135 -6821935
-2848453 2848653
6495742 -6495542
2395359 -2395159
9099826 -9099626
7168625 -7168425
3149282 -3149082
-9690859 9691059
-1577884 1578084
-8640518 8640718
-6984737 6984937
-7812836 7813036
-3026639 3026839
3646682 -3646482
-6854653 6854853
9378038 -9377838
-7791050 7791250
7686136 -7685936
-4502912 4503112
-9153139 9153339
-1221270 1221470
1611354 -1611154
-5880067 5880267
4238506 -4238306
-9202391 9202591
8842490 -8842290
-9725683 9725883
-2602345 2602545
-7266230 7266430
-8904933 8905133
-6311498 6311698
-538808 539008
9819358 -9819158
-7815602 7815802
-2315290 2315490
-6126687 6126887
-6950427 6950627
-9140575 9140775
-8768298 8768498
8516609 -8516409
-3700282 3700482
4830122 -4829922
-7584971 7585171
-2827436 2827636
9900886 -9900686
-8394940 8395140
1018208 -1018008
9933499 -9933299
-6831308 6831508
-1985394 1985594
5221791 -5221591
-9808468 9808668
-822835 823035
-1763357 1763557
-6172031 6172231
-8620022 8620222
8455622 -8455422
-6704733 6704933
5669040 -5668840
-4831798 4831998
7766643 -7766443
6672288 -6672088
3925563 -3925363
2579205 -2579005
1718208 -1718008
4897407 -4897207
-6411486 6411686
7821272 -7821072
-1879718 1879918
-7645448 7645648
6973893 -6973693
3609454 -3609254
-6820312 6820512
3372057 -3371857
9090820 -9090620
-9849377 9849577
-3158310 3158510
-1986154 1986354
-9996876 9997076
2096065 -2095865
5183867 -5183667
9885585 -9885385
6512748 -6512548
581594 -581394
6462913 -6462713
-4432930 4433130
-4681001 4681201
-5618741 5618941
-8711781 8711981
-2963313 2963513
583487 -583287
6416338 -6416138
6316549 -6316349
-7893282 7893482
-1957948 1958148
4791091 -4790891
-2396240 2396440
3218246 -3218046
9038789 -9038589
-7964645 7964845
8832306 -8832106
-1619359 1619559
7363437 -7363237
5363786 -5363586
9419364 -9419164
-9913145 9913345
-2268183 2268383
-6155479 6155679
-5465926 5466126
6121626 -6121426
7118096 -7117896
2558660 -2558460
899330 -899130
3034644 -3034444
-4166845 4167045
4537672 -4537472
-5675777 5675977
3418240 -3418040
-5280888 5281088
-3156867 3157067
-2279666 2279866
2830529 -2830329
272384 -272184
-6907638 6907838
-5953403 5953603
-9678198 9678398
3530746 -3530546
3671078 -3670878
-7841170 7841370
4879788 -4879588
4561937 -4561737
8766958 -8766758
4345476 -4345276
-8418926 8419126
-3092389 3092589
-8783367 8783567
7046338 -7046138
-4664176 4664376
-3213186 3213386
-4716716 4716916
2650663 -2650463
4058603 -4058403
-1313551 1313751
5791096 -5790896
1221182 -1220982
1347736 -1347536
-4588893 4589093
-302325 302525
-2191261 2191461
-3693240 3693440
-938506 938706
4271132 -4270932
2256164 -2255964
3115722 -3115522
3066234 -3066034
8642743 -8642543
1152641 -1152441
9637017 -9636817
5364070 -5363870
9058709 -9058509
-6501099 6501299
6064769 -6064569
9924832 -9924632
7696390 -7696190
-6169525 6169725
-497659 497859
5304926 -5304726
-9390931 9391131
3623563 -3623363
7810801 -7810601
1527894 -1527694
-1260820 1261020
-1117682 1117882
-6707996 6708196
-9050588 9050788
8239153 -8238953
8058663 -8058463
6532304 -6532104
5704883 -5704683
6208272 -6208072
-7382879 7383079
-8621770 8621970
-1013899 1014099
5407198 -5406998
3373428 -3373228
-8520910 8521110
-3971935 3972135
-9652294 9652494
-8170761 8170961
4309997 -4309797
4879195 -4878995
2340091 -2339891
-7638442 7638642
8258399 -8258199
1784993 -1784793
352822 -352622
3287689 -3287489
-2460138 2460338
7273723 -7273523
-1361106 1361306
-2785630 2785830
-7269912 7270112
-6945359 6945559
-575392 575592
-3394790 3394990
8859649 -8859449
-1065945 1066145
-5057999 5058199
1728266 -1728066
-3912806 3913006
229014 -228814
6967030 -6966830
9482575 -9482375
186540 -186340
-1238665 1238865
5325159 -5324959
-751439 751639
9934375 -9934175
5546674 -5546474
1607727 -1607527
-4110649 4110849
-4979934 4980134
4994658 -4994458
9804714 -9804514
6745873 -6745673
8475474 -8475274
700432 -700232
6871163 -6870963
-7905001 7905201
-1013646 1013846
-778620 778820
-3534145 3534345
-1094079 1094279
-1002951 1003151
7844673 -7844473
7892051 -7891851
-8842514 8842714
-7701278 7701478
-3813430 3813630
1635323 -1635123
5381205 -5381005
-3450942 3451142
-7229207 7229407
-458704 458904
9348946 -9348746
-2466854 2467054
-899367 899567
8385718 -8385518
-8961102 8961302
5418686 -5418486
161323 -161123
-4295993 4296193
-6562973 6563173
-8975839 8976039
-850421 850621
-6914735 6914935
-1673401 1673601
1871236 -1871036
-4458932 4459132
-4006577 4006777
-8036378 8036578
-774058 774258
8310282 -8310082
-240071 240271
4303699 -4303499
7605835 -7605635
-9094394 9094594
3180049 -3179849
9241968 -9241768
-6685447 6685647
-8089621 8089821
9068643 -9068443
7047798 -7047598
-8415959 8416159
2514273 -2514073
3799966 -3799766
2477308 -2477108
7209474 -7209274
1207960 -1207760
-3216602 3216802
-6465201 6465401
-9868667 9868867
-2274178 2274378
6931508 -6931308
-4155900 4156100
-8710463 8710663
-8401086 8401286
5919883 -5919683
7415099 -7414899
-204970 205170
-141689 141889
-2228738 2228938
