40 350 9 30
-412083280 242064920
902348636 -369866944
708122296 156582389
-167461299 647933311
-839552159 991814714
-160400762 96369465
572721562 354861873
149303599 -961626421
-462790744 733597878
94548611 -452695863
-955342816 -9681600
510360708 -448014998
-958268436 -611063395
1772566 1622104
196395867 520124390
49570243 784366613
-163192329 959850034
-544701024 -162266568
959251080 -427101480
-167461300 647933314
831199602 899963819
626708442 -686768298
62581993 638878313
-179113022 160935840
-821650802 -901449559
-133562313 108146973
587819675 -986537621
-931732795 777795619
632909957 832398832
689615319 -25405176
-308082605 -318309913
-389906682 -93376597
-167461300 647933309
461110558 -37763731
-167461297 647933311
692677852 -352045611
-42981281 615334854
223842152 -395613569
-656295829 346774296
432534657 278581117
-139158653 181813081
756076451 33921974
128361898 159377485
30311071 -424349918
-647510467 8657044
973017182 58642292
-284977427 883487404
218249042 135565604
-153689025 125211141
446422470 805944721
-308231987 -469453224
304393172 559906376
406603866 397241431
-368160290 -376882532
432663197 -257755402
-167461301 647933313
-232716316 -659506264
761753931 -516188606
-167461297 647933310
153979840 401844126
911286774 -420519219
-913686854 887447470
446863654 310350360
665780303 318745649
-711974531 348152641
-324007014 843223020
703951457 -488032397
-369908640 563428756
-167461298 647933313
-736182273 563678584
-300510951 -485489692
-167461297 647933314
823189711 -52360184
-578264599 65502695
-655348088 102101933
-787192614 -48516252
666141534 -579641169
177447668 -59920250
-167461301 647933312
174825939 -250446775
372590301 415968533
-17078645 32785679
241387618 -371106190
912176514 206028942
-167461297 647933309
461581907 644566960
32786372 84377402
-475950783 -540499782
713319030 -368726188
494759957 860517613
-904234446 -42795186
-167461298 647933312
931259576 131446006
-392264736 403334424
155524356 889081627
220549895 -467146341
170050898 489780066
936862798 522295898
230526663 99500628
177788931 -157194258
-250039042 413804604
-167461302 647933310
-150679014 255693249
-248263762 -666446227
783350634 413157554
-167461301 647933311
-767505700 -829460524
-566911952 -364256844
-972357404 291874225
-203576388 -66194807
-506399661 299422251
232636630 -752740182
-149203212 -785752343
46954066 879630345
495207114 -802472048
638233559 130431132
148271329 -39874312
-604615876 -478352822
-167461302 647933314
-937675218 10211846
954928199 -434824303
-29153253 -94023348
-342310146 454792040
756529903 302893236
-476059786 -933809077
-444222034 -71611714
870333609 890340752
-676029850 314190859
-252655767 -766225078
549708772 -279040952
751717621 723710511
82804887 -10284662
892205266 923707575
685155896 -778292017
-167461302 647933309
-116369329 93766537
134278396 150285043
-655497704 509103025
-796295408 -652715996
-167461299 647933310
247641186 539402292
496195046 -543780725
641145446 43786488
-917558902 34729046
-815272418 -345352737
591900910 835044821
484739367 84913465
-111076707 87394773
-167461300 647933313
-252735513 664912198
-167461299 647933314
73090849 -38795000
369853648 362521902
-958089642 -165938870
-384170172 -816467946
519228802 -9188005
-140827139 417275581
-481910736 -52576178
-333798828 699898483
460338845 724364899
-56772613 301935373
-886460911 388916344
-265018264 -461510476
-856245737 -586429328
-167461299 647933309
-153479694 -530142994
-781696774 -502597784
331774413 102058910
733083250 131674509
361648531 179348869
714068896 858709245
-535921389 -393056400
-208254530 -155295934
-255044623 -530174330
732995918 149222749
446259039 834957627
-167461300 647933312
192186150 308578784
-168540147 777778794
931285535 -120644647
169898483 -906779629
-679141641 229986512
546144117 -512064445
-449493168 78630345
919387392 -598477099
49755555 -505784216
-103922644 393015624
-998851008 578959457
-456395717 23374359
722208935 -495879991
-87223601 -721964449
-671277198 800235542
-198729525 -695601423
340306034 441202132
903762977 -183063837
883938023 -267811209
645128670 414481593
-833080478 421434279
-465024180 664423179
-273810440 -691123533
25591796 -936826257
-82496195 -72773875
-440124618 -631352003
378051182 -933717946
288824824 980220854
-9369721 -25141007
219141416 236156838
782104924 -592941206
-630450479 -548155300
-655870933 231376615
-167461300 647933311
-516854146 163787978
100241930 804400430
-167461297 647933313
236047964 -430038879
84267910 70065019
686969221 64232743
383163211 -451522407
173155544 983175388
721337652 -778863350
-433397894 -850510717
82577914 854022619
215617645 350587462
-139442 216632
-68992489 -146921810
-923519968 -494687513
250104018 -998439718
-747821777 136462784
457670783 95853819
-427973282 450314451
466029359 253259759
863179712 991376390
-975176912 -330271912
266427690 507759218
-799616917 260426055
562548851 789972610
-387131967 -6811293
-167461298 647933311
-167461297 647933312
13725143 11152586
-469277924 342084316
-245268766 -226195633
-722771180 -928359597
-982638622 -969484023
-532485786 541355038
-267561911 918955231
-121434291 522460531
308603518 725240817
-706654952 -605935450
-529345920 447224152
-167461301 647933310
404138513 290469945
388619287 -628125003
280867317 -568953997
-451474667 457504947
242107204 -430322907
288119620 -167092349
-260377751 59324861
-332594019 600341150
582450774 222719176
225516721 -404320764
-562776164 11275433
-167461302 647933313
-437691500 -794436217
-167461301 647933314
-636287914 -543484385
-167461298 647933310
-558816105 880463581
-12481388 -114860716
-555307536 327268970
-195781363 -599260701
-356529461 384631081
901064894 -773457076
50812242 546461370
221644310 -701442767
588048888 669847399
-740707161 928909512
-356095074 47247181
444845511 438532837
-147237001 -384343770
112203456 -665766938
534128698 159798953
-167461301 647933309
-167461298 647933314
306754729 100295011
-789303587 -173432162
998304602 233855105
61755150 -38855474
-152512828 54702307
540554269 678248216
-550569179 47508835
-605791015 -220959854
459858572 -395521487
-167461302 647933312
315121527 -249869038
-921084688 165737341
-167461298 647933309
-316543717 -706014488
425612878 424468821
-167461299 647933313
-270161800 983732294
-218447303 -579577688
-283542708 99903629
740158564 251496867
476278936 893090597
213623800 802344048
19775801 -498228071
-612716163 -821871997
-70147657 668651417
-825313700 -265791459
233076103 -463477573
19922647 -310021504
805206848 -728787893
-5131502 113929591
-85260369 -105710155
-614356402 -478750785
-658654894 535857293
157043531 -234215343
414796076 -939139753
680882355 367615954
743648268 -296013971
373091894 506629790
-167461302 647933311
-42694152 -448714258
747758197 219851374
814282735 -777818862
680861884 712389587
-167461299 647933312
-924902682 -243647291
-993835056 203655085
181487390 -53912094
721665664 507841626
-125991102 -950577065
-415708335 973969321
-431145398 667853399
423753450 540881703
817304898 13784326
778871302 -608607045
983634147 153460367
69289996 -760074470
509023120 -769662346
-848733434 -256265882
-80617216 59163510
99203067 870230444
-556942335 -226547030
-652841148 -885205285
836423484 -344262650
555038397 650031059
-167461300 647933310
247447184 134978604
